3.226436865446974389e-01,5.909456856643512390e-01,-3.213110276354344541e-01,2.169981269889237688e-02,-6.447479819931913880e-01,-5.285082822134481439e-01
3.225942651630249736e-01,5.910666320134676521e-01,-3.211134045937968362e-01,2.168529670224737110e-02,-6.448352837702692186e-01,-5.284461165452695175e-01
3.225449055908007345e-01,5.911837130847722444e-01,-3.209230012353757044e-01,2.167392495243505510e-02,-6.449105361024906058e-01,-5.283885164298276482e-01
3.224955820809985441e-01,5.912996868433557651e-01,-3.207346674656988417e-01,2.166338016778697126e-02,-6.449822940987219866e-01,-5.283322438075890304e-01
3.224462827641724205e-01,5.914153470945132662e-01,-3.205469194784718034e-01,2.165300906437557169e-02,-6.450530299605036211e-01,-5.282763669080092761e-01
3.223970009598164932e-01,5.915309222717015647e-01,-3.203593292782882518e-01,2.164263447769123813e-02,-6.451234620806582942e-01,-5.282206174344051819e-01
3.223477323539360451e-01,5.916464780794841172e-01,-3.201717730270326467e-01,2.163221396636183860e-02,-6.451938021606176132e-01,-5.281649177574204712e-01
3.222984739548893640e-01,5.917620334023083739e-01,-3.199842145858334819e-01,2.162174205763931628e-02,-6.452641147347942807e-01,-5.281092449323712135e-01
3.222492236230072860e-01,5.918775936663873694e-01,-3.197966431628547213e-01,2.161122251414294287e-02,-6.453344210171485518e-01,-5.280535916383048978e-01
3.221999798122215375e-01,5.919931604377053347e-01,-3.196090553395611322e-01,2.160066066874410592e-02,-6.454047290457859409e-01,-5.279979550016130618e-01
3.221507414034572303e-01,5.921087341799806669e-01,-3.194214498799744506e-01,2.159006145784123434e-02,-6.454750425442117301e-01,-5.279423334185668892e-01
3.221015075894247959e-01,5.922243150449292282e-01,-3.192338262238642588e-01,2.157942904203299234e-02,-6.455453636080256130e-01,-5.278867256726488266e-01
3.220522777907541268e-01,5.923399030980321944e-01,-3.190461840417792017e-01,2.156876683704560954e-02,-6.456156935820041021e-01,-5.278311306945541181e-01
3.220030515950680905e-01,5.924554983810569331e-01,-3.188585231007562415e-01,2.155807763381007575e-02,-6.456860333852282308e-01,-5.277755475062940738e-01
3.219538287119898534e-01,5.925711009291307896e-01,-3.186708432193321450e-01,2.154736371731480818e-02,-6.457563836609953034e-01,-5.277199752103687302e-01
3.219046089393175492e-01,5.926867107750694030e-01,-3.184831442496798282e-01,2.153662696493180428e-02,-6.458267448619070539e-01,-5.276644129854353160e-01
3.218553921389722405e-01,5.928023279498038089e-01,-3.182954260694644266e-01,2.152586892783720993e-02,-6.458971173035196189e-01,-5.276088600872103074e-01
3.218061782188979536e-01,5.929179524827387082e-01,-3.181076885756792261e-01,2.151509089386395568e-02,-6.459675012039511888e-01,-5.275533158450708138e-01
3.217569671196052195e-01,5.930335844010404811e-01,-3.179199316819095733e-01,2.150429393688464696e-02,-6.460378967096357394e-01,-5.274977796582326350e-01
3.217077588048631309e-01,5.931492237300455272e-01,-3.177321553144518140e-01,2.149347895717801729e-02,-6.461083039169227549e-01,-5.274422509910376977e-01
3.216585532545512272e-01,5.932648704929851524e-01,-3.175443594105432088e-01,2.148264671262848508e-02,-6.461787228858887344e-01,-5.273867293683904833e-01
3.216093504593477981e-01,5.933805247111164638e-01,-3.173565439164123814e-01,2.147179784292952559e-02,-6.462491536512404711e-01,-5.273312143696102794e-01
3.215601504171888836e-01,5.934961864038819090e-01,-3.171687087856534526e-01,2.146093289053185860e-02,-6.463195962303528441e-01,-5.272757056225836347e-01
3.215109531305230806e-01,5.936118555889786652e-01,-3.169808539781577839e-01,2.145005231619689576e-02,-6.463900506286194281e-01,-5.272202027992906048e-01
3.214617586048093001e-01,5.937275322823272194e-01,-3.167929794594110393e-01,2.143915651362335306e-02,-6.464605168429522486e-01,-5.271647056125801090e-01
3.214125668470623198e-01,5.938432164986845452e-01,-3.166050851988014281e-01,2.142824581949745455e-02,-6.465309948661651651e-01,-5.271092138102416724e-01
3.213633778646198258e-01,5.939589082512253260e-01,-3.164171711700153877e-01,2.141732052179756707e-02,-6.466014846873421318e-01,-5.270537271706852156e-01
3.213141916651827690e-01,5.940746075521716740e-01,-3.162292373495015907e-01,2.140638086874393706e-02,-6.466719862946771480e-01,-5.269982455008107580e-01
3.212650082556358644e-01,5.941903144126888803e-01,-3.160412837164990885e-01,2.139542707247953091e-02,-6.467424996758184275e-01,-5.269427686308673087e-01
3.212158276423614511e-01,5.943060288429127258e-01,-3.158533102527422698e-01,2.138445931634957650e-02,-6.468130248182595299e-01,-5.268872964127722103e-01
3.211666498309847517e-01,5.944217508520420745e-01,-3.156653169421870242e-01,2.137347775852567119e-02,-6.468835617096170276e-01,-5.268318287172696346e-01
3.211174748263172507e-01,5.945374804487740805e-01,-3.154773037700733251e-01,2.136248253552134463e-02,-6.469541103390344938e-01,-5.267763654318416977e-01
3.210683026323834510e-01,5.946532176410290749e-01,-3.152892707233714287e-01,2.135147376557207377e-02,-6.470246706961260141e-01,-5.267209064586301226e-01
3.210191332520577201e-01,5.947689624361552907e-01,-3.151012177903611544e-01,2.134045155001367683e-02,-6.470952427715233046e-01,-5.266654517115141321e-01
3.209699666879075042e-01,5.948847148411201546e-01,-3.149131449601703103e-01,2.132941597783870671e-02,-6.471658265571209601e-01,-5.266100011168407535e-01
3.209208029414858943e-01,5.950004748623223261e-01,-3.147250522231428427e-01,2.131836712550247773e-02,-6.472364220454249750e-01,-5.265545546098003848e-01
3.208716420137468495e-01,5.951162425059239869e-01,-3.145369395701739235e-01,2.130730505926136178e-02,-6.473070292302496309e-01,-5.264991121345746761e-01
3.208224839048552934e-01,5.952320177775838328e-01,-3.143488069931935636e-01,2.129622983621963159e-02,-6.473776481057847976e-01,-5.264436736419522145e-01
3.207733286146908780e-01,5.953478006828774038e-01,-3.141606544843352222e-01,2.128514150655800782e-02,-6.474482786676041268e-01,-5.263882390898364516e-01
3.207241761425312920e-01,5.954635912269711229e-01,-3.139724820365640268e-01,2.127404011357647562e-02,-6.475189209115264077e-01,-5.263328084420162423e-01
3.206750264869126510e-01,5.955793894147788370e-01,-3.137842896433837847e-01,2.126292569396336443e-02,-6.475895748339633995e-01,-5.262773816660962778e-01
3.206258796464642735e-01,5.956951952512221649e-01,-3.135960772982850919e-01,2.125179828084260147e-02,-6.476602404324457440e-01,-5.262219587352463535e-01
3.205767356190316608e-01,5.958110087408076128e-01,-3.134078449955983725e-01,2.124065790183948810e-02,-6.477309177043192312e-01,-5.261665396251540283e-01
3.205275944022791257e-01,5.959268298880840975e-01,-3.132195927295872706e-01,2.122950458116254838e-02,-6.478016066479692636e-01,-5.261111243149262373e-01
3.204784559937221555e-01,5.960426586973431862e-01,-3.130313204950173067e-01,2.121833834011318740e-02,-6.478723072617383894e-01,-5.260557127878147110e-01
3.204293203905869691e-01,5.961584951727827431e-01,-3.128430282868437384e-01,2.120715919713651865e-02,-6.479430195444083607e-01,-5.260003050285569914e-01
3.203801875898606433e-01,5.962743393187021068e-01,-3.126547160998478514e-01,2.119596716798668665e-02,-6.480137434957078391e-01,-5.259449010239618527e-01
3.203310575882937772e-01,5.963901911390843136e-01,-3.124663839294284373e-01,2.118476226616946428e-02,-6.480844791148858697e-01,-5.258895007631838592e-01
3.202819303824974706e-01,5.965060506378393468e-01,-3.122780317711231213e-01,2.117354450353786319e-02,-6.481552264014720510e-01,-5.258341042367329354e-01
3.202328059690240925e-01,5.966219178189982042e-01,-3.120896596202482609e-01,2.116231389041221475e-02,-6.482259853557533757e-01,-5.257787114367172832e-01
3.201836843441773217e-01,5.967377926864548821e-01,-3.119012674723894429e-01,2.115107043545410431e-02,-6.482967559779845290e-01,-5.257233223558375190e-01
3.201345655042487914e-01,5.968536752439510540e-01,-3.117128553234285171e-01,2.113981414631149400e-02,-6.483675382682100308e-01,-5.256679369891936737e-01
3.200854494453467813e-01,5.969695654952862363e-01,-3.115244231691356447e-01,2.112854502947210042e-02,-6.484383322269997585e-01,-5.256125553314483501e-01
3.200363361636608950e-01,5.970854634441982167e-01,-3.113359710054067198e-01,2.111726309076670041e-02,-6.485091378548631935e-01,-5.255571773793853430e-01
3.199872256546917315e-01,5.972013690944921738e-01,-3.111474988280423792e-01,2.110596833352690327e-02,-6.485799551529235485e-01,-5.255018031276057489e-01
3.199381179148277354e-01,5.973172824496124633e-01,-3.109590066334730341e-01,2.109466076330345288e-02,-6.486507841211026637e-01,-5.254464325756527110e-01
3.198890129401140703e-01,5.974332035135719865e-01,-3.107704944170723849e-01,2.108334038391542278e-02,-6.487216247613757369e-01,-5.253910657214325708e-01
3.198399107261059027e-01,5.975491322898095481e-01,-3.105819621753332371e-01,2.107200719759528759e-02,-6.487924770741051450e-01,-5.253357025629130650e-01
3.197908112683205961e-01,5.976650687819881069e-01,-3.103934099043330619e-01,2.106066120593186319e-02,-6.488633410604564000e-01,-5.252803430978935095e-01
3.197417145629366519e-01,5.977810129937545236e-01,-3.102048376001258490e-01,2.104930241232697702e-02,-6.489342167215514934e-01,-5.252249873271195302e-01
3.196926206054285791e-01,5.978969649286456356e-01,-3.100162452590233264e-01,2.103793081784424007e-02,-6.490051040583647568e-01,-5.251696352490772268e-01
3.196435293914717257e-01,5.980129245903194057e-01,-3.098276328770975252e-01,2.102654642380726024e-02,-6.490760030722919627e-01,-5.251142868636963223e-01
3.195944409167744138e-01,5.981288919822760342e-01,-3.096390004507134086e-01,2.101514923156239806e-02,-6.491469137642810194e-01,-5.250589421712534843e-01
3.195453551769817935e-01,5.982448671081046498e-01,-3.094503479760724596e-01,2.100373924208819021e-02,-6.492178361356331084e-01,-5.250036011718605122e-01
3.194962721677090944e-01,5.983608499715149520e-01,-3.092616754491577247e-01,2.099231645589991549e-02,-6.492887701880504236e-01,-5.249482638659586087e-01
3.194471918845336322e-01,5.984768405759173238e-01,-3.090729828665091938e-01,2.098088087365119342e-02,-6.493597159223811754e-01,-5.248929302539001585e-01
3.193981143228393216e-01,5.985928389249470793e-01,-3.088842702242647342e-01,2.096943249498545506e-02,-6.494306733402204213e-01,-5.248376003358666830e-01
3.193490394786683284e-01,5.987088450221265123e-01,-3.086955375187213635e-01,2.095797132172108612e-02,-6.495016424427456636e-01,-5.247822741140173441e-01
3.192999673472770583e-01,5.988248588710385345e-01,-3.085067847461213653e-01,2.094649735301713778e-02,-6.495726232314812387e-01,-5.247269515882685420e-01
3.192508979243474654e-01,5.989408804751923387e-01,-3.083180119028202659e-01,2.093501058929643499e-02,-6.496436157076418416e-01,-5.246716327601366192e-01
3.192018312051394524e-01,5.990569098381680613e-01,-3.081292189850641794e-01,2.092351102966319085e-02,-6.497146198727892230e-01,-5.246163176296319008e-01
3.191527671856131398e-01,5.991729469635587169e-01,-3.079404059890299417e-01,2.091199867521976660e-02,-6.497856357283920969e-01,-5.245610061994062656e-01
3.191037058608623411e-01,5.992889918548557349e-01,-3.077515729111475751e-01,2.090047352446730566e-02,-6.498566632757737382e-01,-5.245056984692807456e-01
3.190546472269683020e-01,5.994050445156198226e-01,-3.075627197476377694e-01,2.088893557896483871e-02,-6.499277025163427979e-01,-5.244503944421750052e-01
3.190055912788778980e-01,5.995211049493567312e-01,-3.073738464949228866e-01,2.087738483654043298e-02,-6.499987534514755083e-01,-5.243950941178262548e-01
3.189565380121696658e-01,5.996371731596189525e-01,-3.071849531492801821e-01,2.086582129709005709e-02,-6.500698160826432481e-01,-5.243397974975836373e-01
3.189074874226268119e-01,5.997532491499549812e-01,-3.069960397069809721e-01,2.085424496112711634e-02,-6.501408904112732090e-01,-5.242845045837678519e-01
3.188584395056938692e-01,5.998693329240840644e-01,-3.068071061640033070e-01,2.084265582788093901e-02,-6.502119764393757828e-01,-5.242292153775616192e-01
3.188093942567871708e-01,5.999854244852595997e-01,-3.066181525172057554e-01,2.083105389683795328e-02,-6.502830741675037496e-01,-5.241739298803101965e-01
3.187603516713114482e-01,6.001015238371879557e-01,-3.064291787625916252e-01,2.081943916714544540e-02,-6.503541835976505148e-01,-5.241186480929310720e-01
3.187113117448872046e-01,6.002176309834291734e-01,-3.062401848964265150e-01,2.080781163868545072e-02,-6.504253047313125480e-01,-5.240633700174223142e-01
3.186622744730371326e-01,6.003337459274670218e-01,-3.060511709151252369e-01,2.079617131110535200e-02,-6.504964375697618317e-01,-5.240080956552539693e-01
3.186132398512163122e-01,6.004498686729330403e-01,-3.058621368148305986e-01,2.078451818374478510e-02,-6.505675821147501869e-01,-5.239528250075606852e-01
3.185642078747589756e-01,6.005659992232805777e-01,-3.056730825920346284e-01,2.077285225557529841e-02,-6.506387383674792080e-01,-5.238975580758451489e-01
3.185151785393088297e-01,6.006821375821328468e-01,-3.054840082428836312e-01,2.076117352648717065e-02,-6.507099063296470920e-01,-5.238422948622890596e-01
3.184661518402112645e-01,6.007982837529488584e-01,-3.052949137638560351e-01,2.074948199553729514e-02,-6.507810860024603183e-01,-5.237870353677229751e-01
3.184171277729715421e-01,6.009144377393810244e-01,-3.051057991510546241e-01,2.073777766217282589e-02,-6.508522773877285506e-01,-5.237317795936435871e-01
3.183681063333456684e-01,6.010305995448069760e-01,-3.049166644010820049e-01,2.072606052674506871e-02,-6.509234804863461843e-01,-5.236765275430519395e-01
3.183190875166279077e-01,6.011467691731011698e-01,-3.047275095096401154e-01,2.071433058787484557e-02,-6.509946953008340920e-01,-5.236212792161665242e-01
3.182700713180935947e-01,6.012629466276449008e-01,-3.045383344733626485e-01,2.070258784444832176e-02,-6.510659218321824815e-01,-5.235660346144023203e-01
3.182210577335033430e-01,6.013791319120109780e-01,-3.043491392884813407e-01,2.069083229674859720e-02,-6.511371600819011451e-01,-5.235107937401232148e-01
3.181720467583584733e-01,6.014953250297099263e-01,-3.041599239513736452e-01,2.067906394424004826e-02,-6.512084100513177987e-01,-5.234555565950534950e-01
3.181230383877640122e-01,6.016115259843289875e-01,-3.039706884582979995e-01,2.066728278514193620e-02,-6.512796717420867854e-01,-5.234003231796238165e-01
3.180740326176434429e-01,6.017277347794481868e-01,-3.037814328054649349e-01,2.065548882022736135e-02,-6.513509451556999119e-01,-5.233450934967830426e-01
3.180250294433263902e-01,6.018439514186778583e-01,-3.035921569890756011e-01,2.064368204837983833e-02,-6.514222302938326159e-01,-5.232898675478041550e-01
3.179760288601140572e-01,6.019601759055523971e-01,-3.034028610054755326e-01,2.063186246846088201e-02,-6.514935271579270770e-01,-5.232346453336799152e-01
3.179270308633605491e-01,6.020764082436265152e-01,-3.032135448509680198e-01,2.062003007951225889e-02,-6.515648357494819853e-01,-5.231794268555085559e-01
3.178780354489179061e-01,6.021926484364119592e-01,-3.030242085218988746e-01,2.060818488213056812e-02,-6.516361560697746524e-01,-5.231242121162830161e-01
3.178290426120404244e-01,6.023088964875216167e-01,-3.028348520144768519e-01,2.059632687491389294e-02,-6.517074881204738546e-01,-5.230690011171764686e-01
3.177800523482105510e-01,6.024251524005691527e-01,-3.026454753248832286e-01,2.058445605729892700e-02,-6.517788319032397082e-01,-5.230137938595424973e-01
3.177310646529387106e-01,6.025414161791061707e-01,-3.024560784494206844e-01,2.057257242876164502e-02,-6.518501874195117285e-01,-5.229585903453645157e-01
3.176820795216145354e-01,6.026576878267232429e-01,-3.022666613843208450e-01,2.056067598847293593e-02,-6.519215546708866382e-01,-5.229033905756962364e-01
3.176330969496747314e-01,6.027739673469584281e-01,-3.020772241259244151e-01,2.054876673561285838e-02,-6.519929336587529933e-01,-5.228481945526971542e-01
3.175841169325219204e-01,6.028902547433429016e-01,-3.018877666705725993e-01,2.053684466949990892e-02,-6.520643243845182235e-01,-5.227930022771867247e-01
3.175351394657242587e-01,6.030065500195394002e-01,-3.016982890143564133e-01,2.052490978971341709e-02,-6.521357268499482496e-01,-5.227378137513480905e-01
3.174861645449495451e-01,6.031228531791650305e-01,-3.015087911534474197e-01,2.051296209615267874e-02,-6.522071410566292471e-01,-5.226826289775931000e-01
3.174371921652641704e-01,6.032391642257778352e-01,-3.013192730841709466e-01,2.050100158699465908e-02,-6.522785670060881058e-01,-5.226274479561749953e-01
3.173882223224859245e-01,6.033554831628408222e-01,-3.011297348029699505e-01,2.048902826280427428e-02,-6.523500046994242796e-01,-5.225722706899273984e-01
3.173392550118727118e-01,6.034718099941107639e-01,-3.009401763057868440e-01,2.047704212216048744e-02,-6.524214541387314270e-01,-5.225170971798022146e-01
3.172902902289544413e-01,6.035881447231172814e-01,-3.007505975889654959e-01,2.046504316468344617e-02,-6.524929153253503644e-01,-5.224619274276146585e-01
3.172413279692126165e-01,6.037044873534626044e-01,-3.005609986487177143e-01,2.045303138978216834e-02,-6.525643882608588298e-01,-5.224067614351263211e-01
3.171923682279165768e-01,6.038208378887164329e-01,-3.003713794813385740e-01,2.044100679620266398e-02,-6.526358729467488518e-01,-5.223515992035985267e-01
3.171434110007943508e-01,6.039371963324542403e-01,-3.001817400830719684e-01,2.042896938416189842e-02,-6.527073693844676061e-01,-5.222964407355396022e-01
3.170944562831392033e-01,6.040535626883561937e-01,-2.999920804499998650e-01,2.041691915244667199e-02,-6.527788775758456286e-01,-5.222412860316969496e-01
3.170455040704013849e-01,6.041699369599180525e-01,-2.998024005785409063e-01,2.040485610044249706e-02,-6.528503975221132682e-01,-5.221861350940044666e-01
3.169965543580616218e-01,6.042863191507679144e-01,-2.996127004648662662e-01,2.039278022750295669e-02,-6.529219292248915618e-01,-5.221309879243123397e-01
3.169476071413565577e-01,6.044027092645217758e-01,-2.994229801051790929e-01,2.038069153239523493e-02,-6.529934726858447336e-01,-5.220758445233566469e-01
3.166480273937163359e-01,6.117518115025487591e-01,-2.857819649054190725e-01,1.259516834416016945e-02,-6.757650587370990225e-01,-5.153453911149524780e-01
3.166020361301807862e-01,6.118760185644640526e-01,-2.855766910947905579e-01,1.264252307657402069e-02,-6.758483167545411563e-01,-5.152316376639084483e-01
3.165559104308440785e-01,6.119961336263406437e-01,-2.853791363519543878e-01,1.268416860222959172e-02,-6.759201586487904034e-01,-5.151288257770221257e-01
3.165095217703216557e-01,6.121149010725002171e-01,-2.851842000795197229e-01,1.271909451071330001e-02,-6.759889017537077383e-01,-5.150330659772905939e-01
3.164628370717056383e-01,6.122331405295645679e-01,-2.849903417321912324e-01,1.274772047939512314e-02,-6.760569921866739218e-01,-5.149427457308957123e-01
3.164158569537157684e-01,6.123511082193102695e-01,-2.847970667326060190e-01,1.277077576031795773e-02,-6.761251485488245505e-01,-5.148569729174891085e-01
3.163685952473327956e-01,6.124688941182182544e-01,-2.846041920476446441e-01,1.278899002031368484e-02,-6.761935756421114663e-01,-5.147751159093911788e-01
3.163210713640365879e-01,6.125865379582436931e-01,-2.844116310053234620e-01,1.280301762121489710e-02,-6.762623220998817963e-01,-5.146966639890950823e-01
3.162733069526677543e-01,6.127040632285465360e-01,-2.842193297114562478e-01,1.281342740836878200e-02,-6.763313872636244062e-01,-5.146211816436295772e-01
3.162253241817536975e-01,6.128214872549355707e-01,-2.840272478151042446e-01,1.282070953805791551e-02,-6.764007541489996944e-01,-5.145482906739463624e-01
3.161771447633795473e-01,6.129388242929115771e-01,-2.838353523173608450e-01,1.282528561704152428e-02,-6.764704002932075966e-01,-5.144776608570374998e-01
3.161287893766869250e-01,6.130560865718882591e-01,-2.836436152748700312e-01,1.282751844674009760e-02,-6.765403017459601376e-01,-5.144090035064088351e-01
3.160802773431022894e-01,6.131732847287293398e-01,-2.834520127160131131e-01,1.282772056391044690e-02,-6.766104347650241380e-01,-5.143420662856519332e-01
3.160316264624000171e-01,6.132904280515779627e-01,-2.832605239725400348e-01,1.282616151892614770e-02,-6.766807766374483002e-01,-5.142766287403217618e-01
3.159828529578830869e-01,6.134075246568617690e-01,-2.830691311840951574e-01,1.282307404413979973e-02,-6.767513061006074082e-01,-5.142124983762543788e-01
3.159339714930671228e-01,6.135245816347467684e-01,-2.828778188987856046e-01,1.281865928170026342e-02,-6.768220035433439863e-01,-5.141495072018670287e-01
3.158849952336705846e-01,6.136416051754920442e-01,-2.826865737379338217e-01,1.281309122169105655e-02,-6.768928510762849404e-01,-5.140875086754357337e-01
3.158359359374240394e-01,6.137586006807592698e-01,-2.824953841107234465e-01,1.280652048088533161e-02,-6.769638325194322626e-01,-5.140263750169471457e-01
3.157868040593217462e-01,6.138755728612945717e-01,-2.823042399710036787e-01,1.279907752958519239e-02,-6.770349333356961985e-01,-5.139659948463715100e-01
3.157376088628341404e-01,6.139925258240255257e-01,-2.821131326067682354e-01,1.279087545103818439e-02,-6.771061405362074348e-01,-5.139062711069842804e-01
3.156883585306535234e-01,6.141094631479991905e-01,-2.819220544605194889e-01,1.278201230463521347e-02,-6.771774425660729291e-01,-5.138471192435046797e-01
3.156390602730932415e-01,6.142263879507348090e-01,-2.817309989751194954e-01,1.277257315910737198e-02,-6.772488291816548545e-01,-5.137884656088084201e-01
3.155897204308820148e-01,6.143433029476891294e-01,-2.815399604585471782e-01,1.276263184132148988e-02,-6.773202913308823403e-01,-5.137302460701222984e-01
3.155403445696545184e-01,6.144602105030838590e-01,-2.813489339695452451e-01,1.275225244062885323e-02,-6.773918210331559830e-01,-5.136724047873074683e-01
3.154909375678950911e-01,6.145771126752638258e-01,-2.811579152171190255e-01,1.274149060916917632e-02,-6.774634112679897013e-01,-5.136148931488770941e-01
3.154415036962020524e-01,6.146940112558426650e-01,-2.809669004745637966e-01,1.273039468376800133e-02,-6.775350558699965164e-01,-5.135576688406801038e-01
3.153920466891814711e-01,6.148109078041654740e-01,-2.807758865045865138e-01,1.271900665594363246e-02,-6.776067494328621432e-01,-5.135006950348020016e-01
3.153425698094832752e-01,6.149278036772818368e-01,-2.805848704946583561e-01,1.270736301070421979e-02,-6.776784872219172584e-01,-5.134439396804273414e-01
3.152930759054894394e-01,6.150447000561769517e-01,-2.803938500008170132e-01,1.269549545405037477e-02,-6.777502650952546004e-01,-5.133873748874417942e-01
3.152435674617266037e-01,6.151615979682570901e-01,-2.802028228997412995e-01,1.268343154112550920e-02,-6.778220794319198550e-01,-5.133309763868499909e-01
3.151940466443773903e-01,6.152784983078043446e-01,-2.800117873455313378e-01,1.267119522270205786e-02,-6.778939270702862840e-01,-5.132747230623129209e-01
3.151445153413756639e-01,6.153954018527647563e-01,-2.798207417341153080e-01,1.265880731985929986e-02,-6.779658052502207655e-01,-5.132185965432711772e-01
3.102000126762808341e-01,6.027725078675993942e-01,-3.030120941440856974e-01,-1.415490272886403035e-02,-6.546223974819124214e-01,-5.693451785554245470e-01
3.101508638742647705e-01,6.028915929741608393e-01,-3.028152554241932415e-01,-1.410506282752119721e-02,-6.547028133029686447e-01,-5.692329786758275612e-01
3.101012521475721706e-01,6.030065337292661587e-01,-3.026262596014074879e-01,-1.406008852925370346e-02,-6.547719911046590013e-01,-5.691319239605667768e-01
3.100511462857794553e-01,6.031200807907024508e-01,-3.024399217710884158e-01,-1.402101833233706206e-02,-6.548383758128111243e-01,-5.690381036959725192e-01
3.100005811708482772e-01,6.032330784920120204e-01,-3.022546466793170628e-01,-1.398758014568617092e-02,-6.549044271281372342e-01,-5.689498421006425888e-01
3.099496064749396873e-01,6.033457976664554634e-01,-3.020699196615307947e-01,-1.395918659171385690e-02,-6.549708202219320929e-01,-5.688661978920074302e-01
3.098982716611368704e-01,6.034583350719024963e-01,-3.018855545248531613e-01,-1.393522274037397278e-02,-6.550377030554616065e-01,-5.687865065119547259e-01
3.098466219471471272e-01,6.035707333009627806e-01,-3.017014676701673115e-01,-1.391512331950469847e-02,-6.551050721823038492e-01,-5.687102357467362923e-01
3.097946975507081535e-01,6.036830169525735368e-01,-3.015176098889698619e-01,-1.389838810310327528e-02,-6.551728845977394800e-01,-5.686369361400722688e-01
3.097425338851063636e-01,6.037952036938382117e-01,-3.013339454529027628e-01,-1.388457984788042318e-02,-6.552410905944826558e-01,-5.685662205905170907e-01
3.096901620028021940e-01,6.039073077723883243e-01,-3.011504454318745250e-01,-1.387331790665408474e-02,-6.553096430146004847e-01,-5.684977534025054124e-01
3.096376090761736588e-01,6.040193412432818265e-01,-3.009670853272383151e-01,-1.386427132305338879e-02,-6.553784994907254635e-01,-5.684312427821769376e-01
3.095848988521012757e-01,6.041313144881839126e-01,-3.007838440474149833e-01,-1.385715244324085826e-02,-6.554476226384248205e-01,-5.683664349076823497e-01
3.095320520648121021e-01,6.042432365029791752e-01,-3.006007033274912255e-01,-1.385171125935173546e-02,-6.555169796853559383e-01,-5.683031089413321801e-01
3.094790868052915700e-01,6.043551150999671995e-01,-3.004176473160954930e-01,-1.384773047017590075e-02,-6.555865419817925588e-01,-5.682410727382737337e-01
3.094260188491697594e-01,6.044669570679817028e-01,-3.002346622467652049e-01,-1.384502118661942206e-02,-6.556562845137487994e-01,-5.681801591237641835e-01
3.093728619453468554e-01,6.045787683080569019e-01,-3.000517361597779820e-01,-1.384341920684165929e-02,-6.557261854599323314e-01,-5.681202226512213072e-01
3.093196280724274105e-01,6.046905539496882920e-01,-2.998688586638569853e-01,-1.384278177644659297e-02,-6.557962257942405726e-01,-5.680611367879212503e-01
3.092663276620474799e-01,6.048023184519386586e-01,-2.996860207295743983e-01,-1.384298478226824065e-02,-6.558663889358203880e-01,-5.680027914571357250e-01
3.092129697963140744e-01,6.049140656908233993e-01,-2.995032145108870170e-01,-1.384392031129799173e-02,-6.559366604392095068e-01,-5.679450909027946581e-01
3.091595623797828707e-01,6.050257990359518834e-01,-2.993204331890360059e-01,-1.384549453356959288e-02,-6.560070277247395110e-01,-5.678879518276729321e-01
3.091061122910216397e-01,6.051375214161668348e-01,-2.991376708388013839e-01,-1.384762585987859597e-02,-6.560774798386213025e-01,-5.678313017765642678e-01
3.090526255140719769e-01,6.052492353774981959e-01,-2.989549223107585418e-01,-1.385024334431223490e-02,-6.561480072460451618e-01,-5.677750777248106173e-01
3.089991072541105610e-01,6.053609431332480639e-01,-2.987721831294972152e-01,-1.385328529358232502e-02,-6.562186016490519913e-01,-5.677192248532200169e-01
3.089455620378290801e-01,6.054726466072947177e-01,-2.985894494057275139e-01,-1.385669806012962413e-02,-6.562892558266729681e-01,-5.676636954802788404e-01
3.088919938018871436e-01,6.055843474722619746e-01,-2.984067177588128339e-01,-1.386043499029899345e-02,-6.563599634969682350e-01,-5.676084481347560828e-01
3.088384059687650507e-01,6.056960471820227454e-01,-2.982239852509054878e-01,-1.386445551400137047e-02,-6.564307191945718545e-01,-5.675534467462347576e-01
3.087848015140138291e-01,6.058077470007111609e-01,-2.980412493281459629e-01,-1.386872434973699005e-02,-6.565015181662060550e-01,-5.674986599430075218e-01
3.087311830242706057e-01,6.059194480271820060e-01,-2.978585077710785844e-01,-1.387321081510173477e-02,-6.565723562772203259e-01,-5.674440604410408984e-01
3.086775527470043134e-01,6.060311512168514714e-01,-2.976757586505536790e-01,-1.387788822989512345e-02,-6.566432299321154353e-01,-5.673896245086312851e-01
3.086239126361216556e-01,6.061428574004422698e-01,-2.974930002895938008e-01,-1.388273338975623029e-02,-6.567141360042281217e-01,-5.673353315079742165e-01
3.085702643893171726e-01,6.062545673001615842e-01,-2.973102312307624451e-01,-1.388772611602681617e-02,-6.567850717744189160e-01,-5.672811634909711298e-01
3.037787112030497227e-01,5.945747020343350453e-01,-3.191835549185919052e-01,-4.282185336611948195e-02,-6.344194307028980795e-01,-6.220860147199339663e-01
3.037249263527690424e-01,5.946876219284114029e-01,-3.189970534572733052e-01,-4.276415904616139019e-02,-6.344974312916297210e-01,-6.219763422515537377e-01
3.036707429562516269e-01,5.947967445424482413e-01,-3.188178625517610887e-01,-4.271190908420718219e-02,-6.345647957970664832e-01,-6.218773866894442559e-01
3.036161207553458308e-01,5.949045546890098235e-01,-3.186412063205079637e-01,-4.266571255742068053e-02,-6.346294431743636499e-01,-6.217855861358286829e-01
3.035610865157494231e-01,5.950118377480453358e-01,-3.184655734687306117e-01,-4.262518322434188933e-02,-6.346937465332364026e-01,-6.216993430580888269e-01
3.035056833196704829e-01,5.951188526496647979e-01,-3.182904643852877413e-01,-4.258970399760701048e-02,-6.347583768867064435e-01,-6.216177302166487895e-01
3.034499552138988920e-01,5.952256938203143166e-01,-3.181156958258699596e-01,-4.255865247149467900e-02,-6.348234876286746875e-01,-6.215400832887936211e-01
3.033939428568640517e-01,5.953324030616256035e-01,-3.179411859389045802e-01,-4.253146163553355591e-02,-6.348890790079140256e-01,-6.214658680212217234e-01
3.033376825635298313e-01,5.954390042919585069e-01,-3.177668874754597250e-01,-4.250763097890907644e-02,-6.349551098009249550e-01,-6.213946329634942867e-01
3.032812063781403222e-01,5.955455144741180762e-01,-3.175927667532733589e-01,-4.248672333271600460e-02,-6.350215310978225558e-01,-6.213259893925519028e-01
3.032245424320355598e-01,5.956519471723342729e-01,-3.174187967882121097e-01,-4.246835821538399308e-02,-6.350882961295587492e-01,-6.212596003196014793e-01
3.031677153587360452e-01,5.957583138120642330e-01,-3.172449548453284418e-01,-4.245220486384181091e-02,-6.351553627642110289e-01,-6.211951729120449572e-01
3.031107466968317454e-01,5.958646242115561709e-01,-3.170712213942153967e-01,-4.243797582545535269e-02,-6.352226938016617419e-01,-6.211324525075847536e-01
3.030536552585898491e-01,5.959708868688345929e-01,-3.168975795387371508e-01,-4.242542129626946518e-02,-6.352902566358402670e-01,-6.210712175862254103e-01
3.029964574615008344e-01,5.960771091585849168e-01,-3.167240146232622178e-01,-4.241432417855267589e-02,-6.353580227741975062e-01,-6.210112754486415421e-01
3.029391676238992193e-01,5.961832974864024193e-01,-3.165505139234819354e-01,-4.240449578328311236e-02,-6.354259673538590336e-01,-6.209524584691340499e-01
3.028817982261073349e-01,5.962894574174234519e-01,-3.163770663887891521e-01,-4.239577210142796843e-02,-6.354940686952698092e-01,-6.208946208397194688e-01
3.028243601411040320e-01,5.963955937878063773e-01,-3.162036624192946510e-01,-4.238801056700535613e-02,-6.355623079073580151e-01,-6.208376357329085105e-01
3.027668628384402871e-01,5.965017107998196177e-01,-3.160302936757068970e-01,-4.238108724410475509e-02,-6.356306685338174445e-01,-6.207813928383290047e-01
3.027093145617351655e-01,5.966078121051000549e-01,-3.158569529133227749e-01,-4.237489438984436835e-02,-6.356991362447373950e-01,-6.207257962123724493e-01
3.026517224852905419e-01,5.967139008768803654e-01,-3.156836338380204499e-01,-4.236933833473489203e-02,-6.357676985656086632e-01,-6.206707624087158814e-01
3.025940928519250672e-01,5.968199798724530547e-01,-3.155103309817588464e-01,-4.236433763954147724e-02,-6.358363446387812479e-01,-6.206162188568047355e-01
3.025364310919239630e-01,5.969260514880742052e-01,-3.153370395934260162e-01,-4.235982149881305919e-02,-6.359050650172591856e-01,-6.205621024412087960e-01
3.024787419280692280e-01,5.970321178058153322e-01,-3.151637555456169304e-01,-4.235572835047677481e-02,-6.359738514813110255e-01,-6.205083582732737746e-01
3.024210294675326871e-01,5.971381806351439003e-01,-3.149904752519204210e-01,-4.235200466671441150e-02,-6.360426968813431836e-01,-6.204549386199699201e-01
3.023632972809469077e-01,5.972442415482830391e-01,-3.148171955967584146e-01,-4.234860390694081267e-02,-6.361115949982146800e-01,-6.204018019708581466e-01
3.023055484723901065e-01,5.973503019118540092e-01,-3.146439138725028450e-01,-4.234548560425290681e-02,-6.361805404244437190e-01,-6.203489122273745382e-01
3.022477857400092116e-01,5.974563629132095821e-01,-3.144706277271602790e-01,-4.234261457236111054e-02,-6.362495284567899478e-01,-6.202962379989229724e-01
3.021900114287362493e-01,5.975624255842963972e-01,-3.142973351170331719e-01,-4.233996021671471155e-02,-6.363185550059655693e-01,-6.202437519883363670e-01
3.021322275765079834e-01,5.976684908221708836e-01,-3.141240342659866736e-01,-4.233749593452542509e-02,-6.363876165171918897e-01,-6.201914304591820137e-01
3.020744359539669910e-01,5.977745594063119672e-01,-3.139507236311137039e-01,-4.233519859481686687e-02,-6.364567098994182714e-01,-6.201392527702075386e-01
3.020166380996741617e-01,5.978806320142594499e-01,-3.137774018716880109e-01,-4.233304808437569206e-02,-6.365258324655527211e-01,-6.200872009744115010e-01
2.974203363470616091e-01,5.871620171624766238e-01,-3.342513981756083941e-01,-7.326377022175398213e-02,-6.152862319378775702e-01,-6.735991352906832708e-01
2.973619693924065555e-01,5.872683683804552635e-01,-3.340764202343304290e-01,-7.319870826618239679e-02,-6.153608591334193134e-01,-6.734921211666501373e-01
2.973032829015897494e-01,5.873712792857416209e-01,-3.339081761410866434e-01,-7.313962765898295026e-02,-6.154255424641528194e-01,-6.733953961091913021e-01
2.972442141906144752e-01,5.874729666882801959e-01,-3.337423227497641753e-01,-7.308674240460104332e-02,-6.154876155112150027e-01,-6.733057402191234830e-01
2.971847780784043769e-01,5.875741532359491925e-01,-3.335774443490313601e-01,-7.303955688257757206e-02,-6.155493424912031886e-01,-6.732216365019400017e-01
2.971250102283925498e-01,5.876750841438164175e-01,-3.334130607252730472e-01,-7.299742449153143187e-02,-6.156113834557721542e-01,-6.731421734215607966e-01
2.970649493514383455e-01,5.877758507872438143e-01,-3.332489931076539347e-01,-7.295971530294588503e-02,-6.156738955383836975e-01,-6.730666876070989790e-01
2.970046318704799848e-01,5.878764938652104588e-01,-3.330851620165767302e-01,-7.292586070635753703e-02,-6.157368823870160712e-01,-6.729946430596204232e-01
2.969440905573398348e-01,5.879770364356049495e-01,-3.329215225265442224e-01,-7.289536013089360778e-02,-6.158003045640348949e-01,-6.729255864896057648e-01
2.968833544186960660e-01,5.880774946195969077e-01,-3.327580432873629146e-01,-7.286777672127429939e-02,-6.158641139928462405e-01,-6.728591276611441963e-01
2.968224489550105871e-01,5.881778811791942285e-01,-3.325946995119022920e-01,-7.284273038003814815e-02,-6.159282643150814085e-01,-6.727949283870297004e-01
2.967613965120790565e-01,5.882782068057990088e-01,-3.324314704503955054e-01,-7.281989072373838690e-02,-6.159927136479198539e-01,-6.727326948862684119e-01
2.967002166345849568e-01,5.883784806615738328e-01,-3.322683383299133708e-01,-7.279897066306652287e-02,-6.160574249837976746e-01,-6.726721717373550513e-01
2.966389263971991319e-01,5.884787106653420752e-01,-3.321052877948283966e-01,-7.277972073404359588e-02,-6.161223658904614320e-01,-6.726131368144520062e-01
2.965775407025870170e-01,5.885789036833569687e-01,-3.319423055342993756e-01,-7.276192415755945719e-02,-6.161875080413247163e-01,-6.725553969340881677e-01
2.965160725478657722e-01,5.886790656761099472e-01,-3.317793799960349066e-01,-7.274539254471153182e-02,-6.162528267333952092e-01,-6.724987840826766039e-01
2.964545332619403784e-01,5.887792018195106003e-01,-3.316165011502740789e-01,-7.272996216594382335e-02,-6.163183004394070519e-01,-6.724431521456166738e-01
2.963929327140699121e-01,5.888793166092692877e-01,-3.314536602867913517e-01,-7.271549071610014514e-02,-6.163839104109311018e-01,-6.723883740544623899e-01
2.963312794986621701e-01,5.889794139506920878e-01,-3.312908498402686308e-01,-7.270185450305648167e-02,-6.164496403264621005e-01,-6.723343393075751351e-01
2.962695810966565757e-01,5.890794972355573034e-01,-3.311280632411321423e-01,-7.268894601038483616e-02,-6.165154759789547301e-01,-6.722809518142206509e-01
2.962078440185713646e-01,5.891795694102159864e-01,-3.309652947831511760e-01,-7.267667177574015092e-02,-6.165814050067900398e-01,-6.722281280181143792e-01
2.961460739279269117e-01,5.892796330339188371e-01,-3.308025395104575161e-01,-7.266495055451961671e-02,-6.166474166556895620e-01,-6.721757952623141907e-01
2.960842757508845291e-01,5.893796903298648138e-01,-3.306397931183854833e-01,-7.265371171880427581e-02,-6.167135015719535929e-01,-6.721238903699794376e-01
2.960224537712439208e-01,5.894797432289948791e-01,-3.304770518686090397e-01,-7.264289386937436421e-02,-6.167796516200132473e-01,-6.720723584089950409e-01
2.959606117134335745e-01,5.895797934087952941e-01,-3.303143125139058056e-01,-7.263244362927163966e-02,-6.168458597260225718e-01,-6.720211516157825749e-01
2.958987528151392210e-01,5.896798423264419942e-01,-3.301515722339016246e-01,-7.262231459464969785e-02,-6.169121197394753509e-01,-6.719702284610741261e-01
2.958368798903255326e-01,5.897798912475521460e-01,-3.299888285794079779e-01,-7.261246642429873555e-02,-6.169784263124264978e-01,-6.719195528366400660e-01
2.957749953845921764e-01,5.898799412717785629e-01,-3.298260794227348414e-01,-7.260286404620770739e-02,-6.170447747966076868e-01,-6.718690933480253591e-01
2.957131014230798827e-01,5.899799933543298236e-01,-3.296633229160514378e-01,-7.259347696973528219e-02,-6.171111611511411743e-01,-6.718188226999274315e-01
2.956511998523499440e-01,5.900800483249838413e-01,-3.295005574545120663e-01,-7.258427868654677984e-02,-6.171775818635010236e-01,-6.717687171612599650e-01
2.955892922762399233e-01,5.901801069046137549e-01,-3.293377816443400774e-01,-7.257524615220417585e-02,-6.172440338807232418e-01,-6.717187560994308804e-01
2.955273800884683499e-01,5.902801697196441433e-01,-3.291749942746421409e-01,-7.256635933065271049e-02,-6.173105145498092305e-01,-6.716689215770081933e-01
2.911564263970028432e-01,5.805270027773711261e-01,-3.481878380071135592e-01,-1.053446433120690251e-01,-5.973215956249746661e-01,-7.239384889739796103e-01
2.910936283306171379e-01,5.806264613006110187e-01,-3.480254538925506846e-01,-1.052728164794589083e-01,-5.973919640139228049e-01,-7.238341814506548122e-01
2.910305981729632285e-01,5.807228378141889857e-01,-3.478691960607047662e-01,-1.052074550806066378e-01,-5.974531536130048837e-01,-7.237397472771105456e-01
2.909672418250123793e-01,5.808180865759849931e-01,-3.477151649953573176e-01,-1.051484212302168098e-01,-5.975118719769958453e-01,-7.236522922127847091e-01
2.909035594164988137e-01,5.809128649548194190e-01,-3.475620507680106663e-01,-1.050951172950939927e-01,-5.975702531928196448e-01,-7.235703801865135398e-01
2.908395786296955610e-01,5.810074026091345267e-01,-3.474093973047253092e-01,-1.050468679239428410e-01,-5.976289383788916387e-01,-7.234931168471165908e-01
2.907753330017857074e-01,5.811017869980019679e-01,-3.472570321982350605e-01,-1.050030356351180916e-01,-5.976880859243483002e-01,-7.234198405785247088e-01
2.907108550875150410e-01,5.811960573221698345e-01,-3.471048791251940546e-01,-1.049630502670696325e-01,-5.977477022408630436e-01,-7.233500139948131347e-01
2.906461745086870163e-01,5.812902355627476148e-01,-3.469528958932016072e-01,-1.049264113269220006e-01,-5.978077495645048867e-01,-7.232831821373552073e-01
2.905813175974077955e-01,5.813843368493226693e-01,-3.468010537675920157e-01,-1.048926824349676185e-01,-5.978681806596054527e-01,-7.232189533626285360e-01
2.905163075423156660e-01,5.814783730204026169e-01,-3.466493303902180578e-01,-1.048614840287726280e-01,-5.979289496022762718e-01,-7.231569883677170241e-01
2.904511646761403498e-01,5.815723539289165966e-01,-3.464977071981610868e-01,-1.048324862368033433e-01,-5.979900147783636655e-01,-7.230969924922797665e-01
2.903859067865852128e-01,5.816662879898403249e-01,-3.463461683526322110e-01,-1.048054024406792489e-01,-5.980513393877272543e-01,-7.230387096217276710e-01
2.903205494134610265e-01,5.817601824635821872e-01,-3.461947001924983724e-01,-1.047799836077287494e-01,-5.981128911855263519e-01,-7.229819170823464924e-01
2.902551061182628289e-01,5.818540436388620618e-01,-3.460432908862124401e-01,-1.047560133551360684e-01,-5.981746420230247274e-01,-7.229264212556918423e-01
2.901895887275420804e-01,5.819478769707703281e-01,-3.458919301707114036e-01,-1.047333036553590169e-01,-5.982365673669770567e-01,-7.228720537894732789e-01
2.901240075476317348e-01,5.820416871940113923e-01,-3.457406091382160818e-01,-1.047116911129531286e-01,-5.982986458531787122e-01,-7.228186683013086977e-01
2.900583715559509890e-01,5.821354784188159659e-01,-3.455893200556537370e-01,-1.046910337280524128e-01,-5.983608588857063371e-01,-7.227661375166661850e-01
2.899926885686812672e-01,5.822292542137738058e-01,-3.454380562089146567e-01,-1.046712080898542507e-01,-5.984231902842093165e-01,-7.227143507775137810e-01
2.899269653885342968e-01,5.823230176771669875e-01,-3.452868117687047933e-01,-1.046521069385033809e-01,-5.984856259732115324e-01,-7.226632118746911804e-01
2.898612079338630521e-01,5.824167714988960354e-01,-3.451355816742140981e-01,-1.046336370500522972e-01,-5.985481537103805039e-01,-7.226126371633617707e-01
2.897954213527468847e-01,5.825105180146817885e-01,-3.449843615310071443e-01,-1.046157173958535136e-01,-5.986107628507824074e-01,-7.225625539241351536e-01
2.897296101218403974e-01,5.826042592523894559e-01,-3.448331475240410948e-01,-1.045982775468185799e-01,-5.986734441386232231e-01,-7.225128989373341692e-01
2.896637781335171247e-01,5.826979969727398290e-01,-3.446819363409736048e-01,-1.045812562845283011e-01,-5.987361895273752843e-01,-7.224636172430070058e-01
2.895979287709226635e-01,5.827917327044987994e-01,-3.445307251061191511e-01,-1.045646003981796912e-01,-5.987989920224427998e-01,-7.224146610615506114e-01
2.895320649748775454e-01,5.828854677751016400e-01,-3.443795113226583160e-01,-1.045482636340828164e-01,-5.988618455443101007e-01,-7.223659888579503363e-01
2.894661893007378639e-01,5.829792033372136473e-01,-3.442282928227948791e-01,-1.045322057877303562e-01,-5.989247448094277004e-01,-7.223175645241468601e-01
2.894003039689975743e-01,5.830729403915245745e-01,-3.440770677248465859e-01,-1.045163919114967810e-01,-5.989876852253328554e-01,-7.222693566729898595e-01
2.893344109087501170e-01,5.831666798070881397e-01,-3.439258343949217478e-01,-1.045007916275087073e-01,-5.990506628016898372e-01,-7.222213380182544995e-01
2.892685117956873553e-01,5.832604223384294517e-01,-3.437745914148115367e-01,-1.044853785304897253e-01,-5.991136740705839125e-01,-7.221734848410140684e-01
2.892026080856985315e-01,5.833541686408082461e-01,-3.436233375531276280e-01,-1.044701296665651036e-01,-5.991767160187968511e-01,-7.221257765244177840e-01
2.891367010428713136e-01,5.834479192832484618e-01,-3.434720717409434076e-01,-1.044550250846481843e-01,-5.992397860281802879e-01,-7.220781951458296044e-01
2.850069447189992888e-01,5.746522867939175550e-01,-3.609812879318631818e-01,-1.389137363906424727e-01,-5.806014397924035286e-01,-7.731725908632247624e-01
2.849399727568199259e-01,5.747446025456919294e-01,-3.608324404528584495e-01,-1.388358368393568798e-01,-5.806667523062732927e-01,-7.730709721045631033e-01
2.848728576863869821e-01,5.748341885043939392e-01,-3.606890942433946257e-01,-1.387648263619626898e-01,-5.807237055494732791e-01,-7.729788325134965277e-01
2.848054697631445253e-01,5.749227479986986911e-01,-3.605477925315486720e-01,-1.387002636617787055e-01,-5.807783587522715729e-01,-7.728935801239876779e-01
2.847377930426994719e-01,5.750108718940418751e-01,-3.604073394155879462e-01,-1.386414587515298336e-01,-5.808326967104463501e-01,-7.728138583303741926e-01
2.846698470485254373e-01,5.750987725508853732e-01,-3.602673078134011608e-01,-1.385877089834604281e-01,-5.808873328668821001e-01,-7.727387911390495301e-01
2.846016604224588242e-01,5.751865325534761819e-01,-3.601275338496956469e-01,-1.385383694048649139e-01,-5.809424236651893336e-01,-7.726677195126544495e-01
2.845332622630791231e-01,5.752741891355898085e-01,-3.599879452929472534e-01,-1.384928683045166253e-01,-5.809979772781044272e-01,-7.726001050747599574e-01
2.844646794626364827e-01,5.753617629511641463e-01,-3.598485031400541767e-01,-1.384507053267164944e-01,-5.810539573608833885e-01,-7.725354913830071446e-01
2.843959360640500589e-01,5.754492679763087981e-01,-3.597091815529516179e-01,-1.384114446505748663e-01,-5.811103174833225360e-01,-7.724734854854052868e-01
2.843270532821228769e-01,5.755367150029342405e-01,-3.595699608142953752e-01,-1.383747073334389011e-01,-5.811670121734382466e-01,-7.724137470289174079e-01
2.842580497289844965e-01,5.756241129432001502e-01,-3.594308247251819521e-01,-1.383401640870047800e-01,-5.812240001096036224e-01,-7.723559805259507804e-01
2.841889416867258156e-01,5.757114693773635050e-01,-3.592917595338582237e-01,-1.383075288212615717e-01,-5.812812447208113298e-01,-7.722999292126123683e-01
2.841197433758950730e-01,5.757987908315239656e-01,-3.591527534072425087e-01,-1.382765529805073945e-01,-5.813387139674298654e-01,-7.722453699018733131e-01
2.840504672031944899e-01,5.758860829509037105e-01,-3.590137961097054076e-01,-1.382470206107989930e-01,-5.813963798923501569e-01,-7.721921085763187032e-01
2.839811239841086854e-01,5.759733506283721827e-01,-3.588748787683018748e-01,-1.382187440739652551e-01,-5.814542181452728720e-01,-7.721399765693970352e-01
2.839117231412548459e-01,5.760605981077150384e-01,-3.587359936856744369e-01,-1.381915603266432313e-01,-5.815122075341674357e-01,-7.720888272578185774e-01
2.838422728792659444e-01,5.761478290709285410e-01,-3.585971341822015157e-01,-1.381653276907183203e-01,-5.815703296246207410e-01,-7.720385331801746798e-01
2.837727803395711512e-01,5.762350467129353504e-01,-3.584582944609266963e-01,-1.381399230480790941e-01,-5.816285683852172594e-01,-7.719889835377586884e-01
2.837032517357597206e-01,5.763222538062463540e-01,-3.583194694906773892e-01,-1.381152394063676347e-01,-5.816869098775163671e-01,-7.719400820174435740e-01
2.836336924727735909e-01,5.764094527567522608e-01,-3.581806549050976507e-01,-1.380911837831948763e-01,-5.817453419843552354e-01,-7.718917448998232622e-01
2.835641072502846916e-01,5.764966456523968885e-01,-3.580418469146985916e-01,-1.380676753727606010e-01,-5.818038541737377001e-01,-7.718438994125782493e-01
2.834945001544642573e-01,5.765838343049805026e-01,-3.579030422310386927e-01,-1.380446439473879960e-01,-5.818624372916163523e-01,-7.717964823017727793e-01
2.834248747369803589e-01,5.766710202869548274e-01,-3.577642380000897737e-01,-1.380220284734928471e-01,-5.819210833833236007e-01,-7.717494385861066730e-01
2.833552340846489659e-01,5.767582049628600105e-01,-3.576254317452706721e-01,-1.379997759066151075e-01,-5.819797855361626970e-01,-7.717027204770127158e-01
2.832855808799885633e-01,5.768453895169360912e-01,-3.574866213173218954e-01,-1.379778401448340797e-01,-5.820385377437328200e-01,-7.716562864385845266e-01
2.832159174532445922e-01,5.769325749769128597e-01,-3.573478048513062943e-01,-1.379561811221249878e-01,-5.820973347873638071e-01,-7.716101003671574921e-01
2.831462458292904882e-01,5.770197622347662536e-01,-3.572089807287306962e-01,-1.379347640147982612e-01,-5.821561721331239836e-01,-7.715641308844020108e-01
2.830765677665533775e-01,5.771069520645265571e-01,-3.570701475455003160e-01,-1.379135585589163215e-01,-5.822150458416991414e-01,-7.715183507173888344e-01
2.830068847928221554e-01,5.771941451379674071e-01,-3.569313040831700867e-01,-1.378925384498928541e-01,-5.822739524908199238e-01,-7.714727361631062985e-01
2.829371982346660652e-01,5.772813420381881500e-01,-3.567924492844571360e-01,-1.378716808270472327e-01,-5.823328891077960145e-01,-7.714272666195195471e-01
2.828675092440049998e-01,5.773685432711616050e-01,-3.566535822322731697e-01,-1.378509658220551659e-01,-5.823918531098652984e-01,-7.713819241813488770e-01
2.789796357279007988e-01,5.695127901101756374e-01,-3.726350770764444431e-01,-1.738121391804214044e-01,-5.651799609500294252e-01,-8.213796890408235907e-01
2.789088560664437777e-01,5.695977789546894376e-01,-3.725005750982552932e-01,-1.737289214930840542e-01,-5.652395162622481095e-01,-8.212806930199555433e-01
2.788380168602807574e-01,5.696803782918936632e-01,-3.723709443015511544e-01,-1.736529520886409272e-01,-5.652915685098831577e-01,-8.211908103501642797e-01
2.787669530977160970e-01,5.697620565548989768e-01,-3.722431598755445714e-01,-1.735835367527443496e-01,-5.653415226453956111e-01,-8.211077235229418125e-01
2.786956328864194643e-01,5.698433381666498931e-01,-3.721161458826242607e-01,-1.735199046174625837e-01,-5.653911978573820107e-01,-8.210301523097118803e-01
2.786240678980391738e-01,5.699244166665875522e-01,-3.719895088786785986e-01,-1.734613279389616847e-01,-5.654411708887920884e-01,-8.209572398339483046e-01
2.785522823105064938e-01,5.700053687734288888e-01,-3.718630958444983925e-01,-1.734071545794918512e-01,-5.654915924656118698e-01,-8.208883303999101599e-01
2.784803022323712463e-01,5.700862292354982319e-01,-3.717368396895395777e-01,-1.733568112693162910e-01,-5.655424711738266108e-01,-8.208228850491907647e-01
2.784081522702034905e-01,5.701670171007325871e-01,-3.716107050979102766e-01,-1.733097977820146907e-01,-5.655937716744517951e-01,-8.207604460459974050e-01
2.783358545765041714e-01,5.702477450201565157e-01,-3.714846694062444166e-01,-1.732656788689657390e-01,-5.656454482500380410e-01,-8.207006192203423200e-01
2.782634287416196339e-01,5.703284226156620784e-01,-3.713587157283430029e-01,-1.732240762231996023e-01,-5.656974558831057154e-01,-8.206430632170925721e-01
2.781908919591692397e-01,5.704090577601202972e-01,-3.712328303797878815e-01,-1.731846611519264334e-01,-5.657497535687154855e-01,-8.205874817507633479e-01
2.781182592659071640e-01,5.704896571164796981e-01,-3.711070018227598521e-01,-1.731471480981940092e-01,-5.658023049903092572e-01,-8.205336174285285944e-01
2.780455437872790814e-01,5.705702264053073014e-01,-3.709812201631429440e-01,-1.731112889814381828e-01,-5.658550783325889677e-01,-8.204812465681370348e-01
2.779727569680118249e-01,5.706507705672640984e-01,-3.708554768570564986e-01,-1.730768682701405992e-01,-5.659080458468276342e-01,-8.204301747615899698e-01
2.778999087791045874e-01,5.707312938800923607e-01,-3.707297645055112056e-01,-1.730436987054572717e-01,-5.659611833778342982e-01,-8.203802330384293295e-01
2.778270079033968165e-01,5.708118000509977419e-01,-3.706040766942767517e-01,-1.730116175832373537e-01,-5.660144699157171333e-01,-8.203312745387392191e-01
2.777540618973719511e-01,5.708922922940712352e-01,-3.704784078608238107e-01,-1.729804835335455038e-01,-5.660678871942783630e-01,-8.202831716189823430e-01
2.776810773357197282e-01,5.709727733966021290e-01,-3.703527531798663786e-01,-1.729501737164756414e-01,-5.661214193373832471e-01,-8.202358133420465380e-01
2.776080599365928214e-01,5.710532457756312130e-01,-3.702271084663005807e-01,-1.729205813925054902e-01,-5.661750525473470130e-01,-8.201891032910245682e-01
2.775350146724775979e-01,5.711337115275789689e-01,-3.701014700893769382e-01,-1.728916138083351761e-01,-5.662287748356531480e-01,-8.201429576699970081e-01
2.774619458654429272e-01,5.712141724703851953e-01,-3.699758349005800584e-01,-1.728631903671876135e-01,-5.662825757848570785e-01,-8.200973036534245919e-01
2.773888572723713364e-01,5.712946301809325167e-01,-3.698502001685110008e-01,-1.728352410308180709e-01,-5.663364463452122965e-01,-8.200520779498647883e-01
2.773157521581468554e-01,5.713750860267753362e-01,-3.697245635243295858e-01,-1.728077049367814366e-01,-5.663903786544504104e-01,-8.200072255561043910e-01
2.772426333593672187e-01,5.714555411939997720e-01,-3.695989229136378285e-01,-1.727805291972029367e-01,-5.664443658826308070e-01,-8.199626986706736176e-01
2.771695033405039976e-01,5.715359967113655681e-01,-3.694732765546209219e-01,-1.727536678524291824e-01,-5.664984020970532663e-01,-8.199184557525884820e-01
2.770963642424696949e-01,5.716164534711429823e-01,-3.693476229020190571e-01,-1.727270809634051107e-01,-5.665524821444646308e-01,-8.198744607013471741e-01
2.770232179245938342e-01,5.716969122471817766e-01,-3.692219606159525824e-01,-1.727007338241303980e-01,-5.666066015486502794e-01,-8.198306821442344905e-01
2.769500660019218463e-01,5.717773737107254561e-01,-3.690962885343638811e-01,-1.726745962744229701e-01,-5.666607564219671156e-01,-8.197870928178786487e-01
2.768769098771288184e-01,5.718578384438633977e-01,-3.689706056498371911e-01,-1.726486421048275821e-01,-5.667149433873496234e-01,-8.197436690312609464e-01
2.768037507682502563e-01,5.719383069516268403e-01,-3.688449110885302362e-01,-1.726228485393902778e-01,-5.667691595124026982e-01,-8.197003901962260919e-01
2.767305897325972874e-01,5.720187796718630979e-01,-3.687192040933133241e-01,-1.725971957872271811e-01,-5.668234022495330926e-01,-8.196572384218959728e-01
2.730702637917735709e-01,5.650780338711289819e-01,-3.831657001536200036e-01,-2.098786134579468388e-01,-5.510920028621708600e-01,-8.686431801858318646e-01
2.729961483237778319e-01,5.651555683423193921e-01,-3.830462164902029287e-01,-2.097908699956624323e-01,-5.511451958093775971e-01,-8.685467097982951801e-01
2.729220449662130843e-01,5.652310376148178550e-01,-3.829309794609812578e-01,-2.097106686937029729e-01,-5.511917628602848174e-01,-8.684590195702883708e-01
2.728477579090777816e-01,5.653056938324335645e-01,-3.828173779328813420e-01,-2.096371122533642328e-01,-5.512364619050962311e-01,-8.683780366423892172e-01
2.727732409664687108e-01,5.653799961590856293e-01,-3.827044594439036329e-01,-2.095693616662220593e-01,-5.512809334769952496e-01,-8.683025527637148189e-01
2.726984988131820886e-01,5.654541180930341415e-01,-3.825918683358602301e-01,-2.095066670321458768e-01,-5.513257088096517045e-01,-8.682317304526812052e-01
2.726235517877499959e-01,5.655281295291902932e-01,-3.824794647723496199e-01,-2.094483695595923678e-01,-5.513709287852087693e-01,-8.681649179990892362e-01
2.725484235369034502e-01,5.656020621902201340e-01,-3.823671879134904472e-01,-2.093938944504379618e-01,-5.514166007663483526e-01,-8.681015762447200634e-01
2.724731368463483294e-01,5.656759332224525760e-01,-3.822550066528902502e-01,-2.093427415552130133e-01,-5.514626898543599776e-01,-8.680412463422836344e-01
2.723977123848506099e-01,5.657497537745075356e-01,-3.821429017733763978e-01,-2.092944761445304225e-01,-5.515091508862810521e-01,-8.679835329796784515e-01
2.723221684717164193e-01,5.658235321762217218e-01,-3.820308593886791448e-01,-2.092487204996914818e-01,-5.515559392769951996e-01,-8.679280938294203773e-01
2.722465211872345248e-01,5.658972751679487434e-01,-3.819188684517834664e-01,-2.092051464785496528e-01,-5.516030143569000677e-01,-8.678746318158739870e-01
2.721707845862517128e-01,5.659709884185389894e-01,-3.818069197396731229e-01,-2.091634690116080109e-01,-5.516503400868982832e-01,-8.678228889158392523e-01
2.720949709267143635e-01,5.660446767784725886e-01,-3.816950053824849642e-01,-2.091234404462651020e-01,-5.516978848973436156e-01,-8.677726409445899458e-01
2.720190908878597491e-01,5.661183444284394461e-01,-3.815831186024869481e-01,-2.090848456270066602e-01,-5.517456212635306612e-01,-8.677236930960756656e-01
2.719431537662017617e-01,5.661919949831440979e-01,-3.814712535399074622e-01,-2.090474976284185105e-01,-5.517935252360729459e-01,-8.676758760836104090e-01
2.718671676509453738e-01,5.662656315720101530e-01,-3.813594051206222191e-01,-2.090112340455250184e-01,-5.518415759947952193e-01,-8.676290427969383101e-01
2.717911395783383366e-01,5.663392569057746906e-01,-3.812475689482394681e-01,-2.089759137735653360e-01,-5.518897554470513223e-01,-8.675830653987336438e-01
2.717150756663632150e-01,5.664128733331849075e-01,-3.811357412126580302e-01,-2.089414142140253727e-01,-5.519380478742821339e-01,-8.675378327984696325e-01
2.716389812339600196e-01,5.664864828895487259e-01,-3.810239186115528254e-01,-2.089076288435758599e-01,-5.519864396219830160e-01,-8.674932484622752682e-01
2.715628609040634522e-01,5.665600873386384961e-01,-3.809120982828659296e-01,-2.088744651067188374e-01,-5.520349188295952114e-01,-8.674492285049580920e-01
2.714867186939275978e-01,5.666336882089898497e-01,-3.808002777461439448e-01,-2.088418425836840175e-01,-5.520834751955452369e-01,-8.674057000336541368e-01
2.714105580943208529e-01,5.667072868252728268e-01,-3.806884548517104894e-01,-2.088096913974947788e-01,-5.521320997725910340e-01,-8.673625997089144946e-01
2.713343821374709086e-01,5.667808843354907866e-01,-3.805766277368198280e-01,-2.087779508341481016e-01,-5.521807847901688548e-01,-8.673198724908239843e-01
2.712581934579323950e-01,5.668544817346216069e-01,-3.804647947870393176e-01,-2.087465681372598081e-01,-5.522295235000213021e-01,-8.672774705552275254e-01
2.711819943437007163e-01,5.669280798849023473e-01,-3.803529546037014986e-01,-2.087154974684232445e-01,-5.522783100414417889e-01,-8.672353523456818314e-01
2.711057867820445000e-01,5.670016795336918491e-01,-3.802411059746813038e-01,-2.086846989981251677e-01,-5.523271393252928707e-01,-8.671934817532942485e-01
2.710295724990154365e-01,5.670752813286528138e-01,-3.801292478498138339e-01,-2.086541381178824706e-01,-5.523760069319949562e-01,-8.671518274033217510e-01
2.709533529932073859e-01,5.671488858311305448e-01,-3.800173793192689886e-01,-2.086237847575227455e-01,-5.524249090238773086e-01,-8.671103620330843365e-01
2.708771295661407397e-01,5.672224935274277069e-01,-3.799054995952171887e-01,-2.085936127885365532e-01,-5.524738422676176430e-01,-8.670690619553909073e-01
2.708009033477710159e-01,5.672961048393341255e-01,-3.797936079945212762e-01,-2.085635995080998839e-01,-5.525228037701166439e-01,-8.670279065877662950e-01
2.707246753190006849e-01,5.673697201320735406e-01,-3.796817039262324611e-01,-2.085337251911042744e-01,-5.525717910178070680e-01,-8.669868780468901193e-01
2.672635501878136699e-01,5.613143199663809257e-01,-3.926008495388388919e-01,-2.469543534056143907e-01,-5.383561683490502014e-01,-9.150476357280655781e-01
2.671866681400743571e-01,5.613843197868590984e-01,-3.924969221689883492e-01,-2.468628935622584064e-01,-5.384024852100229852e-01,-9.149535774575453528e-01
2.671098522920262730e-01,5.614525604985179941e-01,-3.923966308613416332e-01,-2.467792058758206675e-01,-5.384430615487163507e-01,-9.148680007599764297e-01
2.670328838739579602e-01,5.615200974315007754e-01,-3.922977549337108849e-01,-2.467022372836233379e-01,-5.384820247997391673e-01,-9.147890476361090206e-01
2.669557054885683400e-01,5.615873265387584246e-01,-3.921994665923883572e-01,-2.466310941015725788e-01,-5.385208271104943156e-01,-9.147155764766500274e-01
2.668783162415450105e-01,5.616544003989060174e-01,-3.921014513853670058e-01,-2.465650078474932172e-01,-5.385599460439417507e-01,-9.146467689943429402e-01
2.668007334670594033e-01,5.617213812133742268e-01,-3.920035848340383544e-01,-2.465033138957979375e-01,-5.385995084084734819e-01,-9.145819779250473625e-01
2.667229789524916961e-01,5.617882971493963762e-01,-3.919058134474666111e-01,-2.464454360091801743e-01,-5.386395185157565324e-01,-9.145206642395292684e-01
2.666450741474751807e-01,5.618551631530713797e-01,-3.918081108512332933e-01,-2.463908740397018071e-01,-5.386799412129683606e-01,-9.144623681363144296e-01
2.665670386468186881e-01,5.619219886933100039e-01,-3.917104615325918138e-01,-2.463391936719330488e-01,-5.387207316661306589e-01,-9.144066932192713715e-01
2.664888898503589565e-01,5.619887806907626349e-01,-3.916128547491961598e-01,-2.462900176709751088e-01,-5.387618456728278105e-01,-9.143532961968569017e-01
2.664106430288489813e-01,5.620555446662104382e-01,-3.915152821878317702e-01,-2.462430183448099108e-01,-5.388032429030599202e-01,-9.143018791916927013e-01
2.663323115173911182e-01,5.621222852253711100e-01,-3.914177370131916023e-01,-2.461979110179315366e-01,-5.388448876143834276e-01,-9.142521835258088370e-01
2.662539069331199548e-01,5.621890062908925234e-01,-3.913202134409479171e-01,-2.461544483784753323e-01,-5.388867484993841162e-01,-9.142039844845539776e-01
2.661754393857870826e-01,5.622557112345275554e-01,-3.912227065122372283e-01,-2.461124155662978152e-01,-5.389287982698283130e-01,-9.141570868326130972e-01
2.660969176676117876e-01,5.623224029660160994e-01,-3.911252119524087356e-01,-2.460716259129970829e-01,-5.389710131899516643e-01,-9.141113209374504001e-01
2.660183494223373746e-01,5.623890840009055925e-01,-3.910277260675084632e-01,-2.460319172398456045e-01,-5.390133726333715680e-01,-9.140665394098145269e-01
2.659397412935092242e-01,5.624557565154700844e-01,-3.909302456626034816e-01,-2.459931486441425952e-01,-5.390558586824322207e-01,-9.140226141866137910e-01
2.658610990546700914e-01,5.625224223931386547e-01,-3.908327679731109505e-01,-2.459551977056247396e-01,-5.390984557755328366e-01,-9.139794339986874183e-01
2.657824277215928288e-01,5.625890832642689299e-01,-3.907352906065573173e-01,-2.459179580650578956e-01,-5.391411503991496712e-01,-9.139369021664295323e-01
2.657037316523360726e-01,5.626557405401551026e-01,-3.906378114923068079e-01,-2.458813373125642021e-01,-5.391839308184690482e-01,-9.138949346901636961e-01
2.656250146321398886e-01,5.627223954424986907e-01,-3.905403288386344873e-01,-2.458452551617024695e-01,-5.392267868435881573e-01,-9.138534585854589665e-01
2.655462799491319914e-01,5.627890490290687886e-01,-3.904428410946240158e-01,-2.458096418561529772e-01,-5.392697096270294699e-01,-9.138124104405691561e-01
2.654675304591564422e-01,5.628557022155157297e-01,-3.903453469183781332e-01,-2.457744367896308457e-01,-5.393126914862323984e-01,-9.137717351611222005e-01
2.653887686421049774e-01,5.629223557946176903e-01,-3.902478451486938171e-01,-2.457395873069047332e-01,-5.393557257509259406e-01,-9.137313848782337988e-01
2.653099966520133801e-01,5.629890104526884542e-01,-3.901503347807426247e-01,-2.457050476580292797e-01,-5.393988066294670425e-01,-9.136913180032926185e-01
2.652312163592055461e-01,5.630556667838585438e-01,-3.900528149452879845e-01,-2.456707780951997711e-01,-5.394419290931320443e-01,-9.136514984025984054e-01
2.651524293875431315e-01,5.631223253025238185e-01,-3.899552848903128921e-01,-2.456367440853369499e-01,-5.394850887759344849e-01,-9.136118946823023057e-01
2.650736371474702868e-01,5.631889864540692292e-01,-3.898577439650015020e-01,-2.456029156236555488e-01,-5.395282818874619357e-01,-9.135724795679958099e-01
2.649948408631977448e-01,5.632556506239536631e-01,-3.897601916068184624e-01,-2.455692666433921811e-01,-5.395715051362899306e-01,-9.135332293627624889e-01
2.649160415978259464e-01,5.633223181459047213e-01,-3.896626273290999531e-01,-2.455357744965210587e-01,-5.396147556649101285e-01,-9.134941234793603204e-01
2.648372402742187881e-01,5.633889893088926959e-01,-3.895650507108753824e-01,-2.455024195066765891e-01,-5.396580309927376806e-01,-9.134551440309379711e-01
2.615345871441586145e-01,5.581866418060288382e-01,-4.009774326926281995e-01,-2.848865050302572532e-01,-5.269782340361564010e-01,-9.606756368671971469e-01
2.614555928584182953e-01,5.582490649453191178e-01,-4.008894683056841157e-01,-2.847921390656962815e-01,-5.270172446300339653e-01,-9.605838720521649998e-01
2.613766966509094569e-01,5.583100162559816448e-01,-4.008045495012305670e-01,-2.847057143448193939e-01,-5.270513989596914417e-01,-9.605003249704975321e-01
2.612976672449306981e-01,5.583703731639038104e-01,-4.007208203019710369e-01,-2.846260658330116988e-01,-5.270842161280852034e-01,-9.604233242040752794e-01
2.612184403570591007e-01,5.584304710123333404e-01,-4.006375767443966507e-01,-2.845522588815364018e-01,-5.271169532114821088e-01,-9.603517888967199045e-01
2.611390114919737160e-01,5.584904409168808259e-01,-4.005545481335712754e-01,-2.844835105169410405e-01,-5.271500269131080829e-01,-9.602849193028601960e-01
2.610593960322519225e-01,5.585503366452081453e-01,-4.004716272318012971e-01,-2.844191513597902343e-01,-5.271835458839926325e-01,-9.602220728599588639e-01
2.609796145839231030e-01,5.586101823198826866e-01,-4.003887689087283208e-01,-2.843586039063794035e-01,-5.272175094866279332e-01,-9.601627109104896585e-01
2.608996877655219149e-01,5.586699904015296481e-01,-4.003059520108530611e-01,-2.843013679276330530e-01,-5.272518815359340527e-01,-9.601063728171238543e-01
2.608196345081263967e-01,5.587297685097967204e-01,-4.002231649625622167e-01,-2.842470093744146609e-01,-5.272866172449152122e-01,-9.600526611349528006e-01
2.607394716383111821e-01,5.587895220464510482e-01,-4.001404002833865436e-01,-2.841951513417483866e-01,-5.273216727107316038e-01,-9.600012315959012277e-01
2.606592139145363363e-01,5.588492552344128672e-01,-4.000576524619440799e-01,-2.841454664423946896e-01,-5.273570079313366632e-01,-9.599517854862040789e-01
2.605788742092153276e-01,5.589089715551951443e-01,-3.999749170978695312e-01,-2.840976702604510740e-01,-5.273925874679671333e-01,-9.599040634296657215e-01
2.604984637220793542e-01,5.589686739538818339e-01,-3.998921905287425305e-01,-2.840515156992928780e-01,-5.274283802855360692e-01,-9.598578401338078159e-01
2.604179921875245385e-01,5.590283649512698405e-01,-3.998094696457116792e-01,-2.840067880791029009e-01,-5.274643593380434758e-01,-9.598129198863022404e-01
2.603374680619113257e-01,5.590880467165646461e-01,-3.997267517859313668e-01,-2.839633008844925643e-01,-5.275005011061443261e-01,-9.597691326602483253e-01
2.602568986901065973e-01,5.591477211206803410e-01,-3.996440346596471516e-01,-2.839208920682055881e-01,-5.275367851554181309e-01,-9.597263307414583000e-01
2.601762904509057339e-01,5.592073897790256209e-01,-3.995613162942471819e-01,-2.838794208412842024e-01,-5.275731937393591808e-01,-9.596843857980535963e-01
2.600956488834049174e-01,5.592670540871125251e-01,-3.994785949890731214e-01,-2.838387648864711399e-01,-5.276097114486099082e-01,-9.596431863371613913e-01
2.600149787979343374e-01,5.593267152506209428e-01,-3.993958692775262942e-01,-2.837988179328740923e-01,-5.276463249037816050e-01,-9.596026354966313843e-01
2.599342843709152584e-01,5.593863743115800036e-01,-3.993131378944727028e-01,-2.837594876547913092e-01,-5.276830224894618615e-01,-9.595626491234990896e-01
2.598535692295393384e-01,5.594460321703689232e-01,-3.992303997486563172e-01,-2.837206938374086662e-01,-5.277197941209037513e-01,-9.595231541091427951e-01
2.597728365228873515e-01,5.595056896052409412e-01,-3.991476538986414857e-01,-2.836823667925276182e-01,-5.277566310433952079e-01,-9.594840869378756798e-01
2.596920889854470449e-01,5.595653472887118784e-01,-3.990648995324952986e-01,-2.836444459755762537e-01,-5.277935256561675503e-01,-9.594453924297202674e-01
2.596113289913655753e-01,5.596250058020041385e-01,-3.989821359499413078e-01,-2.836068787868702978e-01,-5.278304713607379073e-01,-9.594070226457546147e-01
2.595305586025390965e-01,5.596846656474756543e-01,-3.988993625467560644e-01,-2.835696195270215880e-01,-5.278674624288675066e-01,-9.593689359400406902e-01
2.594497796084502816e-01,5.597443272591883234e-01,-3.988165788023518843e-01,-2.835326284968722188e-01,-5.279044938873067583e-01,-9.593310961304628570e-01
2.593689935635433153e-01,5.598039910123215890e-01,-3.987337842674408273e-01,-2.834958712037289330e-01,-5.279415614189869599e-01,-9.592934717853208726e-01
2.592882018169696545e-01,5.598636572310933257e-01,-3.986509785548848495e-01,-2.834593176836286421e-01,-5.279786612760257736e-01,-9.592560355978017039e-01
2.592074055402025512e-01,5.599233261956862995e-01,-3.985681613309213223e-01,-2.834229419045016241e-01,-5.280157902048556728e-01,-9.592187638457345678e-01
2.591266057505415832e-01,5.599829981481508900e-01,-3.984853323079520782e-01,-2.833867212498560884e-01,-5.280529453808758822e-01,-9.591816359205058706e-01
2.590458033309424035e-01,5.600426732977235034e-01,-3.984024912381272654e-01,-2.833506360727763296e-01,-5.280901243521739508e-01,-9.591446339193122617e-01
2.558505162287220691e-01,5.556602584969616565e-01,-4.083397149982579966e-01,-3.235304719872188484e-01,-5.169545189665013529e-01,-1.005605468918073120e+00
2.557701343308768083e-01,5.557150931915001424e-01,-4.082679940320407819e-01,-3.234339993590160667e-01,-5.169858673394377435e-01,-1.005515881307964987e+00
2.556898565718369598e-01,5.557687253338813305e-01,-4.081987521671506802e-01,-3.233455798619351285e-01,-5.170132367362396675e-01,-1.005434281149662601e+00
2.556094515630724651e-01,5.558218716804109727e-01,-4.081304719507415357e-01,-3.232639764687736950e-01,-5.170395620056359443e-01,-1.005359157792008906e+00
2.555288534701404268e-01,5.558748097949350875e-01,-4.080625707877399422e-01,-3.231882271677652407e-01,-5.170659010029372560e-01,-1.005289485032168528e+00
2.554480566347867021e-01,5.559276490791822400e-01,-4.079948233648383882e-01,-3.231175389374750795e-01,-5.170926035582695812e-01,-1.005224480631389694e+00
2.553670757375601230e-01,5.559804342790258813e-01,-4.079271411686771209e-01,-3.230512389494483161e-01,-5.171197564513281275e-01,-1.005163506763561587e+00
2.552859309508793695e-01,5.560331850488152705e-01,-4.078594882826695467e-01,-3.229887486925742124e-01,-5.171473522566020220e-01,-1.005106025278898585e+00
2.552046425860871603e-01,5.560859111070675098e-01,-4.077918491942319479e-01,-3.229295677726244373e-01,-5.171753529501408320e-01,-1.005051574776146817e+00
2.551232293181275312e-01,5.561386180706928695e-01,-4.077242164569686578e-01,-3.228732622311836775e-01,-5.172037134732587749e-01,-1.004999756764640928e+00
2.550417077384593001e-01,5.561913097246894422e-01,-4.076565859383921020e-01,-3.228194553008657541e-01,-5.172323901100218668e-01,-1.004950225966231514e+00
2.549600923822867293e-01,5.562439889259011006e-01,-4.075889549686465552e-01,-3.227678197132757276e-01,-5.172613431534086592e-01,-1.004902682776830147e+00
2.548783959098335772e-01,5.562966579798986899e-01,-4.075213216029454077e-01,-3.227180711395926660e-01,-5.172905374610051732e-01,-1.004856867059886749e+00
2.547966293207599708e-01,5.563493188126331646e-01,-4.074536843140422748e-01,-3.226699625442649433e-01,-5.173199422679159998e-01,-1.004812552879780441e+00
2.547148021634940140e-01,5.564019730594575996e-01,-4.073860418530405592e-01,-3.226232792879277222e-01,-5.173495307674739196e-01,-1.004769543980631896e+00
2.546329227244251148e-01,5.564546221196370324e-01,-4.073183931775565814e-01,-3.225778348787892158e-01,-5.173792796502847402e-01,-1.004727669878789253e+00
2.545509981940059507e-01,5.565072671944473193e-01,-4.072507374095333255e-01,-3.225334672847535722e-01,-5.174091686657559253e-01,-1.004686782473835915e+00
2.544690348119719170e-01,5.565599093169487643e-01,-4.071830738056071985e-01,-3.224900357269392392e-01,-5.174391802285491782e-01,-1.004646753107221846e+00
2.543870379931708059e-01,5.566125493760726295e-01,-4.071154017354547960e-01,-3.224474178949924830e-01,-5.174692990699981676e-01,-1.004607470009276637e+00
2.543050124375238474e-01,5.566651881370832111e-01,-4.070477206636384793e-01,-3.224055075232130085e-01,-5.174995119344848460e-01,-1.004568836083365113e+00
2.542229622244099319e-01,5.567178262588060589e-01,-4.069800301354150607e-01,-3.223642122881574812e-01,-5.175298073141380018e-01,-1.004530766979158996e+00
2.541408908944427503e-01,5.567704643085341631e-01,-4.069123297644896553e-01,-3.223234519817137489e-01,-5.175601752190632787e-01,-1.004493189417276389e+00
2.540588015215500262e-01,5.568231027747034823e-01,-4.068446192226009561e-01,-3.222831569187962208e-01,-5.175906069768501094e-01,-1.004456039739500595e+00
2.539766967739948145e-01,5.568757420779170131e-01,-4.067768982309246106e-01,-3.222432665597293466e-01,-5.176210950592160520e-01,-1.004419262643763799e+00
2.538945789684496357e-01,5.569283825802574528e-01,-4.067091665527473587e-01,-3.222037283085724124e-01,-5.176516329307383479e-01,-1.004382810088440436e+00
2.538124501156370783e-01,5.569810245935392645e-01,-4.066414239871899983e-01,-3.221644964741596784e-01,-5.176822149184959754e-01,-1.004346640336893026e+00
2.537303119617463909e-01,5.570336683861345506e-01,-4.065736703638421212e-01,-3.221255313599016290e-01,-5.177128360975913335e-01,-1.004310717133535258e+00
2.536481660224846890e-01,5.570863141891529979e-01,-4.065059055381977093e-01,-3.220867984809903106e-01,-5.177434921931534095e-01,-1.004275008981668105e+00
2.535660136139461507e-01,5.571389622015023857e-01,-4.064381293878690515e-01,-3.220482678781209640e-01,-5.177741794941725928e-01,-1.004239488520228818e+00
2.534838558787479434e-01,5.571916125943635612e-01,-4.063703418093478903e-01,-3.220099135248773448e-01,-5.178048947791416001e-01,-1.004204131980185322e+00
2.534016938089383997e-01,5.572442655151604862e-01,-4.063025427149095092e-01,-3.219717128111438398e-01,-5.178356352519790651e-01,-1.004168918713419512e+00
2.533195282657771941e-01,5.572969210906688620e-01,-4.062347320307129750e-01,-3.219336460952145207e-01,-5.178663984851015201e-01,-1.004133830782890646e+00
2.501722924888010735e-01,5.537019273787926466e-01,-4.147376641975206724e-01,-3.627511603714559385e-01,-5.082749729507164416e-01,-1.049909619465883459e+00
2.500913015364313319e-01,5.537491852576853502e-01,-4.146823467668386276e-01,-3.626533620572198191e-01,-5.082983680337612720e-01,-1.049822099211066728e+00
2.500103923179689547e-01,5.537954937706652814e-01,-4.146289679147248108e-01,-3.625636753431917825e-01,-5.083186517894916490e-01,-1.049742367662281683e+00
2.499293471474251238e-01,5.538414237713241706e-01,-4.145763237556229219e-01,-3.624808276684399755e-01,-5.083381978104891674e-01,-1.049669052067456088e+00
2.498481047359791540e-01,5.538871978060709855e-01,-4.145239494225875787e-01,-3.624038429249510918e-01,-5.083578625045429566e-01,-1.049601174833471262e+00
2.497666610654388497e-01,5.539329035374904731e-01,-4.144716657031897733e-01,-3.623319226848357166e-01,-5.083779240751665762e-01,-1.049537969889171807e+00
2.496850315180244584e-01,5.539785762601676655e-01,-4.144194038224193744e-01,-3.622643921423296942e-01,-5.083984442654009284e-01,-1.049478803963458828e+00
2.496032366376811917e-01,5.540242308198850552e-01,-4.143671377122396526e-01,-3.622006720977934968e-01,-5.084194072040479906e-01,-1.049423139439568109e+00
2.495212969634512390e-01,5.540698739790091976e-01,-4.143148578172357599e-01,-3.621402619189706407e-01,-5.084407722579145084e-01,-1.049370514162491164e+00
2.494392313176100884e-01,5.541155092217687761e-01,-4.142625609559047462e-01,-3.620827275403245005e-01,-5.084624937646468057e-01,-1.049320528568297162e+00
2.493570563853445832e-01,5.541611386343781032e-01,-4.142102463911858656e-01,-3.620276921085926469e-01,-5.084845280606583584e-01,-1.049272836311542001e+00
2.492747867582418009e-01,5.542067636513314799e-01,-4.141579143042909972e-01,-3.619748282573266307e-01,-5.085068356787382227e-01,-1.049227136826184736e+00
2.491924351254958259e-01,5.542523853606616813e-01,-4.141055652007705201e-01,-3.619238515488810148e-01,-5.085293817475846634e-01,-1.049183169134024762e+00
2.491100124981042718e-01,5.542980046362335766e-01,-4.140531996785613567e-01,-3.618745148264898015e-01,-5.085521357556344046e-01,-1.049140706575619530e+00
2.490275284236631581e-01,5.543436222008449876e-01,-4.140008183382591911e-01,-3.618266033269797455e-01,-5.085750711197750684e-01,-1.049099552273455416e+00
2.489449911800280801e-01,5.543892386609798884e-01,-4.139484217486953943e-01,-3.617799304363901181e-01,-5.085981647241039072e-01,-1.049059535209348359e+00
2.488624079444752557e-01,5.544348545288417807e-01,-4.138960104354896807e-01,-3.617343340064333446e-01,-5.086213964847223767e-01,-1.049020506822741172e+00
2.487797849414090656e-01,5.544804702384051875e-01,-4.138435848778458936e-01,-3.616896731489657735e-01,-5.086447489595568028e-01,-1.048982338060010955e+00
2.486971275699048634e-01,5.545260861576758460e-01,-4.137911455098775004e-01,-3.616458254514718362e-01,-5.086682070032313430e-01,-1.048944916811274997e+00
2.486144405138033253e-01,5.545717025990646309e-01,-4.137386927226534006e-01,-3.616026845567566483e-01,-5.086917574667579878e-01,-1.048908145685492954e+00
2.485317278371082794e-01,5.546173198275733407e-01,-4.136862268678639931e-01,-3.615601580591781827e-01,-5.087153889340969570e-01,-1.048871940077099829e+00
2.484489930665631230e-01,5.546629380680889732e-01,-4.136337482606508575e-01,-3.615181656750597328e-01,-5.087390914946904319e-01,-1.048836226487954049e+00
2.483662392630257287e-01,5.547085575113848144e-01,-4.135812571829021733e-01,-3.614766376536520109e-01,-5.087628565451050022e-01,-1.048800941068720238e+00
2.482834690832736169e-01,5.547541783191499709e-01,-4.135287538865843326e-01,-3.614355133961039690e-01,-5.087866766163103849e-01,-1.048766028352509316e+00
2.482006848334972204e-01,5.547998006284902139e-01,-4.134762385963241527e-01,-3.613947402549243515e-01,-5.088105452248394833e-01,-1.048731440154069716e+00
2.481178885157436509e-01,5.548454245554431674e-01,-4.134237115125433681e-01,-3.613542724914181048e-01,-5.088344567420428621e-01,-1.048697134614025916e+00
2.480350818679900593e-01,5.548910501983718158e-01,-4.133711728134721874e-01,-3.613140703696312572e-01,-5.088584062823008347e-01,-1.048663075368533537e+00
2.479522663990067488e-01,5.549366776404609514e-01,-4.133186226578461353e-01,-3.612740993689838032e-01,-5.088823896044171180e-01,-1.048629230827132552e+00
2.478694434189693541e-01,5.549823069520372076e-01,-4.132660611867622347e-01,-3.612343294987635511e-01,-5.089064030266794436e-01,-1.048595573547659088e+00
2.477866140654360616e-01,5.550279381925127264e-01,-4.132134885256439905e-01,-3.611947347046711720e-01,-5.089304433531749439e-01,-1.048562079690328552e+00
2.477037793260755405e-01,5.550735714120861308e-01,-4.131609047858905148e-01,-3.611552923524074532e-01,-5.089545078097145181e-01,-1.048528728545873534e+00
2.476209400582211062e-01,5.551192066530774571e-01,-4.131083100666156915e-01,-3.611159827799993449e-01,-5.089785939880538956e-01,-1.048495502123132139e+00
2.444564071178637332e-01,5.522808304901617449e-01,-4.202255190485005287e-01,-4.024233538368436891e-01,-5.009258566834597914e-01,-1.093653973796657963e+00
2.443756225953838401e-01,5.523205407612790108e-01,-4.201866513840177841e-01,-4.023249879199350398e-01,-5.009410638932936255e-01,-1.093568418303040746e+00
2.442948671176475295e-01,5.523595414992752417e-01,-4.201492081030139825e-01,-4.022347419941516011e-01,-5.009540177984086462e-01,-1.093490481887262389e+00
2.442139515750544609e-01,5.523982694361024848e-01,-4.201122763564172913e-01,-4.021513415992767904e-01,-5.009665502811215809e-01,-1.093418909877917233e+00
2.441328258435299381e-01,5.524368945414966925e-01,-4.200755046213177080e-01,-4.020738093660495838e-01,-5.009793153683421707e-01,-1.093352767478932952e+00
2.440514905854039296e-01,5.524754828654161454e-01,-4.200387596720793759e-01,-4.020013461631770646e-01,-5.009925161468057331e-01,-1.093291303220371269e+00
2.439699633874681250e-01,5.525140599729464475e-01,-4.200019929844319710e-01,-4.019332767575386489e-01,-5.010061868318805844e-01,-1.093233888012183908e+00
2.438882660002321123e-01,5.525526356547660889e-01,-4.199651887134334127e-01,-4.018690216233040124e-01,-5.010203017356033017e-01,-1.093179984680329619e+00
2.438064197281034351e-01,5.525912135553230353e-01,-4.199283434451149821e-01,-4.018080798199173409e-01,-5.010348169396321438e-01,-1.093129130264542725e+00
2.437244439359272929e-01,5.526297949266070209e-01,-4.198914583261377786e-01,-4.017500169638211771e-01,-5.010496858620210325e-01,-1.093080924063304815e+00
2.436423557212493429e-01,5.526683800930928259e-01,-4.198545360173173147e-01,-4.016944558708628876e-01,-5.010648647433536551e-01,-1.093035018584396889e+00
2.435601700012551829e-01,5.527069690245958178e-01,-4.198175795272047206e-01,-4.016410688399441042e-01,-5.010803142817767952e-01,-1.092991112209351190e+00
2.434778997282522617e-01,5.527455615606448047e-01,-4.197805917794010244e-01,-4.015895711026432058e-01,-5.010959998316810715e-01,-1.092948943026032405e+00
2.433955561287469427e-01,5.527841574988852091e-01,-4.197435754644351369e-01,-4.015397151837616363e-01,-5.011118911003925591e-01,-1.092908283556435656e+00
2.433131489293533789e-01,5.528227566298612450e-01,-4.197065330020016694e-01,-4.014912860155167018e-01,-5.011279616979898988e-01,-1.092868936210096065e+00
2.432306865564621556e-01,5.528613587508385274e-01,-4.196694665454571149e-01,-4.014440967036400076e-01,-5.011441886733617457e-01,-1.092830729345581231e+00
2.431481763128250650e-01,5.528999636709588383e-01,-4.196323780005030146e-01,-4.013979848374852888e-01,-5.011605520818106507e-01,-1.092793513860321752e+00
2.430656245285215122e-01,5.529385712130476804e-01,-4.195952690488609083e-01,-4.013528092905636613e-01,-5.011770345981693131e-01,-1.092757160226158319e+00
2.429830366925891938e-01,5.529771812139306908e-01,-4.195581411716011733e-01,-4.013084474324332684e-01,-5.011936211759079329e-01,-1.092721555919726528e+00
2.429004175657117348e-01,5.530157935240862521e-01,-4.195209956715833521e-01,-4.012647927088149324e-01,-5.012102987489880368e-01,-1.092686603188134153e+00
2.428177712777654096e-01,5.530544080069844659e-01,-4.194838336939272772e-01,-4.012217525359177972e-01,-5.012270559719558261e-01,-1.092652217109039148e+00
2.427351014121125472e-01,5.530930245384038102e-01,-4.194466562442450419e-01,-4.011792464707197303e-01,-5.012438829940344398e-01,-1.092618323907159184e+00
2.426524110786230093e-01,5.531316430055833733e-01,-4.194094642050590349e-01,-4.011372046185752160e-01,-5.012607712626890866e-01,-1.092584859490399296e+00
2.425697029762996781e-01,5.531702633063702024e-01,-4.193722583507444868e-01,-4.010955662528547516e-01,-5.012777133524135564e-01,-1.092551768179046201e+00
2.424869794479016238e-01,5.532088853483971835e-01,-4.193350393604485249e-01,-4.010542786123793002e-01,-5.012947028166238050e-01,-1.092519001600597894e+00
2.424042425271177581e-01,5.532475090483870428e-01,-4.192978078294562483e-01,-4.010132958572817374e-01,-5.013117340589389181e-01,-1.092486517731632523e+00
2.423214939797478096e-01,5.532861343312270863e-01,-4.192605642796117804e-01,-4.009725781605051331e-01,-5.013288022206321415e-01,-1.092454280064590222e+00
2.422387353385646036e-01,5.533247611294013213e-01,-4.192233091682199819e-01,-4.009320909213968109e-01,-5.013459030839982900e-01,-1.092422256882524589e+00
2.421559679350061833e-01,5.533633893821728877e-01,-4.191860428958759099e-01,-4.008918040769382518e-01,-5.013630329872694746e-01,-1.092390420633030601e+00
2.420731929246290048e-01,5.534020190351157664e-01,-4.191487658135930050e-01,-4.008516915108041312e-01,-5.013801887519815370e-01,-1.092358747378505468e+00
2.419904113111257526e-01,5.534406500393883599e-01,-4.191114782288459795e-01,-4.008117305323861124e-01,-5.013973676187772899e-01,-1.092327216323564221e+00
2.419076239662952543e-01,5.534792823512332260e-01,-4.190741804109178181e-01,-4.007719014279177983e-01,-5.014145671922040082e-01,-1.092295809402888063e+00
2.386564830398159587e-01,5.513692517734081200e-01,-4.248605695630140455e-01,-4.424314338403037561e-01,-4.948919697753836333e-01,-1.136897570204877583e+00
2.385767403417562993e-01,5.514014563178880612e-01,-4.248380907701811426e-01,-4.423332335814413874e-01,-4.948988041466942933e-01,-1.136813882422749389e+00
2.384969425791861886e-01,5.514331811235186898e-01,-4.248165476439163535e-01,-4.422431141896999152e-01,-4.949042357106738232e-01,-1.136737670749123241e+00
2.384169449436779609e-01,5.514647372817021997e-01,-4.247952990704167986e-01,-4.421598310506333895e-01,-4.949095689970028356e-01,-1.136667781642084929e+00
2.383367153974770836e-01,5.514962441135347060e-01,-4.247741021141937523e-01,-4.420824179375523744e-01,-4.949152554696445994e-01,-1.136603317614097275e+00
2.382562624283475206e-01,5.515277462633690897e-01,-4.247528686927773411e-01,-4.420100796510338381e-01,-4.949214208176165863e-01,-1.136543540070245051e+00
2.381756073557302900e-01,5.515592594270140037e-01,-4.247315705430121380e-01,-4.419421420934447342e-01,-4.949280699950397988e-01,-1.136487823556894705e+00
2.380947739708954014e-01,5.515907881902802901e-01,-4.247102021356206070e-01,-4.418780257803797129e-01,-4.949351664890845881e-01,-1.136435631142854508e+00
2.380137848715215276e-01,5.516223329762083294e-01,-4.246887662306512157e-01,-4.418172293864915390e-01,-4.949426625642004418e-01,-1.136386498951173607e+00
2.379326603487650627e-01,5.516538927395651104e-01,-4.246672682816263200e-01,-4.417593179859952146e-01,-4.949505104434351876e-01,-1.136340025044765500e+00
2.378514182199124305e-01,5.516854660021450751e-01,-4.246457142972465681e-01,-4.417039138053807656e-01,-4.949586661222762363e-01,-1.136295860683944392e+00
2.377700739874828439e-01,5.517170512415816575e-01,-4.246241100538016844e-01,-4.416506885587488940e-01,-4.949670903725200688e-01,-1.136253703091735234e+00
2.376886410928280846e-01,5.517486470291130818e-01,-4.246024608327271244e-01,-4.415993569145272857e-01,-4.949757487091108743e-01,-1.136213289316112096e+00
2.376071311766109195e-01,5.517802520709372827e-01,-4.245807713608470424e-01,-4.415496708671594606e-01,-4.949846110055200477e-01,-1.136174390957266800e+00
2.375255543178377282e-01,5.518118652130744595e-01,-4.245590458270032119e-01,-4.415014148603061406e-01,-4.949936510187851191e-01,-1.136136809608361720e+00
2.374439192459786574e-01,5.518434854332181505e-01,-4.245372879243948794e-01,-4.414544015455247328e-01,-4.950028459204710574e-01,-1.136100372910215706e+00
2.373622335237335623e-01,5.518751118286266966e-01,-4.245155009004940583e-01,-4.414084681003713762e-01,-4.950121758661898963e-01,-1.136064931125408517e+00
2.372805037060065902e-01,5.519067436034108542e-01,-4.244936876057548436e-01,-4.413634730206595913e-01,-4.950216236120484337e-01,-1.136030354167848033e+00
2.371987354753326838e-01,5.519383800565902387e-01,-4.244718505395451702e-01,-4.413192933369907700e-01,-4.950311741775103025e-01,-1.135996529019612122e+00
2.371169337605352201e-01,5.519700205710520446e-01,-4.244499918912300607e-01,-4.412758221857684404e-01,-4.950408145500100332e-01,-1.135963357493096515e+00
2.370351028368245794e-01,5.520016646037831931e-01,-4.244281135777823732e-01,-4.412329667065797434e-01,-4.950505334277321978e-01,-1.135930754281394783e+00
2.369532464138793537e-01,5.520333116771117821e-01,-4.244062172765646901e-01,-4.411906462063223122e-01,-4.950603209955253825e-01,-1.135898645269469043e+00
2.368713677110419469e-01,5.520649613709723846e-01,-4.243843044547651044e-01,-4.411487905675088861e-01,-4.950701687298476039e-01,-1.135866966065235628e+00
2.367894695224743995e-01,5.520966133160450928e-01,-4.243623763953537908e-01,-4.411073388633809933e-01,-4.950800692291930094e-01,-1.135835660723365725e+00
2.367075542740429694e-01,5.521282671876844850e-01,-4.243404342197079071e-01,-4.410662381524156905e-01,-4.950900160667250915e-01,-1.135804680637886532e+00
2.366256240715433889e-01,5.521599227006034338e-01,-4.243184789079705865e-01,-4.410254424347291868e-01,-4.951000036620911149e-01,-1.135773983578303836e+00
2.365436807435232214e-01,5.521915796041354518e-01,-4.242965113164808844e-01,-4.409849117403773500e-01,-4.951100271701618927e-01,-1.135743532853892068e+00
2.364617258776548214e-01,5.522232376780715768e-01,-4.242745321934476843e-01,-4.409446113404598133e-01,-4.951200823841420129e-01,-1.135713296586750687e+00
2.363797608526547744e-01,5.522548967290230593e-01,-4.242525421923883933e-01,-4.409045110597524242e-01,-4.951301656517508865e-01,-1.135683247080405689e+00
2.362977868660715020e-01,5.522865565871063476e-01,-4.242305418841325060e-01,-4.408645846788779576e-01,-4.951402738018707006e-01,-1.135653360271895229e+00
2.362158049577884611e-01,5.523182171032244847e-01,-4.242085317671707156e-01,-4.408248094175220011e-01,-4.951504040815580820e-01,-1.135623615254685026e+00
2.361338160309249534e-01,5.523498781464709628e-01,-4.241865122768943008e-01,-4.407851654828442434e-01,-4.951605541007538802e-01,-1.135593993864197015e+00
2.327246992565921713e-01,5.509430677398705622e-01,-4.287021141009231262e-01,-4.826686261025717739e-01,-4.901584387291363365e-01,-1.179692788227374889e+00
2.326468370861934365e-01,5.509678169343356080e-01,-4.286958631742027737e-01,-4.825712998111290619e-01,-4.901567598961906747e-01,-1.179610872960113355e+00
2.325688037483839843e-01,5.509923098373967765e-01,-4.286900829618229825e-01,-4.824819693307118573e-01,-4.901545247807888028e-01,-1.179536315266632052e+00
2.324905152111489126e-01,5.510167369114269409e-01,-4.286843884770731306e-01,-4.823994508068806808e-01,-4.901525185980492028e-01,-1.179468048276522074e+00
2.324119645509454823e-01,5.510411681112928894e-01,-4.286786405368581687e-01,-4.823228011903168966e-01,-4.901509904024334285e-01,-1.179405206656798155e+00
2.323331711884467077e-01,5.510656269086858794e-01,-4.286727947383506265e-01,-4.822512336936681798e-01,-4.901499873524824413e-01,-1.179347062843584704e+00
2.322541616564487987e-01,5.510901191112155262e-01,-4.286668426148420030e-01,-4.821840768450861292e-01,-4.901494841983305983e-01,-1.179292994333988043e+00
2.321749625849441612e-01,5.511146440457758144e-01,-4.286607887584091836e-01,-4.821207515353648776e-01,-4.901494330076117678e-01,-1.179242464146746050e+00
2.320955983679258428e-01,5.511391988711749068e-01,-4.286546419741201763e-01,-4.820607559620251892e-01,-4.901497818751710533e-01,-1.179195007321669486e+00
2.320160905894667891e-01,5.511637802167943523e-01,-4.286484119085755551e-01,-4.820036544237087939e-01,-4.901504816146139976e-01,-1.179150220556030915e+00
2.319364580813843002e-01,5.511883847836762662e-01,-4.286421078118947681e-01,-4.819490682952407568e-01,-4.901514878342670412e-01,-1.179107753740535225e+00
2.318567171832509322e-01,5.512130095452910661e-01,-4.286357381287029811e-01,-4.818966684459564109e-01,-4.901527612755993135e-01,-1.179067302823545216e+00
2.317768820441824529e-01,5.512376517960984046e-01,-4.286293104082792849e-01,-4.818461687451428554e-01,-4.901542675306777563e-01,-1.179028603697650945e+00
2.316969649112972096e-01,5.512623091442592216e-01,-4.286228313336745699e-01,-4.817973204437299151e-01,-4.901559765679052161e-01,-1.178991426927024078e+00
2.316169763865391640e-01,5.512869794859667216e-01,-4.286163067917278524e-01,-4.817499073015550914e-01,-4.901578622287166009e-01,-1.178955573182111527e+00
2.315369256517945951e-01,5.513116609748658359e-01,-4.286097419536629149e-01,-4.817037413452550099e-01,-4.901599017513564860e-01,-1.178920869281979922e+00
2.314568206622357183e-01,5.513363519924119327e-01,-4.286031413544501567e-01,-4.816586591824150720e-01,-4.901620753414064890e-01,-1.178887164758933626e+00
2.313766683129057367e-01,5.513610511206686882e-01,-4.285965089664374728e-01,-4.816145187942847405e-01,-4.901643657913691832e-01,-1.178854328876587365e+00
2.312964745824827029e-01,5.513857571177748218e-01,-4.285898482662837128e-01,-4.815711967430877372e-01,-4.901667581459868694e-01,-1.178822248040436671e+00
2.312162446565839691e-01,5.514104688963934464e-01,-4.285831622947512409e-01,-4.815285857451970797e-01,-4.901692394100485850e-01,-1.178790823548671263e+00
2.311359830343427679e-01,5.514351855045812600e-01,-4.285764537100479887e-01,-4.814865925592527462e-01,-4.901717982928203154e-01,-1.178759969638971450e+00
2.310556936197753486e-01,5.514599061090893484e-01,-4.285697248350734956e-01,-4.814451361519582751e-01,-4.901744249857671321e-01,-1.178729611790292120e+00
2.309753798016571658e-01,5.514846299806112073e-01,-4.285629776988519324e-01,-4.814041460987679710e-01,-4.901771109685751915e-01,-1.178699685250559570e+00
2.308950445218359293e-01,5.515093564809364635e-01,-4.285562140731413727e-01,-4.813635611971466277e-01,-4.901798488408097287e-01,-1.178670133755010729e+00
2.308146903343301359e-01,5.515340850515982885e-01,-4.285494355048536930e-01,-4.813233282602916718e-01,-4.901826321750098470e-01,-1.178640908412703414e+00
2.307343194569742850e-01,5.515588152039733183e-01,-4.285426433441542615e-01,-4.812834010670357099e-01,-4.901854553890565014e-01,-1.178611966741302863e+00
2.306539338157370667e-01,5.515835465105346502e-01,-4.285358387694456761e-01,-4.812437394506614008e-01,-4.901883136350949077e-01,-1.178583271825921264e+00
2.305735350833971464e-01,5.516082785973174252e-01,-4.285290228088451947e-01,-4.812043085053222535e-01,-4.901912027033992203e-01,-1.178554791590032291e+00
2.304931247126084382e-01,5.516330111372281797e-01,-4.285221963594544325e-01,-4.811650778990502753e-01,-4.901941189383027253e-01,-1.178526498160925584e+00
2.304127039653771636e-01,5.516577438441332415e-01,-4.285153602038542786e-01,-4.811260212724092766e-01,-4.901970591653552201e-01,-1.178498367318792317e+00
2.303322739377768602e-01,5.516824764678552873e-01,-4.285085150246497609e-01,-4.810871157200474202e-01,-4.902000206282591810e-01,-1.178470378018028786e+00
2.302518355821946416e-01,5.517072087895726895e-01,-4.285016614172224569e-01,-4.810483413368702998e-01,-4.902030009334968352e-01,-1.178442511971842022e+00
2.266130272965984072e-01,5.509821103642307261e-01,-4.318105501307027971e-01,-5.230359233930557128e-01,-4.867121078691118430e-01,-1.222085856651031310e+00
2.265378717433652045e-01,5.509994594660292400e-01,-4.318202732410787448e-01,-5.229401555207479069e-01,-4.867018170138731614e-01,-1.222005615422896208e+00
2.264623968353520478e-01,5.510167732919597494e-01,-4.318300236022806216e-01,-5.228522529778237837e-01,-4.866918168205212614e-01,-1.221932635896468389e+00
2.263865965026467530e-01,5.510341231316969735e-01,-4.318396606546166527e-01,-5.227711238622094747e-01,-4.866823742843812139e-01,-1.221865925384632012e+00
2.263104958843679959e-01,5.510515301394005583e-01,-4.318491442538045511e-01,-5.226958600647172437e-01,-4.866735363046130192e-01,-1.221804645832458291e+00
2.262341282710418067e-01,5.510689968358795099e-01,-4.318584716993792427e-01,-5.226256874468333535e-01,-4.866652714634131516e-01,-1.221748078777576740e+00
2.261575267667073341e-01,5.510865192291043435e-01,-4.318676534212192997e-01,-5.225599385098772531e-01,-4.866575241655972661e-01,-1.221695603869203062e+00
2.260807215660189662e-01,5.511040914237984589e-01,-4.318767036641761869e-01,-5.224980347867418384e-01,-4.866502348974265368e-01,-1.221646683704449732e+00
2.260037393225896585e-01,5.511217073309704340e-01,-4.318856369888617319e-01,-5.224394738782700554e-01,-4.866433474282386151e-01,-1.221600852026536010e+00
2.259266032578834960e-01,5.511393612629001959e-01,-4.318944670261308239e-01,-5.223838190667559056e-01,-4.866368110203609376e-01,-1.221557704010131307e+00
2.258493335009015279e-01,5.511570481046745851e-01,-4.319032061004104417e-01,-5.223306906082150203e-01,-4.866305807681261530e-01,-1.221516888041914051e+00
2.257719474709714569e-01,5.511747633286572245e-01,-4.319118651840272993e-01,-5.222797582719105325e-01,-4.866246172698620032e-01,-1.221478098667650336e+00
2.256944602376562692e-01,5.511925029548090382e-01,-4.319204539725370329e-01,-5.222307348933449278e-01,-4.866188860953155060e-01,-1.221441070501475323e+00
2.256168848421102324e-01,5.512102634950208913e-01,-4.319289809993410167e-01,-5.221833707686677206e-01,-4.866133572197873791e-01,-1.221405572953984997e+00
2.255392325753452776e-01,5.512280418968658058e-01,-4.319374537569468653e-01,-5.221374487815845233e-01,-4.866080044908838165e-01,-1.221371405660347076e+00
2.254615132182054005e-01,5.512458354908863489e-01,-4.319458788140028149e-01,-5.220927801614118069e-01,-4.866028051444644675e-01,-1.221338394511347181e+00
2.253837352470507704e-01,5.512636419434540080e-01,-4.319542619229273517e-01,-5.220492007925615630e-01,-4.865977393749083557e-01,-1.221306388208428073e+00
2.253059060112347634e-01,5.512814592149215542e-01,-4.319626081168865261e-01,-5.220065679991698904e-01,-4.865927899566345194e-01,-1.221275255272248339e+00
2.252280318848783880e-01,5.512992855228121547e-01,-4.319709217971057780e-01,-5.219647577510083680e-01,-4.865879419116002080e-01,-1.221244881443751984e+00
2.251501183981368670e-01,5.513171193096118028e-01,-4.319792068098712301e-01,-5.219236622299094908e-01,-4.865831822192075440e-01,-1.221215167427280424e+00
2.250721703504837690e-01,5.513349592143871325e-01,-4.319874665151070547e-01,-5.218831877122699359e-01,-4.865784995619591435e-01,-1.221186026930504598e+00
2.249941919077698416e-01,5.513528040481743275e-01,-4.319957038467316379e-01,-5.218432527303713542e-01,-4.865738841045731400e-01,-1.221157384959838277e+00
2.249161866869177073e-01,5.513706527721955464e-01,-4.320039213659337407e-01,-5.218037864694330397e-01,-4.865693273005561315e-01,-1.221129176340460143e+00
2.248381578285975624e-01,5.513885044790235446e-01,-4.320121213078746969e-01,-5.217647273768446503e-01,-4.865648217241406726e-01,-1.221101344431205327e+00
2.247601080599556655e-01,5.514063583760419052e-01,-4.320203056228839045e-01,-5.217260219526724807e-01,-4.865603609240432004e-01,-1.221073840005404199e+00
2.246820397499775523e-01,5.514242137709292058e-01,-4.320284760121211320e-01,-5.216876236940047873e-01,-4.865559392960037699e-01,-1.221046620281622141e+00
2.246039549564084747e-01,5.514420700589577340e-01,-4.320366339594829963e-01,-5.216494921818751740e-01,-4.865515519715165049e-01,-1.221019648079084030e+00
2.245258554666313411e-01,5.514599267120418036e-01,-4.320447807590086509e-01,-5.216115922860372622e-01,-4.865471947219559556e-01,-1.220992891083704235e+00
2.244477428335008296e-01,5.514777832689745640e-01,-4.320529175391218946e-01,-5.215738934725824283e-01,-4.865428638742246292e-01,-1.220966321211865324e+00
2.243696184060684773e-01,5.514956393270367130e-01,-4.320610452836561866e-01,-5.215363692031915743e-01,-4.865385562381881468e-01,-1.220939914055917841e+00
2.242914833567480892e-01,5.515134945345663287e-01,-4.320691648501877591e-01,-5.214989964108184273e-01,-4.865342690431405659e-01,-1.220913648403927798e+00
2.242133387039129122e-01,5.515313485845205754e-01,-4.320772769865001695e-01,-5.214617550484882402e-01,-4.865299998825878269e-01,-1.220887505820064556e+00
2.202742833289556001e-01,5.514704518381852161e-01,-4.342465544346025830e-01,-5.634407952430957600e-01,-4.845425880421433407e-01,-1.264117592726711203e+00
2.202026327708465903e-01,5.514804578186811579e-01,-4.342719125387062840e-01,-5.633472482165458040e-01,-4.845236268185683093e-01,-1.264038917700846198e+00
2.201304829451612988e-01,5.514906511264746625e-01,-4.342968733292679739e-01,-5.632613900536448392e-01,-4.845058082688163403e-01,-1.263967429996752934e+00
2.200579236113520964e-01,5.515009817426853589e-01,-4.343215329107286138e-01,-5.631822533531234409e-01,-4.844888751513847236e-01,-1.263902199978212071e+00
2.199850186599097701e-01,5.515114218497809695e-01,-4.343459457044222538e-01,-5.631089765317788265e-01,-4.844726725010755630e-01,-1.263842412164807527e+00
2.199118178886936004e-01,5.515219532152281223e-01,-4.343701483093619364e-01,-5.630408020144611614e-01,-4.844570913357920672e-01,-1.263787355191175799e+00
2.198383621378958153e-01,5.515325622341705758e-01,-4.343941687676134977e-01,-5.629770674214406023e-01,-4.844420463600156435e-01,-1.263736409971850216e+00
2.197646857888354843e-01,5.515432379106895988e-01,-4.344180302575711972e-01,-5.629171950958884452e-01,-4.844274667446537563e-01,-1.263689038252610031e+00
2.196908181659849579e-01,5.515539709796112300e-01,-4.344417526547329489e-01,-5.628606818843406856e-01,-4.844132919740379295e-01,-1.263644772232271896e+00
2.196167844470391928e-01,5.515647534780870886e-01,-4.344653532728183221e-01,-5.628070898029520208e-01,-4.843994696916625320e-01,-1.263603205389085993e+00
2.195426063266674166e-01,5.515755785010378887e-01,-4.344888472831379134e-01,-5.627560377279501314e-01,-4.843859543693138092e-01,-1.263563984458712763e+00
2.194683025379224883e-01,5.515864400368857279e-01,-4.345122480017674649e-01,-5.627071940838347386e-01,-4.843727063449387860e-01,-1.263526802449803421e+00
2.193938892781331640e-01,5.515973328431140743e-01,-4.345355671159207844e-01,-5.626602704458182336e-01,-4.843596910526797861e-01,-1.263491392572037686e+00
2.193193805660600959e-01,5.516082523445733354e-01,-4.345588148762399849e-01,-5.626150159497871339e-01,-4.843468783721955884e-01,-1.263457522962693647e+00
2.192447885438014998e-01,5.516191945474558933e-01,-4.345820002658842274e-01,-5.625712124196836639e-01,-4.843342420656515102e-01,-1.263424992106771505e+00
2.191701237342733866e-01,5.516301559650473862e-01,-4.346051311509407378e-01,-5.625286701213828566e-01,-4.843217592856385867e-01,-1.263393624858708320e+00
2.190953952615334599e-01,5.516411335533346616e-01,-4.346282144142490922e-01,-5.624872240640276244e-01,-4.843094101441523525e-01,-1.263363268987824028e+00
2.190206110400862438e-01,5.516521246547962942e-01,-4.346512560744554832e-01,-5.624467307799269067e-01,-4.842971773347137243e-01,-1.263333792176998260e+00
2.189457779370768409e-01,5.516631269495083645e-01,-4.346742613917364828e-01,-5.624070655234666427e-01,-4.842850458016289550e-01,-1.263305079414796195e+00
2.188709019132737410e-01,5.516741384122308967e-01,-4.346972349610216391e-01,-5.623681198287574512e-01,-4.842730024502757136e-01,-1.263277030731252859e+00
2.187959881433994558e-01,5.516851572751005905e-01,-4.347201807947955188e-01,-5.623297993903567660e-01,-4.842610358938554405e-01,-1.263249559228984964e+00
2.187210411208537486e-01,5.516961819949857126e-01,-4.347431023956033758e-01,-5.622920222156660985e-01,-4.842491362326442061e-01,-1.263222589372400728e+00
2.186460647483053077e-01,5.517072112249237215e-01,-4.347660028199952231e-01,-5.622547170180338671e-01,-4.842372948607398531e-01,-1.263196055502420201e+00
2.185710624155576265e-01,5.517182437892804714e-01,-4.347888847347149976e-01,-5.622178218209461509e-01,-4.842255042981238877e-01,-1.263169900543700930e+00
2.184960370673780239e-01,5.517292786619958367e-01,-4.348117504658977062e-01,-5.621812827428193104e-01,-4.842137580440066813e-01,-1.263144074882513346e+00
2.184209912623945038e-01,5.517403149475311741e-01,-4.348346020422201308e-01,-5.621450529394230733e-01,-4.842020504489731869e-01,-1.263118535391154706e+00
2.183459272234331838e-01,5.517513518644200365e-01,-4.348574412326943195e-01,-5.621090916870710164e-01,-4.841903766042097157e-01,-1.263093244579068575e+00
2.182708468821561998e-01,5.517623887306836172e-01,-4.348802695796256668e-01,-5.620733635815993168e-01,-4.841787322444610631e-01,-1.263068169856655265e+00
2.181957519173877980e-01,5.517734249511746514e-01,-4.349030884275101316e-01,-5.620378378433351640e-01,-4.841671136637782369e-01,-1.263043282894630526e+00
2.181206437879145421e-01,5.517844600066187377e-01,-4.349258989483252291e-01,-5.620024877147210551e-01,-4.841555176426222684e-01,-1.263018559066009683e+00
2.180455237614229158e-01,5.517954934439767145e-01,-4.349487021635517481e-01,-5.619672899350511841e-01,-4.841439413840106232e-01,-1.262993976963074250e+00
2.179703929398056350e-01,5.518065248679474566e-01,-4.349714989634344553e-01,-5.619322242820099511e-01,-4.841323824580316404e-01,-1.262969517976115563e+00
2.137147214764147096e-01,5.523764624578993976e-01,-4.361131669500781793e-01,-6.029193023689036757e-01,-4.835370882568199025e-01,-1.305016856227347422e+00
2.136405878686425119e-01,5.523817247877716996e-01,-4.361483235427945915e-01,-6.029429344216697961e-01,-4.835231439975306578e-01,-1.305045013991293690e+00
2.135666139506662287e-01,5.523870971358255666e-01,-4.361833283257318672e-01,-6.029591094343481616e-01,-4.835095028156067842e-01,-1.305066539294221561e+00
2.134928992145938564e-01,5.523924297977030884e-01,-4.362184493801103402e-01,-6.029689773049663470e-01,-4.834955389962645178e-01,-1.305082358981080937e+00
2.134194553571720776e-01,5.523976761768134569e-01,-4.362537649606421652e-01,-6.029734284443936110e-01,-4.834810751467030210e-01,-1.305093239766665469e+00
2.133462642352432492e-01,5.524028272987575594e-01,-4.362892848415729774e-01,-6.029731955544460620e-01,-4.834660949274607877e-01,-1.305099833751311333e+00
2.132732993076973949e-01,5.524078872814719432e-01,-4.363249956371244576e-01,-6.029688998749582751e-01,-4.834506358615889843e-01,-1.305102702597614073e+00
2.132005333695744798e-01,5.524128642240899723e-01,-4.363608775173608567e-01,-6.029610754613393686e-01,-4.834347498801631060e-01,-1.305102332768231177e+00
2.131279411596088413e-01,5.524177668926799623e-01,-4.363969101929096595e-01,-6.029501842670401679e-01,-4.834184892643016429e-01,-1.305099146607546556e+00
2.130555000698287904e-01,5.524226035770227750e-01,-4.364330748997945486e-01,-6.029366269794113053e-01,-4.834019020450668891e-01,-1.305093511167234155e+00
2.129831901724341392e-01,5.524273817523444041e-01,-4.364693549156725694e-01,-6.029207515719000599e-01,-4.833850308684661257e-01,-1.305085745579897871e+00
2.129109940168971427e-01,5.524321080328167266e-01,-4.365057355563579100e-01,-6.029028604133617186e-01,-4.833679130816728176e-01,-1.305076127359149130e+00
2.128388963691014990e-01,5.524367882243130801e-01,-4.365422040036349149e-01,-6.028832163099790975e-01,-4.833505812067667717e-01,-1.305064897842875382e+00
2.127668839481277330e-01,5.524414274062144914e-01,-4.365787490940832294e-01,-6.028620477162208724e-01,-4.833330635006725107e-01,-1.305052266909898950e+00
2.126949451845621397e-01,5.524460300158446913e-01,-4.366153611131317058e-01,-6.028395532399130063e-01,-4.833153844940224486e-01,-1.305038417079073421e+00
2.126230700045137756e-01,5.524505999272284473e-01,-4.366520316082473374e-01,-6.028159055486308482e-01,-4.832975654773355445e-01,-1.305023507075419698e+00
2.125512496383865080e-01,5.524551405217152933e-01,-4.366887532245182779e-01,-6.027912547640231766e-01,-4.832796249291433921e-01,-1.305007674928790884e+00
2.124794764537712433e-01,5.524596547502853561e-01,-4.367255195609021645e-01,-6.027657314075972605e-01,-4.832615788888688368e-01,-1.304991040671243052e+00
2.124077438087370595e-01,5.524641451882125187e-01,-4.367623250456471040e-01,-6.027394489629901431e-01,-4.832434412802800172e-01,-1.304973708682264588e+00
2.123360459242889797e-01,5.524686140828155567e-01,-4.367991648278707340e-01,-6.027125061002844841e-01,-4.832252241919461344e-01,-1.304955769729447379e+00
2.122643777722859060e-01,5.524730633952733561e-01,-4.368360346837922292e-01,-6.026849886126401934e-01,-4.832069381203389913e-01,-1.304937302741936644e+00
2.121927349783392924e-01,5.524774948370845262e-01,-4.368729309350220524e-01,-6.026569710970522964e-01,-4.831885921804880413e-01,-1.304918376354453402e+00
2.121211137373156530e-01,5.524819099017809210e-01,-4.369098503777463782e-01,-6.026285184150877994e-01,-4.831701942882993261e-01,-1.304899050249465509e+00
2.120495107393291223e-01,5.524863098926950933e-01,-4.369467902213220456e-01,-6.025996869643259757e-01,-4.831517513185771828e-01,-1.304879376324708184e+00
2.119779231052469348e-01,5.524906959472780654e-01,-4.369837480346434044e-01,-6.025705257837515871e-01,-4.831332692427486308e-01,-1.304859399707980039e+00
2.119063483309953921e-01,5.524950690581447166e-01,-4.370207216996633282e-01,-6.025410775131502250e-01,-4.831147532475527084e-01,-1.304839159640481805e+00
2.118347842384071256e-01,5.524994300915806456e-01,-4.370577093710719119e-01,-6.025113792298742998e-01,-4.830962078384279934e-01,-1.304818690243987778e+00
2.117632289331759787e-01,5.525037798036530612e-01,-4.370947094407935940e-01,-6.024814631727085645e-01,-4.830776369294137451e-01,-1.304798021189128576e+00
2.116916807678511092e-01,5.525081188541496324e-01,-4.371317205076966639e-01,-6.024513573743350836e-01,-4.830590439203117925e-01,-1.304777178275983829e+00
2.116201383094234167e-01,5.525124478189799015e-01,-4.371687413507317488e-01,-6.024210862106631481e-01,-4.830404317649802937e-01,-1.304756183938044156e+00
2.115486003117777181e-01,5.525167672007661457e-01,-4.372057709057236563e-01,-6.023906708766951779e-01,-4.830218030295128639e-01,-1.304735057682355759e+00
2.114770656911438007e-01,5.525210774382378620e-01,-4.372428082451828013e-01,-6.023601298024765516e-01,-4.830031599432529354e-01,-1.304713816471340548e+00
2.067927985971560745e-01,5.537300819629309423e-01,-4.373885415175575164e-01,-6.431324058041751890e-01,-4.839029651029730927e-01,-1.346423143305057968e+00
2.067230060812078329e-01,5.537285855471293372e-01,-4.374378109345096188e-01,-6.431603651634044683e-01,-4.838805360752242435e-01,-1.346453427616319809e+00
2.066532101409233879e-01,5.537273761581592568e-01,-4.374866126770247110e-01,-6.431805122822545906e-01,-4.838592697963268185e-01,-1.346476965970637929e+00
2.065836349995731902e-01,5.537261751189148651e-01,-4.375354370289846750e-01,-6.431942032105912865e-01,-4.838379839032317942e-01,-1.346494734517105218e+00
2.065143345634940508e-01,5.537248912933114831e-01,-4.375844398333996188e-01,-6.432024042876277603e-01,-4.838163013697853176e-01,-1.346507519747537573e+00
2.064453035208203002e-01,5.537235013431905939e-01,-4.376336567149832213e-01,-6.432058770867543629e-01,-4.837941346236467322e-01,-1.346515982822977797e+00
2.063765179077128031e-01,5.537220056679009739e-01,-4.376830817922371386e-01,-6.432052547026927414e-01,-4.837714960585304258e-01,-1.346520690469197312e+00
2.063079496893550357e-01,5.537204122887263713e-01,-4.377326963658405568e-01,-6.432010768509218712e-01,-4.837484289918486668e-01,-1.346522132624913715e+00
2.062395717907877790e-01,5.537187310397237994e-01,-4.377824791778488489e-01,-6.431938088427417988e-01,-4.837249829818610625e-01,-1.346520734393128915e+00
2.061713596423831452e-01,5.537169715493265310e-01,-4.378324099084213161e-01,-6.431838538151962714e-01,-4.837012054178187470e-01,-1.346516865186614176e+00
2.061032914778520020e-01,5.537151426059703230e-01,-4.378824702151940529e-01,-6.431715617801880835e-01,-4.836771390197592835e-01,-1.346510846229569847e+00
2.060353482042641127e-01,5.537132520210250597e-01,-4.379326439003196070e-01,-6.431572369077381834e-01,-4.836528214370810486e-01,-1.346502956913595339e+00
2.059675131443360063e-01,5.537113066632424196e-01,-4.379829167845143978e-01,-6.431411436390026548e-01,-4.836282855503615807e-01,-1.346493440268979880e+00
2.058997717581591003e-01,5.537093125455317955e-01,-4.380332764987289740e-01,-6.431235119186091698e-01,-4.836035599704890942e-01,-1.346482507703273157e+00
2.058321113800784252e-01,5.537072749216102041e-01,-4.380837122676873308e-01,-6.431045417146905585e-01,-4.835786695572636962e-01,-1.346470343115754975e+00
2.057645209818439180e-01,5.537051983783815023e-01,-4.381342147081484506e-01,-6.430844069347884107e-01,-4.835536359013035690e-01,-1.346457106476370402e+00
2.056969909633308002e-01,5.537030869190318061e-01,-4.381847756500509283e-01,-6.430632588269661332e-01,-4.835284777509508136e-01,-1.346442936937850998e+00
2.056295129685244971e-01,5.537009440369982105e-01,-4.382353879789232520e-01,-6.430412289356950417e-01,-4.835032113877855142e-01,-1.346427955543175736e+00
2.055620797251146992e-01,5.536987727805621207e-01,-4.382860454991108767e-01,-6.430184316706776260e-01,-4.834778509516784450e-01,-1.346412267581555522e+00
2.054946849046566937e-01,5.536965758095493406e-01,-4.383367428141796696e-01,-6.429949665384807611e-01,-4.834524087240666956e-01,-1.346395964638346543e+00
2.054273229999111494e-01,5.536943554448474636e-01,-4.383874752235646932e-01,-6.429709200870985519e-01,-4.834268953731382656e-01,-1.346379126377092561e+00
2.053599892190153264e-01,5.536921137115092817e-01,-4.384382386322684400e-01,-6.429463675918819510e-01,-4.834013201662931136e-01,-1.346361822092094540e+00
2.052926793923693927e-01,5.536898523765511060e-01,-4.384890294725665161e-01,-6.429213745257102985e-01,-4.833756911549287327e-01,-1.346344112057008768e+00
2.052253898921058417e-01,5.536875729817850589e-01,-4.385398446358884650e-01,-6.428959978353494531e-01,-4.833500153342292771e-01,-1.346326048699223232e+00
2.051581175615618258e-01,5.536852768726191476e-01,-4.385906814134786225e-01,-6.428702870524614088e-01,-4.833242987823954118e-01,-1.346307677620604881e+00
2.050908596545527873e-01,5.536829652229536824e-01,-4.386415374448353610e-01,-6.428442852580938949e-01,-4.832985467807040525e-01,-1.346289038486352618e+00
2.050236137811743686e-01,5.536806390572873715e-01,-4.386924106729143125e-01,-6.428180299261776476e-01,-4.832727639186715773e-01,-1.346270165797153640e+00
2.049563778628120392e-01,5.536782992694941896e-01,-4.387432993047273300e-01,-6.427915536482862180e-01,-4.832469541843316674e-01,-1.346251089562820358e+00
2.048891500907074337e-01,5.536759466396521390e-01,-4.387942017776433890e-01,-6.427648847738015592e-01,-4.832211210434496085e-01,-1.346231835885420169e+00
2.048219288913745162e-01,5.536735818484761484e-01,-4.388451167295956967e-01,-6.427380479601920715e-01,-4.831952675077693660e-01,-1.346212427469057005e+00
2.047547128954873841e-01,5.536712054901273827e-01,-4.388960429732508550e-01,-6.427110646557719909e-01,-4.831693961952465144e-01,-1.346192884060553485e+00
2.046875009120676103e-01,5.536688180830640071e-01,-4.389469794735684771e-01,-6.426839535149697635e-01,-4.831435093806124015e-01,-1.346173222837045991e+00
1.995161295188041251e-01,5.555131082551356680e-01,-4.381667890377290431e-01,-6.831288585637104172e-01,-4.855370254781651851e-01,-1.387566943595145430e+00
1.994512300379696901e-01,5.555048919572117549e-01,-4.382297272977733193e-01,-6.831618317199461554e-01,-4.855062405195787467e-01,-1.387599244229602347e+00
1.993861465576811376e-01,5.554971545233104990e-01,-4.382918791655021074e-01,-6.831865786781328165e-01,-4.854774875902630460e-01,-1.387624703176568941e+00
1.993212459156621097e-01,5.554894750564323136e-01,-4.383539622733049756e-01,-6.832047042316797825e-01,-4.854490035568395645e-01,-1.387644334614343000e+00
1.992566278066252861e-01,5.554817156901803443e-01,-4.384162079151767699e-01,-6.832172620456417045e-01,-4.854202140941857313e-01,-1.387658939909314215e+00
1.991922998413084844e-01,5.554738388461072374e-01,-4.384786756132642016e-01,-6.832250452790743500e-01,-4.853909652202871849e-01,-1.387669187267261295e+00
1.991282400928124086e-01,5.554658415607158783e-01,-4.385413660784438505e-01,-6.832286993894375327e-01,-4.853612473891329437e-01,-1.387675647719406768e+00
1.990644191701951282e-01,5.554577320017629605e-01,-4.386042615260727362e-01,-6.832287698126704445e-01,-4.853310969999039548e-01,-1.387678814446731579e+00
1.990008077666230724e-01,5.554495211731542703e-01,-4.386673398517053624e-01,-6.832257252402166303e-01,-4.853005617248590253e-01,-1.387679115291117649e+00
1.989373790232508155e-01,5.554412200741528638e-01,-4.387305794320148777e-01,-6.832199713113344952e-01,-4.852696887243751478e-01,-1.387676922092517806e+00
1.988741090698570579e-01,5.554328388063715094e-01,-4.387939605871013504e-01,-6.832118601568907268e-01,-4.852385210138633886e-01,-1.387672558261147104e+00
1.988109769487337863e-01,5.554243863658309133e-01,-4.388574658758455649e-01,-6.832016978458675949e-01,-4.852070966830323573e-01,-1.387666305168918202e+00
1.987479643503256843e-01,5.554158706676932677e-01,-4.389210800015253544e-01,-6.831897505551317584e-01,-4.851754490716188029e-01,-1.387658407641206404e+00
1.986850553120333707e-01,5.554072986421182412e-01,-4.389847896033117758e-01,-6.831762498214188906e-01,-4.851436072277944822e-01,-1.387649078712842377e+00
1.986222359294175788e-01,5.553986763446280284e-01,-4.390485830303091919e-01,-6.831613970723878770e-01,-4.851115964149949611e-01,-1.387638503756585706e+00
1.985594940958229915e-01,5.553900090620758068e-01,-4.391124501285719184e-01,-6.831453675497919376e-01,-4.850794385904887429e-01,-1.387626844074903776e+00
1.984968192716195512e-01,5.553813014087107813e-01,-4.391763820503617466e-01,-6.831283137187622589e-01,-4.850471528342887306e-01,-1.387614240024541701e+00
1.984342022818845475e-01,5.553725574112392538e-01,-4.392403710863129751e-01,-6.831103682319058512e-01,-4.850147557260825470e-01,-1.387600813734549243e+00
1.983716351412515289e-01,5.553637805831627139e-01,-4.393044105184799597e-01,-6.830916465007242921e-01,-4.849822616727422209e-01,-1.387586671474567490e+00
1.983091108986656526e-01,5.553549739903713700e-01,-4.393684944928086811e-01,-6.830722489427937250e-01,-4.849496831944398179e-01,-1.387571905711880937e+00
1.982466235040848401e-01,5.553461403081267900e-01,-4.394326179073462790e-01,-6.830522629274725643e-01,-4.849170311726641591e-01,-1.387556596904406581e+00
1.981841676920866879e-01,5.553372818706532321e-01,-4.394967763155387952e-01,-6.830317644713486125e-01,-4.848843150646084954e-01,-1.387540815060319455e+00
1.981217388795003809e-01,5.553284007147991641e-01,-4.395609658418956900e-01,-6.830108197161420813e-01,-4.848515430905708801e-01,-1.387524621093901622e+00
1.980593330776780903e-01,5.553194986178265902e-01,-4.396251831082551575e-01,-6.829894862093209840e-01,-4.848187223957696745e-01,-1.387508068008158624e+00
1.979969468147499412e-01,5.553105771306480198e-01,-4.396894251699523526e-01,-6.829678140233572670e-01,-4.847858591916866522e-01,-1.387491201920580952e+00
1.979345770692776674e-01,5.553016376065297299e-01,-4.397536894599713420e-01,-6.829458467246509734e-01,-4.847529588778241028e-01,-1.387474062958814036e+00
1.978722212113210033e-01,5.552926812264041834e-01,-4.398179737405288336e-01,-6.829236222208606710e-01,-4.847200261483169403e-01,-1.387456686037399578e+00
1.978098769523237155e-01,5.552837090207249915e-01,-4.398822760605443083e-01,-6.829011734934068434e-01,-4.846870650839832928e-01,-1.387439101536131147e+00
1.977475423000359389e-01,5.552747218887850167e-01,-4.399465947191303905e-01,-6.828785292412075103e-01,-4.846540792326911595e-01,-1.387421335887862872e+00
1.976852155205891526e-01,5.552657206153982505e-01,-4.400109282331607363e-01,-6.828557144342900509e-01,-4.846210716791743423e-01,-1.387403412091696930e+00
1.976228951049739113e-01,5.552567058854563919e-01,-4.400752753094328007e-01,-6.828327507987007605e-01,-4.845880451053108939e-01,-1.387385350159117570e+00
1.975605797397786689e-01,5.552476782967237234e-01,-4.401396348202263886e-01,-6.828096572382456042e-01,-4.845550018429384820e-01,-1.387367167502251641e+00
1.918484492318826840e-01,5.577289679850732096e-01,-4.385019098466954590e-01,-7.228270300632280154e-01,-4.884451914542650153e-01,-1.428477563642341908e+00
1.917889191913061120e-01,5.577140638698967479e-01,-4.385780345438836658e-01,-7.228656915666992200e-01,-4.884062362128462342e-01,-1.428511741067617136e+00
1.917290093147473728e-01,5.576998488362343576e-01,-4.386530473572757827e-01,-7.228956501202777885e-01,-4.883701922054609623e-01,-1.428538999881681093e+00
1.916692467387313137e-01,5.576857430284430928e-01,-4.387279018170362477e-01,-7.229188066623870590e-01,-4.883346875046135072e-01,-1.428560379393099655e+00
1.916097794548924094e-01,5.576715593290952899e-01,-4.388029027857704434e-01,-7.229363133354903548e-01,-4.882989542704777586e-01,-1.428576690630888990e+00
1.915506274529852893e-01,5.576572461691406968e-01,-4.388781316315018555e-01,-7.229489969893465595e-01,-4.882627781325569738e-01,-1.428588606892509105e+00
1.914917700287050717e-01,5.576427976802826869e-01,-4.389535947080723810e-01,-7.229575156540547498e-01,-4.882261313510610212e-01,-1.428596702879159075e+00
1.914331758179933507e-01,5.576282224477914218e-01,-4.390292749445686149e-01,-7.229624204584866876e-01,-4.881890453122365581e-01,-1.428601474898027357e+00
1.913748128477897881e-01,5.576135327636777550e-01,-4.391051495463322851e-01,-7.229641835107777359e-01,-4.881515667082063081e-01,-1.428603353605513826e+00
1.913166516499982261e-01,5.575987410355435214e-01,-4.391811958740401423e-01,-7.229632130566403525e-01,-4.881137429083934887e-01,-1.428602713409783398e+00
1.912586659992595028e-01,5.575838586794290563e-01,-4.392573932244991930e-01,-7.229598634844708327e-01,-4.880756174555361815e-01,-1.428599880065159811e+00
1.912008328656124023e-01,5.575688958635014458e-01,-4.393337232113370683e-01,-7.229544429095053903e-01,-4.880372290244075484e-01,-1.428595137080635569e+00
1.911431321297743235e-01,5.575538615332267245e-01,-4.394101696879321173e-01,-7.229472193912230837e-01,-4.879986115217481712e-01,-1.428588731225087560e+00
1.910855462523335102e-01,5.575387635199987590e-01,-4.394867185366339024e-01,-7.229384261997048311e-01,-4.879597945230741418e-01,-1.428580877296931950e+00
1.910280599554496084e-01,5.575236086667408886e-01,-4.395633574348586370e-01,-7.229282663533835862e-01,-4.879208037752593707e-01,-1.428571762269159606e+00
1.909706599358272361e-01,5.575084029478737380e-01,-4.396400756341634630e-01,-7.229169165502207228e-01,-4.878816616750273338e-01,-1.428561548892913313e+00
1.909133346104719409e-01,5.574931515780414681e-01,-4.397168637616331588e-01,-7.229045305858695647e-01,-4.878423876997817210e-01,-1.428550378834830603e+00
1.908560738951641800e-01,5.574778591081918089e-01,-4.397937136440616679e-01,-7.228912423210774874e-01,-4.878029987872302686e-01,-1.428538375408766159e+00
1.907988690106498242e-01,5.574625295096654609e-01,-4.398706181549262295e-01,-7.228771682676816690e-01,-4.877635096657944591e-01,-1.428525645952287704e+00
1.907417123128929970e-01,5.574471662483225787e-01,-4.399475710801289963e-01,-7.228624098401571496e-01,-4.877239331442179693e-01,-1.428512283895174928e+00
1.906845971476019419e-01,5.574317723484493170e-01,-4.400245670009776955e-01,-7.228470553074884952e-01,-4.876842803609723886e-01,-1.428498370562846453e+00
1.906275177210632610e-01,5.574163504493068189e-01,-4.401016011923910565e-01,-7.228311815013320762e-01,-4.876445610029936373e-01,-1.428483976743695649e+00
1.905704689892384618e-01,5.574009028540511945e-01,-4.401786695339067745e-01,-7.228148552960464990e-01,-4.876047834950082427e-01,-1.428469164053840057e+00
1.905134465605416161e-01,5.573854315725869091e-01,-4.402557684322992437e-01,-7.227981349005115908e-01,-4.875649551641422219e-01,-1.428453986125826747e+00
1.904564466111904053e-01,5.573699383590130507e-01,-4.403328947539864591e-01,-7.227810709814784795e-01,-4.875250823834410552e-01,-1.428438489642301912e+00
1.903994658123804307e-01,5.573544247439876642e-01,-4.404100457661954127e-01,-7.227637076389683557e-01,-4.874851706954584918e-01,-1.428422715237673168e+00
1.903425012656009274e-01,5.573388920634491095e-01,-4.404872190854781100e-01,-7.227460832591637852e-01,-4.874452249215084909e-01,-1.428406698280682230e+00
1.902855504472066028e-01,5.573233414832727828e-01,-4.405644126332036170e-01,-7.227282312543745757e-01,-4.874052492548465176e-01,-1.428390469557425435e+00
1.902286111598436302e-01,5.573077740210398145e-01,-4.406416245962606615e-01,-7.227101807072449091e-01,-4.873652473432445453e-01,-1.428374055864345848e+00
1.901716814904443331e-01,5.572921905647881813e-01,-4.407188533932852037e-01,-7.226919569316011538e-01,-4.873252223593018129e-01,-1.428357480525850765e+00
1.901147597729606620e-01,5.572765918897198967e-01,-4.407960976448767054e-01,-7.226735819624025003e-01,-4.872851770629976209e-01,-1.428340763843910954e+00
1.900578445568333885e-01,5.572609786724436187e-01,-4.408733561477095608e-01,-7.226550749785974892e-01,-4.872451138551818772e-01,-1.428323923489438485e+00
1.837576322484326119e-01,5.603865301142125777e-01,-4.384442221275820506e-01,-7.621441272454245741e-01,-4.926377024270562899e-01,-1.469184585327572012e+00
1.837038634262471160e-01,5.603649633716032419e-01,-4.385330224157296120e-01,-7.621891248908814198e-01,-4.925908244486090770e-01,-1.469220451352482470e+00
1.836495066168580825e-01,5.603443173679422129e-01,-4.386203748774383793e-01,-7.622248778256365265e-01,-4.925477452513267185e-01,-1.469249344295182835e+00
1.835952660918902524e-01,5.603238332618643014e-01,-4.387074805987851711e-01,-7.622536354361290067e-01,-4.925054540032559602e-01,-1.469272312925451018e+00
1.835413393317624764e-01,5.603032720655588550e-01,-4.387947162507220833e-01,-7.622766587753123657e-01,-4.924629951759266211e-01,-1.469290172111997084e+00
1.834877574980267601e-01,5.602825686710346531e-01,-4.388821829208164882e-01,-7.622948096053645539e-01,-4.924201012107893294e-01,-1.469303598209430239e+00
1.834345000545667403e-01,5.602617148731662278e-01,-4.389698916708025811e-01,-7.623087582696650433e-01,-4.923767303319456778e-01,-1.469313168971343897e+00
1.833815329900040370e-01,5.602407199833033813e-01,-4.390578259986528398e-01,-7.623190613608357147e-01,-4.923329109090439637e-01,-1.469319383727184958e+00
1.833288212363611835e-01,5.602195977086078527e-01,-4.391459626331849497e-01,-7.623261943554459075e-01,-4.922886895589782541e-01,-1.469322676021968199e+00
1.832763324200451516e-01,5.601983619020146632e-01,-4.392342782552148828e-01,-7.623305681664522826e-01,-4.922441142795398461e-01,-1.469323422962018455e+00
1.832240377342063686e-01,5.601770252938657046e-01,-4.393227514905851949e-01,-7.623325395459537024e-01,-4.921992293602087121e-01,-1.469321952789572450e+00
1.831719118891183828e-01,5.601555992114157778e-01,-4.394113633373324390e-01,-7.623324187831426180e-01,-4.921540741995058532e-01,-1.469318551289499508e+00
1.831199327959446288e-01,5.601340936138980986e-01,-4.395000970932864126e-01,-7.623304759448656931e-01,-4.921086833752879586e-01,-1.469313467305965570e+00
1.830680811993451451e-01,5.601125172179807210e-01,-4.395889381416460684e-01,-7.623269461520363333e-01,-4.920630870784168942e-01,-1.469306917526228551e+00
1.830163403249898957e-01,5.600908776398242361e-01,-4.396778737126089132e-01,-7.623220341271470524e-01,-4.920173116181449924e-01,-1.469299090635868277e+00
1.829646955645948536e-01,5.600691815291388709e-01,-4.397668926579072490e-01,-7.623159181291626618e-01,-4.919713799016961486e-01,-1.469290150939899231e+00
1.829131341963684820e-01,5.600474346906835210e-01,-4.398559852475131815e-01,-7.623087533790381398e-01,-4.919253118694966176e-01,-1.469280241511365270e+00
1.828616451416978372e-01,5.600256421910237981e-01,-4.399451429904907007e-01,-7.623006750375063145e-01,-4.918791248766970492e-01,-1.469269486935167679e+00
1.828102187531348011e-01,5.600038084521122839e-01,-4.400343584777158812e-01,-7.622918007971670740e-01,-4.918328340271418964e-01,-1.469257995697644148e+00
1.827588466287774216e-01,5.599819373334727901e-01,-4.401236252442334296e-01,-7.622822331415637365e-01,-4.917864524659568692e-01,-1.469245862265061486e+00
1.827075214513628754e-01,5.599600322037290301e-01,-4.402129376490737100e-01,-7.622720613108123766e-01,-4.917399916331159915e-01,-1.469233168896784347e+00
1.826562368483419241e-01,5.599380960029475274e-01,-4.403022907703509903e-01,-7.622613630120239625e-01,-4.916934614844124529e-01,-1.469219987221760171e+00
1.826049872694199550e-01,5.599161312973286453e-01,-4.403916803135885516e-01,-7.622502059112394868e-01,-4.916468706843522551e-01,-1.469206379612516322e+00
1.825537678805964070e-01,5.598941403266847194e-01,-4.404811025317562079e-01,-7.622386489301096191e-01,-4.916002267734222997e-01,-1.469192400381256647e+00
1.825025744717067577e-01,5.598721250459683940e-01,-4.405705541554615357e-01,-7.622267433756166888e-01,-4.915535363138162084e-01,-1.469178096821721402e+00
1.824514033754678077e-01,5.598500871616574059e-01,-4.406600323320116752e-01,-7.622145339253902918e-01,-4.915068050169115188e-01,-1.469163510115278015e+00
1.824002513979338380e-01,5.598280281631852207e-01,-4.407495345723070335e-01,-7.622020594828247120e-01,-4.914600378528067304e-01,-1.469148676122338681e+00
1.823491157568805088e-01,5.598059493506897244e-01,-4.408390587045376563e-01,-7.621893539249949834e-01,-4.914132391470457661e-01,-1.469133626068506171e+00
1.822979940289594647e-01,5.597838518591217172e-01,-4.409286028334143959e-01,-7.621764467504554830e-01,-4.913664126643971786e-01,-1.469118387144285443e+00
1.822468841030915609e-01,5.597617366792094762e-01,-4.410181653052915318e-01,-7.621633636470711570e-01,-4.913195616811005806e-01,-1.469102983026243869e+00
1.821957841404927003e-01,5.597396046758696952e-01,-4.411077446768535415e-01,-7.621501269822122948e-01,-4.912726890489103604e-01,-1.469087434331248776e+00
1.821446925392088967e-01,5.597174566041750454e-01,-4.411973396887257648e-01,-7.621367562339159685e-01,-4.912257972495399083e-01,-1.469071759011679967e+00
1.751390972148689218e-01,5.635360640922476572e-01,-4.379844869267543461e-01,-8.018586253928283725e-01,-4.982400569555524017e-01,-1.510516941984113792e+00
1.751013015015999708e-01,5.635033378678155902e-01,-4.380923349033251091e-01,-8.017992552478503399e-01,-4.981714359176570017e-01,-1.510451382056319014e+00
1.750614420035340735e-01,5.634723426579669736e-01,-4.381975471132216193e-01,-8.017443944119513333e-01,-4.981092215728813444e-01,-1.510392098502119973e+00
1.750205630968369452e-01,5.634420606260779341e-01,-4.383016725678644532e-01,-8.016948273383471824e-01,-4.980495725627978043e-01,-1.510338410320498648e+00
1.749790506279109703e-01,5.634121394784586956e-01,-4.384052452584146220e-01,-8.016503189344713620e-01,-4.979911765414118952e-01,-1.510289636415166337e+00
1.749370695342793991e-01,5.633824468264359009e-01,-4.385084644981008251e-01,-8.016103642594308853e-01,-4.979335535001258028e-01,-1.510245155055613742e+00
1.748947075208511504e-01,5.633529243093875483e-01,-4.386114173869192778e-01,-8.015744251978486057e-01,-4.978765012115360933e-01,-1.510204415585957971e+00
1.748520226515274389e-01,5.633235396746991697e-01,-4.387141517522134548e-01,-8.015420006980106260e-01,-4.978199135691238619e-01,-1.510166935533690413e+00
1.748090594730793701e-01,5.632942708830747103e-01,-4.388167002529289040e-01,-8.015126435749393430e-01,-4.977637206969527384e-01,-1.510132293828539085e+00
1.747658547862508127e-01,5.632651007016808986e-01,-4.389190885171654344e-01,-8.014859606511317569e-01,-4.977078688529809058e-01,-1.510100123512554404e+00
1.747224399675426088e-01,5.632360147503887582e-01,-4.390213380402857024e-01,-8.014616081389822622e-01,-4.976523133747944305e-01,-1.510070104945629543e+00
1.746788421079775722e-01,5.632070006987046629e-01,-4.391234673485004958e-01,-8.014392860613485103e-01,-4.975970159282575023e-01,-1.510041959747024043e+00
1.746350847139514773e-01,5.631780478602605999e-01,-4.392254925722998693e-01,-8.014187328804661670e-01,-4.975419432087397342e-01,-1.510015445478788187e+00
1.745911882212846933e-01,5.631491469356504354e-01,-4.393274278055999682e-01,-8.013997206474917645e-01,-4.974870661607293520e-01,-1.509990351001769371e+00
1.745471704108464417e-01,5.631202898194774820e-01,-4.394292853758853812e-01,-8.013820507188784692e-01,-4.974323594049131492e-01,-1.509966492430031115e+00
1.745030467601633717e-01,5.630914694424339340e-01,-4.395310760667513472e-01,-8.013655499987197839e-01,-4.973778007700560555e-01,-1.509943709609720797e+00
1.744588307435987196e-01,5.630626796375086673e-01,-4.396328093098684775e-01,-8.013500676637241860e-01,-4.973233708928097574e-01,-1.509921863051325586e+00
1.744145340943000777e-01,5.630339150237877455e-01,-4.397344933523139598e-01,-8.013354722976552269e-01,-4.972690528665177356e-01,-1.509900831262126930e+00
1.743701670290781769e-01,5.630051709062975362e-01,-4.398361354035362214e-01,-8.013216494009364199e-01,-4.972148319358729029e-01,-1.509880508419583656e+00
1.743257384464277637e-01,5.629764431879744624e-01,-4.399377417642185706e-01,-8.013084992104655413e-01,-4.971606952257581757e-01,-1.509860802351018938e+00
1.742812560959368928e-01,5.629477282937851434e-01,-4.400393179397751875e-01,-8.012959348087087541e-01,-4.971066315059511354e-01,-1.509841632769379327e+00
1.742367267279026910e-01,5.629190231038767589e-01,-4.401408687396362596e-01,-8.012838804674716764e-01,-4.970526309826300837e-01,-1.509822929740654018e+00
1.741921562220473674e-01,5.628903248956607097e-01,-4.402423983647062444e-01,-8.012722702102651473e-01,-4.969986851164573949e-01,-1.509804632347869324e+00
1.741475496999990435e-01,5.628616312933066856e-01,-4.403439104834692142e-01,-8.012610465562776119e-01,-4.969447864640850199e-01,-1.509786687526909477e+00
1.741029116233068497e-01,5.628329402234706347e-01,-4.404454082992305675e-01,-8.012501594270103888e-01,-4.968909285377443030e-01,-1.509769049054884515e+00
1.740582458789379505e-01,5.628042498766739898e-01,-4.405468946086347759e-01,-8.012395651921792039e-01,-4.968371056834683386e-01,-1.509751676667126397e+00
1.740135558527833859e-01,5.627755586739319194e-01,-4.406483718530912475e-01,-8.012292258414831503e-01,-4.967833129748555065e-01,-1.509734535288632884e+00
1.739688444946059509e-01,5.627468652373677216e-01,-4.407498421634604702e-01,-8.012191082596569203e-01,-4.967295461199389139e-01,-1.509717594365636462e+00
1.739241143741280249e-01,5.627181683645902099e-01,-4.408513073994981268e-01,-8.012091835965993170e-01,-4.966758013799299487e-01,-1.509700827281162727e+00
1.738793677303376028e-01,5.626894670062597692e-01,-4.409527691842098918e-01,-8.011994267173737638e-01,-4.966220754975455565e-01,-1.509684210849252750e+00
1.738346065137535978e-01,5.626607602468415292e-01,-4.410542289335654953e-01,-8.011898157240064933e-01,-4.965683656362046561e-01,-1.509667724871679884e+00
1.737898324234713743e-01,5.626320472874251077e-01,-4.411556878832603168e-01,-8.011803315402505898e-01,-4.965146693251360488e-01,-1.509651351752304693e+00
1.661174853159279596e-01,5.671297935939378920e-01,-4.372726093533246816e-01,-8.401626756783865391e-01,-5.050507563287054413e-01,-1.550924527995459545e+00
1.660868588889118647e-01,5.670900333659970594e-01,-4.373920552790820371e-01,-8.401097570121491831e-01,-5.049745117327488764e-01,-1.550859035486074733e+00
1.660538369613531462e-01,5.670523348952618559e-01,-4.375085031524225676e-01,-8.400607696820442394e-01,-5.049056041366555281e-01,-1.550799924470727786e+00
1.660196811535283312e-01,5.670154476764501794e-01,-4.376237800148499169e-01,-8.400169563336364886e-01,-5.048394942862667323e-01,-1.550746471680456651e+00
1.659848363904230517e-01,5.669789576267747488e-01,-4.377384873276252142e-01,-8.399782010753645833e-01,-5.047746986714044537e-01,-1.550697978595583004e+00
1.659494852068869042e-01,5.669427156742591345e-01,-4.378528391280906984e-01,-8.399440270031542921e-01,-5.047106982751292659e-01,-1.550653815348267406e+00
1.659137223088813506e-01,5.669066582675328370e-01,-4.379669250305386341e-01,-8.399139004703377598e-01,-5.046472826317723870e-01,-1.550613426615935930e+00
1.658776100126733433e-01,5.668707508074226631e-01,-4.380807929570076364e-01,-8.398873192252098718e-01,-5.045843436545488503e-01,-1.550576326604884869e+00
1.658411962548877461e-01,5.668349696440658780e-01,-4.381944753614034349e-01,-8.398638337475646809e-01,-5.045218104208276655e-01,-1.550542091505571651e+00
1.658045207883014072e-01,5.667992961948639108e-01,-4.383079977226533863e-01,-8.398430484570792443e-01,-5.044596281691423600e-01,-1.550510351930713515e+00
1.657676176029058424e-01,5.667637148914237422e-01,-4.384213814550064203e-01,-8.398246173109071844e-01,-5.043977511991258877e-01,-1.550480786024772906e+00
1.657305161013781503e-01,5.667282123531380833e-01,-4.385346450428744824e-01,-8.398082382505253074e-01,-5.043361401781027986e-01,-1.550453113370788838e+00
1.656932418282199837e-01,5.666927769691285643e-01,-4.386478045950293891e-01,-8.397936478237274516e-01,-5.042747608786959379e-01,-1.550427089654651924e+00
1.656558170126386231e-01,5.666573986284035858e-01,-4.387608741942841672e-01,-8.397806163210236319e-01,-5.042135834094113589e-01,-1.550402502011340999e+00
1.656182610117160059e-01,5.666220685143498192e-01,-4.388738661630810500e-01,-8.397689434807930065e-01,-5.041525816408185534e-01,-1.550379164973006541e+00
1.655805906863090649e-01,5.665867789351211048e-01,-4.389867912843019582e-01,-8.397584547256397025e-01,-5.040917327326497333e-01,-1.550356916936083795e+00
1.655428207256030015e-01,5.665515231785049899e-01,-4.390996589920729276e-01,-8.397489978738654770e-01,-5.040310167245078965e-01,-1.550335617088528961e+00
1.655049639279271567e-01,5.665162953866017537e-01,-4.392124775383945412e-01,-8.397404402704853332e-01,-5.039704161793162607e-01,-1.550315142730935847e+00
1.654670314450179258e-01,5.664810904467444397e-01,-4.393252541394832567e-01,-8.397326662841380074e-01,-5.039099158695826697e-01,-1.550295386943973064e+00
1.654290329944993754e-01,5.664459038964498871e-01,-4.394379951044374844e-01,-8.397255751244703248e-01,-5.038495025011981987e-01,-1.550276256557723054e+00
1.653909770447586913e-01,5.664107318406405023e-01,-4.395507059480200929e-01,-8.397190789381944187e-01,-5.037891644714282968e-01,-1.550257670381718800e+00
1.653528709762572546e-01,5.663755708792528321e-01,-4.396633914897783990e-01,-8.397131011485716723e-01,-5.037288916556764695e-01,-1.550239557664494505e+00
1.653147212205108019e-01,5.663404180446213187e-01,-4.397760559410945902e-01,-8.397075750119450399e-01,-5.036686752221901653e-01,-1.550221856748373872e+00
1.652765333837208361e-01,5.663052707460014545e-01,-4.398887029811426319e-01,-8.397024423507005730e-01,-5.036085074669819361e-01,-1.550204513902845527e+00
1.652383123514884200e-01,5.662701267220713319e-01,-4.400013358239376893e-01,-8.396976524587864699e-01,-5.035483816723589356e-01,-1.550187482301502051e+00
1.652000623825251868e-01,5.662349839987251832e-01,-4.401139572766916142e-01,-8.396931611392982608e-01,-5.034882919802030621e-01,-1.550170721137379415e+00
1.651617871886622846e-01,5.661998408528029492e-01,-4.402265697909256703e-01,-8.396889298703235083e-01,-5.034282332835868790e-01,-1.550154194847301659e+00
1.651234900051729571e-01,5.661646957801609314e-01,-4.403391755073636227e-01,-8.396849250762905559e-01,-5.033682011307817339e-01,-1.550137872437694631e+00
1.650851736518637314e-01,5.661295474678774697e-01,-4.404517762951888349e-01,-8.396811174935733257e-01,-5.033081916415714785e-01,-1.550121726897408792e+00
1.650468405870542110e-01,5.660943947697750778e-01,-4.405643737862091625e-01,-8.396774816144937370e-01,-5.032482014336928655e-01,-1.550105734686429981e+00
1.650084929532197875e-01,5.660592366855232704e-01,-4.406769694048942587e-01,-8.396739952075442659e-01,-5.031882275599216525e-01,-1.550089875288782837e+00
1.649701326180150751e-01,5.660240723419461828e-01,-4.407895643945373698e-01,-8.396706388951272748e-01,-5.031282674519306219e-01,-1.550074130824317109e+00
1.566060693271796034e-01,5.712265547567891844e-01,-4.362885613572500265e-01,-8.778138211903849797e-01,-5.131974113467094867e-01,-1.591233358893241023e+00
1.565827491108157388e-01,5.711797813965441284e-01,-4.364189136416483650e-01,-8.777678648229555458e-01,-5.131139863696579928e-01,-1.591167520359461296e+00
1.565566992738303964e-01,5.711354251741888044e-01,-4.365459058778480839e-01,-8.777251967824145629e-01,-5.130388206845781784e-01,-1.591108211319250287e+00
1.565294074013122150e-01,5.710919763466651977e-01,-4.366716592777624695e-01,-8.776875827790348028e-01,-5.129666561326876595e-01,-1.591054636338362416e+00
1.565013739583094310e-01,5.710489579943914817e-01,-4.367968384017297256e-01,-8.776550319346729800e-01,-5.128958528704533615e-01,-1.591006071350021811e+00
1.564727965384601349e-01,5.710062058890726933e-01,-4.369216679564272288e-01,-8.776270934490058018e-01,-5.128258625303322438e-01,-1.590961876143117903e+00
1.564437758300875336e-01,5.709636522268923819e-01,-4.370462378302350515e-01,-8.776032366016612851e-01,-5.127564704285180186e-01,-1.590921490078379685e+00
1.564143781355941398e-01,5.709212604703157723e-01,-4.371705948107018069e-01,-8.775829572261258926e-01,-5.126875678427486038e-01,-1.590884423784840962e+00
1.563846547988411162e-01,5.708790055202879188e-01,-4.372947703666035801e-01,-8.775658031751585320e-01,-5.126190831406408632e-01,-1.590850250554898482e+00
1.563546486286028769e-01,5.708368675102485357e-01,-4.374187892492487073e-01,-8.775513763402020828e-01,-5.125509605471194607e-01,-1.590818598443068499e+00
1.563243963484704790e-01,5.707948297150761130e-01,-4.375426723190853906e-01,-8.775393283529466792e-01,-5.124831532384162003e-01,-1.590789143261535976e+00
1.562939297866714206e-01,5.707528777231489769e-01,-4.376664376158294623e-01,-8.775293550220717442e-01,-5.124156207817410769e-01,-1.590761602449620726e+00
1.562632766289919484e-01,5.707109990126624233e-01,-4.377901008777925762e-01,-8.775211909330410398e-01,-5.123483279292416759e-01,-1.590735729718957714e+00
1.562324609897489947e-01,5.706691826717575911e-01,-4.379136758730968193e-01,-8.775146045696654573e-01,-5.122812438648548516e-01,-1.590711310391135447e+00
1.562015038834474456e-01,5.706274191811563368e-01,-4.380371746548317735e-01,-8.775093940075976429e-01,-5.122143416298736707e-01,-1.590688157334456010e+00
1.561704236268611490e-01,5.705857002331949923e-01,-4.381606077747534633e-01,-8.775053831429557860e-01,-5.121475976436360433e-01,-1.590666107423250875e+00
1.561392361876828561e-01,5.705440185760042304e-01,-4.382839844687795305e-01,-8.775024183952551127e-01,-5.120809912857672286e-01,-1.590645018455422166e+00
1.561079554860384522e-01,5.705023678791660835e-01,-4.384073128188150648e-01,-8.775003658315243538e-01,-5.120145045327217925e-01,-1.590624766464590945e+00
1.560765936586780978e-01,5.704607426158206929e-01,-4.385305998954823203e-01,-8.774991086527781370e-01,-5.119481216346964958e-01,-1.590605243379848099e+00
1.560451612875229654e-01,5.704191379606345924e-01,-4.386538518832360234e-01,-8.774985450048076174e-01,-5.118818288338463640e-01,-1.590586354984781181e+00
1.560136675992241651e-01,5.703775497005881823e-01,-4.387770741904243321e-01,-8.774985860674356930e-01,-5.118156141154112104e-01,-1.590568019140527367e+00
1.559821206394333137e-01,5.703359741570160901e-01,-4.389002715457951398e-01,-8.774991543861211385e-01,-5.117494669890249037e-01,-1.590550164236827602e+00
1.559505274234323224e-01,5.702944081180597591e-01,-4.390234480831879949e-01,-8.775001824202289802e-01,-5.116833782984625545e-01,-1.590532727839755855e+00
1.559188940691142722e-01,5.702528487790406997e-01,-4.391466074158433819e-01,-8.775016112721203410e-01,-5.116173400523140735e-01,-1.590515655516745896e+00
1.558872259113230352e-01,5.702112936909979890e-01,-4.392697527016858339e-01,-8.775033895835502307e-01,-5.115513452772975089e-01,-1.590498899810289357e+00
1.558555276021642011e-01,5.701697407156469666e-01,-4.393928867000623795e-01,-8.775054725697107871e-01,-5.114853878903286022e-01,-1.590482419342063691e+00
1.558238031989590267e-01,5.701281879856576751e-01,-4.395160118220654555e-01,-8.775078211778090109e-01,-5.114194625840140507e-01,-1.590466178036467726e+00
1.557920562399570386e-01,5.700866338705532499e-01,-4.396391301740111834e-01,-8.775104013536293435e-01,-5.113535647295113229e-01,-1.590450144438583457e+00
1.557602898106451583e-01,5.700450769467203527e-01,-4.397622435958437048e-01,-8.775131834024648692e-01,-5.112876902899921028e-01,-1.590434291123012711e+00
1.557285066021857622e-01,5.700035159709572197e-01,-4.398853536946985554e-01,-8.775161414297077966e-01,-5.112218357446762784e-01,-1.590418594177485989e+00
1.556967089613671418e-01,5.699619498578343268e-01,-4.400084618741484377e-01,-8.775192528557966831e-01,-5.111559980237977419e-01,-1.590403032752285117e+00
1.556648989348005663e-01,5.699203776596359905e-01,-4.401315693598887302e-01,-8.775224979913822665e-01,-5.110901744508463684e-01,-1.590387588667675267e+00
1.465949633950776598e-01,5.758586912861397566e-01,-4.350583712466896680e-01,-9.147081357067942120e-01,-5.227003662602081047e-01,-1.631488440510468152e+00
1.465789633717420049e-01,5.758049305542418672e-01,-4.351989339543184121e-01,-9.146696318471541076e-01,-5.226103115523050846e-01,-1.631421803192287356e+00
1.465599059347296451e-01,5.757539659770349871e-01,-4.353357743146268333e-01,-9.146337076450544723e-01,-5.225294163658688040e-01,-1.631361890044506158e+00
1.465395075757214005e-01,5.757040016896418644e-01,-4.354713249013129617e-01,-9.146027186456440194e-01,-5.224516927632547603e-01,-1.631307797811138327e+00
1.465183186469000698e-01,5.756544979790630956e-01,-4.356063085253404354e-01,-9.145768025843794558e-01,-5.223753632677587966e-01,-1.631258768577607876e+00
1.464965487667639066e-01,5.756052773413536938e-01,-4.357409565052977607e-01,-9.145555320837625013e-01,-5.222998602889694642e-01,-1.631214150019467679e+00
1.464743035245872627e-01,5.755562686843327391e-01,-4.358753568860488370e-01,-9.145383778122365692e-01,-5.222249686674990121e-01,-1.631173375859733765e+00
1.464516529406039991e-01,5.755074339004228046e-01,-4.360095541716905165e-01,-9.145248331645263740e-01,-5.221505801544187308e-01,-1.631135953108235892e+00
1.464286517684179056e-01,5.754587465690602643e-01,-4.361435780936719353e-01,-9.145144432711540539e-01,-5.220766226392749010e-01,-1.631101452154316345e+00
1.464053459496108267e-01,5.754101855851567748e-01,-4.362774520949156964e-01,-9.145068075339840563e-01,-5.220030393150958403e-01,-1.631069498484242430e+00
1.463817750295033637e-01,5.753617330869216229e-01,-4.364111959944323993e-01,-9.145015753277897508e-01,-5.219297821600353826e-01,-1.631039765565390987e+00
1.463579733448159281e-01,5.753133736436342183e-01,-4.365448269656111990e-01,-9.144984403931557537e-01,-5.218568095621695102e-01,-1.631011968674602741e+00
1.463339707976581416e-01,5.752650938311854034e-01,-4.366783600084719885e-01,-9.144971354059077129e-01,-5.217840851799167012e-01,-1.630985859531383309e+00
1.463097934541359169e-01,5.752168819436209724e-01,-4.368118082554162118e-01,-9.144974270860686261e-01,-5.217115772067945079e-01,-1.630961221624554591e+00
1.462854640453003230e-01,5.751687277645275431e-01,-4.369451832097446808e-01,-9.144991118810948949e-01,-5.216392577959988452e-01,-1.630937866140082404e+00
1.462610023967428619e-01,5.751206223747010737e-01,-4.370784949472513725e-01,-9.145020121868877583e-01,-5.215671025733751298e-01,-1.630915628411870877e+00
1.462364258013331975e-01,5.750725579862019377e-01,-4.372117522917643995e-01,-9.145059730456391867e-01,-5.214950902117931886e-01,-1.630894364829407417e+00
1.462117493438751525e-01,5.750245277982863890e-01,-4.373449629685539075e-01,-9.145108592595615482e-01,-5.214232020574574022e-01,-1.630873950142487594e+00
1.461869861838277218e-01,5.749765258717488559e-01,-4.374781337396703162e-01,-9.145165528731710181e-01,-5.213514218000130374e-01,-1.630854275111645491e+00
1.461621478008613140e-01,5.749285470197318393e-01,-4.376112705229369682e-01,-9.145229509778616261e-01,-5.212797351830843473e-01,-1.630835244458626709e+00
1.461372442100397073e-01,5.748805867121975499e-01,-4.377443784959664241e-01,-9.145299637913129054e-01,-5.212081297492662246e-01,-1.630816775080986769e+00
1.461122841491011848e-01,5.748326409923870672e-01,-4.378774621883183560e-01,-9.145375129846373685e-01,-5.211365946150006145e-01,-1.630798794494675796e+00
1.460872752412831488e-01,5.747847064043888343e-01,-4.380105255617844362e-01,-9.145455302220351079e-01,-5.210651202744158716e-01,-1.630781239476369437e+00
1.460622241375710562e-01,5.747367799296758673e-01,-4.381435720810921142e-01,-9.145539558866421226e-01,-5.209936984265518545e-01,-1.630764054879415781e+00
1.460371366413305838e-01,5.746888589315234386e-01,-4.382766047757513106e-01,-9.145627379665899337e-01,-5.209223218234342312e-01,-1.630747192601908591e+00
1.460120178157239268e-01,5.746409411069114404e-01,-4.384096262945481604e-01,-9.145718310874981771e-01,-5.208509841381765426e-01,-1.630730610684887338e+00
1.459868720786234308e-01,5.745930244441327384e-01,-4.385426389530571734e-01,-9.145811956641337614e-01,-5.207796798480316403e-01,-1.630714272528754227e+00
1.459617032847418672e-01,5.745451071860299130e-01,-4.386756447752673260e-01,-9.145907971620873544e-01,-5.207084041331588864e-01,-1.630698146207803623e+00
1.459365147976166843e-01,5.744971877977136376e-01,-4.388086455301012934e-01,-9.146006054530214646e-01,-5.206371527874370519e-01,-1.630682203873334180e+00
1.459113095522971970e-01,5.744492649384329575e-01,-4.389416427634030837e-01,-9.146105942521683962e-01,-5.205659221405232184e-01,-1.630666421232769281e+00
1.458860901096673546e-01,5.744013374371514935e-01,-4.390746378259213212e-01,-9.146207406289694752e-01,-5.204947089902156598e-01,-1.630650777095414838e+00
1.458608587041095028e-01,5.743534042710718435e-01,-4.392076318978668237e-01,-9.146310245791071658e-01,-5.204235105430425889e-01,-1.630635252975273231e+00
1.361832319410720971e-01,5.810186007617074155e-01,-4.336445255616932504e-01,-9.498835815892161527e-01,-5.334584326835323242e-01,-1.670955657392283467e+00
1.361615546590204395e-01,5.809636228314661865e-01,-4.337890317768088866e-01,-9.499610741284589821e-01,-5.333774173295988685e-01,-1.670988009123351770e+00
1.361381255886232045e-01,5.809111381807341434e-01,-4.339301164084298224e-01,-9.500265968394226990e-01,-5.333046336494926543e-01,-1.671014541391856234e+00
1.361146969775570703e-01,5.808591121267513424e-01,-4.340704756163848987e-01,-9.500849395580774903e-01,-5.332335330496910109e-01,-1.671035840139653894e+00
1.360916837401554835e-01,5.808070190345782091e-01,-4.342108170302205750e-01,-9.501379015331014033e-01,-5.331624065757625264e-01,-1.671052529195251601e+00
1.360691458466417314e-01,5.807547393808436542e-01,-4.343513114792277863e-01,-9.501864074151396000e-01,-5.330908499014396229e-01,-1.671065183522506548e+00
1.360470537530646951e-01,5.807022608745286973e-01,-4.344919866564240785e-01,-9.502310892011470722e-01,-5.330188053921181002e-01,-1.671074313150822332e+00
1.360253595141983629e-01,5.806495977538213005e-01,-4.346328336369530976e-01,-9.502724510900573129e-01,-5.329463031285881502e-01,-1.671080365384326027e+00
1.360040153093966531e-01,5.805967692236536637e-01,-4.347738355221936191e-01,-9.503109203314139553e-01,-5.328733914110063141e-01,-1.671083731145847295e+00
1.359829778058657956e-01,5.805437938927210384e-01,-4.349149749854573921e-01,-9.503468663817936646e-01,-5.328001185684330121e-01,-1.671084751718003414e+00
1.359622087695530335e-01,5.804906885116881687e-01,-4.350562361192421568e-01,-9.503806107842358575e-01,-5.327265286061773075e-01,-1.671083724948722038e+00
1.359416747302697182e-01,5.804374678473481763e-01,-4.351976047581290752e-01,-9.504124339472770355e-01,-5.326526605437652551e-01,-1.671080910754352500e+00
1.359213464583758357e-01,5.803841448358263433e-01,-4.353390684070424510e-01,-9.504425805538969652e-01,-5.325785486925141976e-01,-1.671076535945809738e+00
1.359011984446672483e-01,5.803307307879211896e-01,-4.354806160808297744e-01,-9.504712641535904005e-01,-5.325042231361479805e-01,-1.671070798445410066e+00
1.358812084291420863e-01,5.802772355888626832e-01,-4.356222381337617744e-01,-9.504986711326117721e-01,-5.324297102234762935e-01,-1.671063870967357978e+00
1.358613569885318839e-01,5.802236678758034838e-01,-4.357639261029559452e-01,-9.505249641691601026e-01,-5.323550330148273391e-01,-1.671055904229860278e+00
1.358416271730440161e-01,5.801700351960625834e-01,-4.359056725662062148e-01,-9.505502852493540322e-01,-5.322802116861591326e-01,-1.671047029757445790e+00
1.358220041908123066e-01,5.801163441445883473e-01,-4.360474710166788448e-01,-9.505747582989846345e-01,-5.322052638832220905e-01,-1.671037362326616815e+00
1.358024751324765078e-01,5.800626004843965067e-01,-4.361893157516762987e-01,-9.505984914796276053e-01,-5.321302050347270773e-01,-1.671027002098902425e+00
1.357830287313737394e-01,5.800088092516142435e-01,-4.363312017744530591e-01,-9.506215791924611525e-01,-5.320550486273157853e-01,-1.671016036483424783e+00
1.357636551535021385e-01,5.799549748475973932e-01,-4.364731247077640042e-01,-9.506441038297814838e-01,-5.319798064484660971e-01,-1.671004541759665285e+00
1.357443458155516425e-01,5.799011011187373832e-01,-4.366150807180549376e-01,-9.506661373019701378e-01,-5.319044887971944302e-01,-1.670992584497003053e+00
1.357250932248623976e-01,5.798471914270193484e-01,-4.367570664481314480e-01,-9.506877423714278352e-01,-5.318291046722062321e-01,-1.670980222789615333e+00
1.357058908415051945e-01,5.797932487106530752e-01,-4.368990789585189272e-01,-9.507089738145495517e-01,-5.317536619335008208e-01,-1.670967507337098867e+00
1.356867329564050151e-01,5.797392755378569795e-01,-4.370411156757947890e-01,-9.507298794390257601e-01,-5.316781674461964480e-01,-1.670954482385471174e+00
1.356676145860079563e-01,5.796852741532942943e-01,-4.371831743473121867e-01,-9.507505009699347420e-01,-5.316026272052789547e-01,-1.670941186548968949e+00
1.356485313790876945e-01,5.796312465194658481e-01,-4.373252530010595107e-01,-9.507708748249660280e-01,-5.315270464468109246e-01,-1.670927653527130685e+00
1.356294795375857787e-01,5.795771943515908298e-01,-4.374673499110208197e-01,-9.507910327869272260e-01,-5.314514297419743460e-01,-1.670913912730341622e+00
1.356104557454198278e-01,5.795231191492087319e-01,-4.376094635665343513e-01,-9.508110025960105904e-01,-5.313757810819634830e-01,-1.670899989826662546e+00
1.355914571077933006e-01,5.794690222231673182e-01,-4.377515926452641426e-01,-9.508308084618254385e-01,-5.313001039512149637e-01,-1.670885907217552369e+00
1.355724810971012384e-01,5.794149047195533697e-01,-4.378937359900141324e-01,-9.508504715149936892e-01,-5.312244013915887741e-01,-1.670871684453737238e+00
1.355535255066068201e-01,5.793607676404360918e-01,-4.380358925877683718e-01,-9.508700101971098162e-01,-5.311486760586795475e-01,-1.670857338598496389e+00
1.251813935344310291e-01,5.868375883131452531e-01,-4.319598679761320059e-01,-9.849083862968091019e-01,-5.457230859727246752e-01,-1.711260369725558839e+00
1.251657162788375188e-01,5.867761053520693659e-01,-4.321138050046389179e-01,-9.849951688965269403e-01,-5.456374147069715796e-01,-1.711291991324040973e+00
1.251481191412180394e-01,5.867174853075586283e-01,-4.322638810097891859e-01,-9.850690707482717690e-01,-5.455607238699410333e-01,-1.711317993173756102e+00
1.251305523116623408e-01,5.866593642856324786e-01,-4.324131471092203527e-01,-9.851356051344457576e-01,-5.454857646704087681e-01,-1.711338772906464856e+00
1.251134509762646951e-01,5.866011633154909477e-01,-4.325623665712926003e-01,-9.851967034139256230e-01,-5.454107436830865074e-01,-1.711354911858649741e+00
1.250968693958074418e-01,5.865427587343133853e-01,-4.327117167618424465e-01,-9.852533112162379370e-01,-5.453352615093460809e-01,-1.711366977810802714e+00
1.250807712967614560e-01,5.864841407216387914e-01,-4.328612265904280276e-01,-9.853060639577602142e-01,-5.452592697213973771e-01,-1.711375481926127096e+00
1.250651035541094358e-01,5.864253259307383725e-01,-4.330108887375432314e-01,-9.853554676461724338e-01,-5.451828036120731635e-01,-1.711380874413807707e+00
1.250498143013779317e-01,5.863663353896836350e-01,-4.331606882923553226e-01,-9.854019516246106392e-01,-5.451059142530267909e-01,-1.711383549307983865e+00
1.250348568677304983e-01,5.863071891314783901e-01,-4.333106099243451692e-01,-9.854458876121096056e-01,-5.450286516928497527e-01,-1.711383850849722554e+00
1.250201901632416179e-01,5.862479050846023387e-01,-4.334606395565007153e-01,-9.854875993993600369e-01,-5.449510612311816438e-01,-1.711382079617436824e+00
1.250057782357243130e-01,5.861884990220855851e-01,-4.336107646420958028e-01,-9.855273695300790227e-01,-5.448731829846714669e-01,-1.711378498028531814e+00
1.249915896822182126e-01,5.861289847537963782e-01,-4.337609740980870043e-01,-9.855654446841556338e-01,-5.447950522454254596e-01,-1.711373335174984023e+00
1.249775970868093611e-01,5.860693743537548350e-01,-4.339112581644495870e-01,-9.856020402578410389e-01,-5.447166999876467131e-01,-1.711366791057062686e+00
1.249637765147755819e-01,5.860096783754266125e-01,-4.340616082575591284e-01,-9.856373443405477275e-01,-5.446381533702895350e-01,-1.711359040276692500e+00
1.249501070716386164e-01,5.859499060418833505e-01,-4.342120168342194497e-01,-9.856715211732836046e-01,-5.445594361902350578e-01,-1.711350235266614117e+00
1.249365705149904082e-01,5.858900654142569220e-01,-4.343624772692434854e-01,-9.857047141743336960e-01,-5.444805692903836869e-01,-1.711340509105887087e+00
1.249231509175170451e-01,5.858301635381866213e-01,-4.345129837463598266e-01,-9.857370485769552104e-01,-5.444015709190653807e-01,-1.711329977977799288e+00
1.249098343721921078e-01,5.857702065722457663e-01,-4.346635311613868402e-01,-9.857686337352400407e-01,-5.443224570479263669e-01,-1.711318743317265634e+00
1.248966087358707594e-01,5.857101998996763204e-01,-4.348141150364918106e-01,-9.857995651356878941e-01,-5.442432416518119265e-01,-1.711306893682884578e+00
1.248834634045925956e-01,5.856501482264373504e-01,-4.349647314446430935e-01,-9.858299261572373018e-01,-5.441639369554116534e-01,-1.711294506392820880e+00
1.248703891184663600e-01,5.855900556664781487e-01,-4.351153769425593065e-01,-9.858597896050085296e-01,-5.440845536500757973e-01,-1.711281648951832990e+00
1.248573777912495159e-01,5.855299258163362275e-01,-4.352660485116142675e-01,-9.858892190499120023e-01,-5.440051010841419066e-01,-1.711268380297904734e+00
1.248444223607317466e-01,5.854697618204535159e-01,-4.354167435064302261e-01,-9.859182700028756852e-01,-5.439255874302311167e-01,-1.711254751889273562e+00
1.248315166596190712e-01,5.854095664280080102e-01,-4.355674596085096772e-01,-9.859469909328985038e-01,-5.438460198319451377e-01,-1.711240808654878931e+00
1.248186553014546674e-01,5.853493420426685301e-01,-4.357181947867291294e-01,-9.859754241637967986e-01,-5.437664045323757911e-01,-1.711226589822238298e+00
1.248058335816892989e-01,5.852890907664087816e-01,-4.358689472612123916e-01,-9.860036066507982255e-01,-5.436867469878697845e-01,-1.711212129641852764e+00
1.247930473917082117e-01,5.852288144369548473e-01,-4.360197154729773539e-01,-9.860315706624463994e-01,-5.436070519651821087e-01,-1.711197458019080964e+00
1.247802931426518352e-01,5.851685146615446254e-01,-4.361704980562304823e-01,-9.860593443752682097e-01,-5.435273236296427335e-01,-1.711182601065078357e+00
1.247675677001893746e-01,5.851081928455299508e-01,-4.363212938146638908e-01,-9.860869523918984747e-01,-5.434475656196051663e-01,-1.711167581579185804e+00
1.247548683264024239e-01,5.850478502181470919e-01,-4.364721017001924053e-01,-9.861144161946879816e-01,-5.433677811140799063e-01,-1.711152419467995012e+00
1.247421926300980172e-01,5.849874878541773127e-01,-4.366229207951168867e-01,-9.861417545421087283e-01,-5.432879728888512227e-01,-1.711137132113986326e+00
1.136984530533200755e-01,5.933203553048210788e-01,-4.300499667689308692e-01,-1.018813558642895245e+00,-5.593869560113413630e-01,-1.751701354803285815e+00
1.136884162085808475e-01,5.932524648476625861e-01,-4.302128189812795545e-01,-1.018909853563796597e+00,-5.592975589999262809e-01,-1.751731649345980246e+00
1.136763277630307573e-01,5.931878158596610717e-01,-4.303713536172226739e-01,-1.018992322302106679e+00,-5.592178104841829533e-01,-1.751756586099062263e+00
1.136643135120901371e-01,5.931236983365891779e-01,-4.305289936596182199e-01,-1.019067253027144959e+00,-5.591398039451579427e-01,-1.751776321974427120e+00
1.136528184410677961e-01,5.930594844769301321e-01,-4.306865539280528843e-01,-1.019136702640424774e+00,-5.590616892734221466e-01,-1.751791388169629649e+00
1.136418880404538034e-01,5.929950489780995149e-01,-4.308442167350305385e-01,-1.019201632618120135e+00,-5.589830806048792233e-01,-1.751802344537333189e+00
1.136314786617013128e-01,5.929303852524799856e-01,-4.310020123359418753e-01,-1.019262679886886014e+00,-5.589039405830896756e-01,-1.751809703348487401e+00
1.136215319468602131e-01,5.928655125498677458e-01,-4.311599355897245966e-01,-1.019320351579004802e+00,-5.588243099253615842e-01,-1.751813917649376773e+00
1.136119920334997396e-01,5.928004537622164616e-01,-4.313179741645254972e-01,-1.019375078786149302e+00,-5.587442424168757027e-01,-1.751815384471486325e+00
1.136028089577164335e-01,5.927352303661286292e-01,-4.314761152486193962e-01,-1.019427235241587848e+00,-5.586637897779739292e-01,-1.751814450886438168e+00
1.135939388076333684e-01,5.926698614850449687e-01,-4.316343470480472622e-01,-1.019477146760073838e+00,-5.585829985804284803e-01,-1.751811420084301574e+00
1.135853431709313022e-01,5.926043639167742905e-01,-4.317926590287640698e-01,-1.019525097823301474e+00,-5.585019100335197884e-01,-1.751806556875652454e+00
1.135769884877392000e-01,5.925387523623889541e-01,-4.319510418643243144e-01,-1.019571336927259653e+00,-5.584205604108856136e-01,-1.751800092540370057e+00
1.135688454460617447e-01,5.924730396757682538e-01,-4.321094873226924427e-01,-1.019616081157072474e+00,-5.583389815813543100e-01,-1.751792229072047125e+00
1.135608884445911404e-01,5.924072370935156151e-01,-4.322679881482360265e-01,-1.019659520162544464e+00,-5.582572015178796088e-01,-1.751783142889528300e+00
1.135530951226913082e-01,5.923413544380865536e-01,-4.324265379517606145e-01,-1.019701819623821892e+00,-5.581752447580755616e-01,-1.751772988075947390e+00
1.135454459490599921e-01,5.922754002964276676e-01,-4.325851311106034824e-01,-1.019743124279129720e+00,-5.580931328161208294e-01,-1.751761899209231865e+00
1.135379238626866988e-01,5.922093821756605481e-01,-4.327437626801369785e-01,-1.019783560572997239e+00,-5.580108845468803036e-01,-1.751749993831560825e+00
1.135305139596166357e-01,5.921433066395100919e-01,-4.329024283137806184e-01,-1.019823238966714118e+00,-5.579285164691210053e-01,-1.751737374608007158e+00
1.135232032200516189e-01,5.920771794269502619e-01,-4.330611241924250399e-01,-1.019862255957308061e+00,-5.578460430496846589e-01,-1.751724131210263602e+00
1.135159802697532916e-01,5.920110055561079720e-01,-4.332198469616570513e-01,-1.019900695842321792e+00,-5.577634769546772064e-01,-1.751710341962228856e+00
1.135088351713356009e-01,5.919447894151698142e-01,-4.333785936763313584e-01,-1.019938632263121425e+00,-5.576808292710135895e-01,-1.751696075276563569e+00
1.135017592425625471e-01,5.918785348415291914e-01,-4.335373617515455580e-01,-1.019976129552005117e+00,-5.575981097007576270e-01,-1.751681390909167968e+00
1.134947448978170376e-01,5.918122451911973503e-01,-4.336961489186209606e-01,-1.020013243906853662e+00,-5.575153267327447315e-01,-1.751666341056274501e+00
1.134877855093677917e-01,5.917459233991370082e-01,-4.338549531873107656e-01,-1.020050024421013113e+00,-5.574324877924241584e-01,-1.751650971310154903e+00
1.134808752863244452e-01,5.916795720322454155e-01,-4.340137728117953175e-01,-1.020086513980872356e+00,-5.573495993740773535e-01,-1.751635321495648157e+00
1.134740091685787072e-01,5.916131933357648975e-01,-4.341726062608821102e-01,-1.020122750051438487e+00,-5.572666671570940533e-01,-1.751619426400459645e+00
1.134671827347208811e-01,5.915467892736196998e-01,-4.343314521916445403e-01,-1.020158765360456465e+00,-5.571836961076652717e-01,-1.751603316411666222e+00
1.134603921215708161e-01,5.914803615634862677e-01,-4.344903094267301147e-01,-1.020194588498101851e+00,-5.571006905668081099e-01,-1.751587018073884616e+00
1.134536339531792143e-01,5.914139117081547159e-01,-4.346491769335679156e-01,-1.020230244439799261e+00,-5.570176543303039240e-01,-1.751570554573841143e+00
1.134469052798525446e-01,5.913474410220538324e-01,-4.348080538070056011e-01,-1.020265755003359143e+00,-5.569345907152302155e-01,-1.751553946167255793e+00
1.134402035236209000e-01,5.912809506553824423e-01,-4.349669392533253021e-01,-1.020301139248813937e+00,-5.568515026216910302e-01,-1.751537210547704282e+00
1.017600689314580586e-01,6.005167549704086838e-01,-4.279010909238467608e-01,-1.051461620861194435e+00,-5.744480356927982312e-01,-1.792364874851838596e+00
1.017552088103416269e-01,6.004426011552663756e-01,-4.280723506865929950e-01,-1.051567537085726034e+00,-5.743559646470552948e-01,-1.792393234998354901e+00
1.017482103397308740e-01,6.003720673608398117e-01,-4.282388222029804292e-01,-1.051658661693896102e+00,-5.742741093581217315e-01,-1.792416561652661500e+00
1.017413431121440698e-01,6.003020882195768682e-01,-4.284043138870884948e-01,-1.051742096271866433e+00,-5.741939705029454055e-01,-1.792434716034046804e+00
1.017350509913535900e-01,6.002319929947869115e-01,-4.285696878516246922e-01,-1.051820013917926344e+00,-5.741136697051502091e-01,-1.792448172777008963e+00
1.017293681504714692e-01,6.001616571753873863e-01,-4.287351301685775606e-01,-1.051893386979773304e+00,-5.740328416804253431e-01,-1.792457483625576442e+00
1.017242432210253011e-01,6.000910780277205481e-01,-4.289006727865362079e-01,-1.051962852368212964e+00,-5.739514611852559733e-01,-1.792463162127386544e+00
1.017196126884667012e-01,6.000202775242291509e-01,-4.290663133798923723e-01,-1.052028917869348268e+00,-5.738695742761571461e-01,-1.792465664191859043e+00
1.017154167955558464e-01,5.999492804588871797e-01,-4.292320427880589873e-01,-1.052092016096187299e+00,-5.737872373121241099e-01,-1.792465389792726738e+00
1.017116023637493483e-01,5.998781097820392594e-01,-4.293978512246355295e-01,-1.052152522602967100e+00,-5.737045036091663608e-01,-1.792462688758374556e+00
1.017081227161843043e-01,5.998067858443856259e-01,-4.295637296136279870e-01,-1.052210765048753105e+00,-5.736214209776430151e-01,-1.792457866818757628e+00
1.017049370227614130e-01,5.997353265013041224e-01,-4.297296698115793401e-01,-1.052267029687319777e+00,-5.735380317066310907e-01,-1.792451191108812569e+00
1.017020096003089097e-01,5.996637473754837799e-01,-4.298956645801035870e-01,-1.052321566679212506e+00,-5.734543730446014509e-01,-1.792442895033056649e+00
1.016993092690314238e-01,5.995920621276257245e-01,-4.300617075067599271e-01,-1.052374594659555074e+00,-5.733704777487648174e-01,-1.792433182525083879e+00
1.016968087835358192e-01,5.995202827018518699e-01,-4.302277929208117579e-01,-1.052426304715437189e+00,-5.732863746021816809e-01,-1.792422231769645657e+00
1.016944843361206330e-01,5.994484195415079597e-01,-4.303939158130343778e-01,-1.052476863853570199e+00,-5.732020888793301072e-01,-1.792410198456732218e+00
1.016923151210566700e-01,5.993764817788633792e-01,-4.305600717627725560e-01,-1.052526418035973022e+00,-5.731176427633997150e-01,-1.792397218622495680e+00
1.016902829565156929e-01,5.993044773993504437e-01,-4.307262568723789209e-01,-1.052575094829194091e+00,-5.730330557129464930e-01,-1.792383411132921323e+00
1.016883719519214302e-01,5.992324133868687230e-01,-4.308924677072180631e-01,-1.052623005722829186e+00,-5.729483447919392347e-01,-1.792368879851484742e+00
1.016865682193239806e-01,5.991602958493640330e-01,-4.310587012427028464e-01,-1.052670248153992016e+00,-5.728635249577361810e-01,-1.792353715534312775e+00
1.016848596202737376e-01,5.990881301290381655e-01,-4.312249548170658531e-01,-1.052716907280003777e+00,-5.727786093168848458e-01,-1.792337997485476730e+00
1.016832355451964404e-01,5.990159208987668737e-01,-4.313912260884761318e-01,-1.052763057523870227e+00,-5.726936093515020421e-01,-1.792321795002072449e+00
1.016816867207458591e-01,5.989436722459166029e-01,-4.315575129978094227e-01,-1.052808763928090752e+00,-5.726085351168889170e-01,-1.792305168639130031e+00
1.016802050411819147e-01,5.988713877460711821e-01,-4.317238137348892169e-01,-1.052854083336367319e+00,-5.725233954174711037e-01,-1.792288171312676814e+00
1.016787834208392749e-01,5.987990705273796843e-01,-4.318901267090278218e-01,-1.052899065428091863e+00,-5.724381979613342164e-01,-1.792270849262110888e+00
1.016774156663052681e-01,5.987267233263000588e-01,-4.320564505228449148e-01,-1.052943753620208645e+00,-5.723529494939563200e-01,-1.792253242896155951e+00
1.016760963633634024e-01,5.986543485371881301e-01,-4.322227839487758350e-01,-1.052988185856977843e+00,-5.722676559190658097e-01,-1.792235387526146528e+00
1.016748207795291348e-01,5.985819482547052317e-01,-4.323891259088718519e-01,-1.053032395299198898e+00,-5.721823224015167852e-01,-1.792217314010663642e+00
1.016735847778611201e-01,5.985095243115651220e-01,-4.325554754567366711e-01,-1.053076410927960449e+00,-5.720969534594837480e-01,-1.792199049317150017e+00
1.016723847415267057e-01,5.984370783117539672e-01,-4.327218317612387399e-01,-1.053120258071541304e+00,-5.720115530462001052e-01,-1.792180617012043120e+00
1.016712175087785414e-01,5.983646116587045816e-01,-4.328881940930441319e-01,-1.053163958866517591e+00,-5.719261246187269387e-01,-1.792162037690974596e+00
1.016700803159092809e-01,5.982921255805477845e-01,-4.330545618116148354e-01,-1.053207532657664647e+00,-5.718406712006184334e-01,-1.792143329353140357e+00
8.940332827652329450e-02,6.084771562464643679e-01,-4.254885816216164018e-01,-1.082710009578307542e+00,-5.908898374021532840e-01,-1.833350031681584502e+00
8.940309216586626861e-02,6.083969400369204639e-01,-4.256677434187396969e-01,-1.082825505617607265e+00,-5.907962542484016533e-01,-1.833375850900345272e+00
8.940068282982391312e-02,6.083207121431746245e-01,-4.258416363303665908e-01,-1.082925243966441187e+00,-5.907133353386722074e-01,-1.833397022065312854e+00
8.939847308181822494e-02,6.082450521802329479e-01,-4.260144630653521225e-01,-1.083017160727852701e+00,-5.906320757586698278e-01,-1.833413055665098268e+00
8.939689502618519690e-02,6.081692534017334451e-01,-4.261871288649489720e-01,-1.083103533528614992e+00,-5.905505962810158049e-01,-1.833424364686796038e+00
8.939596965290896868e-02,6.080931942681750968e-01,-4.263598228579851268e-01,-1.083185340995757251e+00,-5.904685573364963913e-01,-1.833431492921005823e+00
8.939563784387449807e-02,6.080168763412133748e-01,-4.265325792334078714e-01,-1.083263218809817019e+00,-5.903859460335436626e-01,-1.833434955381502363e+00
8.939583111958251949e-02,6.079403243913490407e-01,-4.267053991533933388e-01,-1.083337675040111803e+00,-5.903028134478403022e-01,-1.833435210819349459e+00
8.939648598926128176e-02,6.078635651470786216e-01,-4.268782772049582452e-01,-1.083409143576986811e+00,-5.902192182978731605e-01,-1.833432662058662954e+00
8.939754617547227000e-02,6.077866230725297303e-01,-4.270512071081090100e-01,-1.083478001569171623e+00,-5.901352153914729559e-01,-1.833427661579121182e+00
8.939896232262285747e-02,6.077095197907680380e-01,-4.272241829156316895e-01,-1.083544578305419614e+00,-5.900508537277989740e-01,-1.833420517544198214e+00
8.940069125529001570e-02,6.076322742566826474e-01,-4.273971992324889224e-01,-1.083609161605812332e+00,-5.899661766406183450e-01,-1.833411499319160143e+00
8.940269522730066865e-02,6.075549030532633177e-01,-4.275702512224422436e-01,-1.083672003108000048e+00,-5.898812223264715549e-01,-1.833400842348482440e+00
8.940494124079313709e-02,6.074774206835050760e-01,-4.277433345693755773e-01,-1.083733322830442436e+00,-5.897960244102878891e-01,-1.833388752426528212e+00
8.940740044942903364e-02,6.073998398300980428e-01,-4.279164454315295130e-01,-1.083793313145825055e+00,-5.897106124657267578e-01,-1.833375409433809500e+00
8.941004763476594064e-02,6.073221715850145586e-01,-4.280895803950708345e-01,-1.083852142252664130e+00,-5.896250124872275400e-01,-1.833360970603358453e+00
8.941286074942372819e-02,6.072444256492819381e-01,-4.282627364315088614e-01,-1.083909957212523922e+00,-5.895392473094152042e-01,-1.833345573373175164e+00
8.941582051694192679e-02,6.071666105085762322e-01,-4.284359108573657648e-01,-1.083966886605667090e+00,-5.894533369824107583e-01,-1.833329337880314158e+00
8.941891008318234024e-02,6.070887335856115508e-01,-4.286091012980654535e-01,-1.084023042853818897e+00,-5.893672991024615504e-01,-1.833312369140383868e+00
8.942211471141388313e-02,6.070108013740659336e-01,-4.287823056537388711e-01,-1.084078524248221598e+00,-5.892811491071724417e-01,-1.833294758952298986e+00
8.942542151617551005e-02,6.069328195548669980e-01,-4.289555220694728499e-01,-1.084133416726026145e+00,-5.891949005344981893e-01,-1.833276587562878035e+00
8.942881922997943100e-02,6.068547930983693162e-01,-4.291287489081440643e-01,-1.084187795424283784e+00,-5.891085652531220518e-01,-1.833257925120877152e+00
8.943229800020030540e-02,6.067767263535018829e-01,-4.293019847253758958e-01,-1.084241726035182651e+00,-5.890221536654340895e-01,-1.833238832949037889e+00
8.943584921134448140e-02,6.066986231255020456e-01,-4.294752282477745653e-01,-1.084295265993592050e+00,-5.889356748857580426e-01,-1.833219364656043071e+00
8.943946532899539614e-02,6.066204867443421023e-01,-4.296484783533247587e-01,-1.084348465516232318e+00,-5.888491368989839936e-01,-1.833199567105265659e+00
8.944313976456164106e-02,6.065423201239737994e-01,-4.298217340537237030e-01,-1.084401368507699415e+00,-5.887625466981502020e-01,-1.833179481266589361e+00
8.944686675645863172e-02,6.064641258144601865e-01,-4.299949944786969347e-01,-1.084454013353407964e+00,-5.886759104067761372e-01,-1.833159142956658938e+00
8.945064126594966247e-02,6.063859060476014529e-01,-4.301682588623041981e-01,-1.084506433614679022e+00,-5.885892333862901005e-01,-1.833138583487307072e+00
8.945445888684711022e-02,6.063076627765998650e-01,-4.303415265303991988e-01,-1.084558658633503203e+00,-5.885025203296156970e-01,-1.833117830233951695e+00
8.945831576556777243e-02,6.062293977110956300e-01,-4.305147968899600275e-01,-1.084610714064692782e+00,-5.884157753446908057e-01,-1.833096907128901609e+00
8.946220853204446544e-02,6.061511123474774276e-01,-4.306880694194301640e-01,-1.084662622338846916e+00,-5.883290020263425291e-01,-1.833075835095981709e+00
8.946613423923487074e-02,6.060728079956240189e-01,-4.308613436597227841e-01,-1.084714403065854205e+00,-5.882422035205416844e-01,-1.833054632428608111e+00
7.654552622161786557e-02,6.173083765840816639e-01,-4.227681039897835946e-01,-1.113253141927712075e+00,-6.088122664418010865e-01,-1.875553531350161673e+00
7.656577053582816483e-02,6.172150661609903111e-01,-4.229556910968388928e-01,-1.113272918967170177e+00,-6.087019456984658072e-01,-1.875477604314558011e+00
7.658181747024446484e-02,6.171269846067850562e-01,-4.231374284727406621e-01,-1.113289187398346369e+00,-6.086045499670948988e-01,-1.875409876886939164e+00
7.659633710894316050e-02,6.170402718442294931e-01,-4.233179149501202776e-01,-1.113309042701339679e+00,-6.085104822059113072e-01,-1.875347884983436852e+00
7.660996341640080587e-02,6.169540956872402448e-01,-4.234981017532958858e-01,-1.113333406672029957e+00,-6.084176874932103463e-01,-1.875290611946357711e+00
7.662290067136855176e-02,6.168682520693349325e-01,-4.236781888949692210e-01,-1.113361997923047797e+00,-6.083256721955858648e-01,-1.875237403101548184e+00
7.663525547802731153e-02,6.167826703157838208e-01,-4.238582214010984117e-01,-1.113394346411760827e+00,-6.082342721206442926e-01,-1.875187734404855089e+00
7.664710626015078243e-02,6.166973108058030340e-01,-4.240382120100759100e-01,-1.113429994838581516e+00,-6.081433981795371091e-01,-1.875141157756094801e+00
7.665851857318983775e-02,6.166121434603313300e-01,-4.242181664474665159e-01,-1.113468533644762948e+00,-6.080529832587923122e-01,-1.875097283549276961e+00
7.666954914042416191e-02,6.165271429174955520e-01,-4.243980886596011581e-01,-1.113509602574723090e+00,-6.079629705598826872e-01,-1.875055771666974458e+00
7.668024745713965251e-02,6.164422871923925795e-01,-4.245779819234664076e-01,-1.113552886065826364e+00,-6.078733105421119109e-01,-1.875016324899768216e+00
7.669065679728749585e-02,6.163575570983481633e-01,-4.247578491053896621e-01,-1.113598107981761842e+00,-6.077839597049454756e-01,-1.874978683460497786e+00
7.670081501414213743e-02,6.162729358620930853e-01,-4.249376927425976280e-01,-1.113645026747711153e+00,-6.076948798079543357e-01,-1.874942620251089487e+00
7.671075522273138048e-02,6.161884088135265447e-01,-4.251175150859143326e-01,-1.113693431043012882e+00,-6.076060372405295285e-01,-1.874907936737553626e+00
7.672050639351291057e-02,6.161039631202029909e-01,-4.252973181313438045e-01,-1.113743136018377600e+00,-6.075174024747769241e-01,-1.874874459349273881e+00
7.673009387256804481e-02,6.160195875552663125e-01,-4.254771036478851021e-01,-1.113793979981928972e+00,-6.074289495789485516e-01,-1.874842036337108331e+00
7.673953983445760962e-02,6.159352722963357119e-01,-4.256568732022155688e-01,-1.113845821501948663e+00,-6.073406557900550284e-01,-1.874810535023454516e+00
7.674886367897280903e-02,6.158510087493774821e-01,-4.258366281809587428e-01,-1.113898536871141820e+00,-6.072525011341820544e-01,-1.874779839402778148e+00
7.675808237925624278e-02,6.157667893943730153e-01,-4.260163698101966379e-01,-1.113952017883995227e+00,-6.071644680901703284e-01,-1.874749848043701927e+00
7.676721078542757259e-02,6.156826076505480527e-01,-4.261960991739189852e-01,-1.114006169896912368e+00,-6.070765412924395976e-01,-1.874720472255582360e+00
7.677626188976438559e-02,6.155984577593246465e-01,-4.263758172295472049e-01,-1.114060910129147430e+00,-6.069887072703771258e-01,-1.874691634487601899e+00
7.678524705979515586e-02,6.155143346810281191e-01,-4.265555248222525075e-01,-1.114116166175148637e+00,-6.069009542171756033e-01,-1.874663266926550387e+00
7.679417624128527520e-02,6.154302340050855635e-01,-4.267352226979652663e-01,-1.114171874705896848e+00,-6.068132717865167836e-01,-1.874635310273705890e+00
7.680305813621929323e-02,6.153461518713767564e-01,-4.269149115146367301e-01,-1.114227980330975365e+00,-6.067256509137590736e-01,-1.874607712674655202e+00
7.681190035904239544e-02,6.152620849011373183e-01,-4.270945918522012774e-01,-1.114284434602013985e+00,-6.066380836577925928e-01,-1.874580428785396657e+00
7.682070957144541967e-02,6.151780301376295057e-01,-4.272742642216038611e-01,-1.114341195145084784e+00,-6.065505630648995172e-01,-1.874553418951920625e+00
7.682949160315384607e-02,6.150939849922461011e-01,-4.274539290732411456e-01,-1.114398224897375833e+00,-6.064630830439466935e-01,-1.874526648497809145e+00
7.683825155443110844e-02,6.150099471998793366e-01,-4.276335868033056542e-01,-1.114455491442651214e+00,-6.063756382631685371e-01,-1.874500087097967116e+00
7.684699388883810267e-02,6.149259147773615819e-01,-4.278132377606515546e-01,-1.114512966427000151e+00,-6.062882240534603895e-01,-1.874473708232363034e+00
7.685572251161679191e-02,6.148418859891223720e-01,-4.279928822522711673e-01,-1.114570625052186958e+00,-6.062008363279866030e-01,-1.874447488708919529e+00
7.686444084037907798e-02,6.147578593159194194e-01,-4.281725205478817964e-01,-1.114628445627028785e+00,-6.061134715094379510e-01,-1.874421408245275256e+00
7.687315186600357508e-02,6.146738334276837801e-01,-4.283521528848681093e-01,-1.114686409179572069e+00,-6.060261264660292690e-01,-1.874395449103646305e+00
6.350537992944231547e-02,6.269394346924189731e-01,-4.197242650585509827e-01,-1.141279289817615616e+00,-6.278923071460419392e-01,-1.917536630640998441e+00
6.352975255971951563e-02,6.268402238063279786e-01,-4.199174955440473367e-01,-1.141307528866469356e+00,-6.277826016167830092e-01,-1.917456244711237101e+00
6.354991207442889367e-02,6.267466116623799932e-01,-4.201045414106424070e-01,-1.141331383774451647e+00,-6.276860464555406027e-01,-1.917384626093799893e+00
6.356854411764224777e-02,6.266544098804761598e-01,-4.202903776694643101e-01,-1.141358765739706627e+00,-6.275927587325648149e-01,-1.917318855192221783e+00
6.358626318178263459e-02,6.265627590395858038e-01,-4.204759758593777930e-01,-1.141390675304659874e+00,-6.275007231596315682e-01,-1.917257842115143607e+00
6.360326754181570841e-02,6.264714559608871580e-01,-4.206615248848716848e-01,-1.141426829880429983e+00,-6.274094723046176325e-01,-1.917200919894142430e+00
6.361966432907215085e-02,6.263804301913500350e-01,-4.208470608807255431e-01,-1.141466755687027934e+00,-6.273188498127999502e-01,-1.917147561319200388e+00
6.363553432513303909e-02,6.262896410793183932e-01,-4.210325902910643792e-01,-1.141509993797533040e+00,-6.272287677112695636e-01,-1.917097316402766927e+00
6.365094569311517680e-02,6.261990571691293805e-01,-4.212181138902700850e-01,-1.141556133912785542e+00,-6.271391581428035211e-01,-1.917049793862277474e+00
6.366595759361172446e-02,6.261086517487650660e-01,-4.214036314511204195e-01,-1.141604815265654826e+00,-6.270499631787043171e-01,-1.917004652003022169e+00
6.368062170736980832e-02,6.260184016083487624e-01,-4.215891426362023409e-01,-1.141655721807932844e+00,-6.269611321481918242e-01,-1.916961592134705850e+00
6.369498324640184006e-02,6.259282864737781837e-01,-4.217746471551661047e-01,-1.141708576901126371e+00,-6.268726205078150038e-01,-1.916920353090152629e+00
6.370908177642239933e-02,6.258382886128609490e-01,-4.219601447821829110e-01,-1.141763138454258142e+00,-6.267843890754304370e-01,-1.916880706488200525e+00
6.372295192436464029e-02,6.257483925115542300e-01,-4.221456353475540046e-01,-1.141819194622752054e+00,-6.266964033955775282e-01,-1.916842452608110925e+00
6.373662399604090867e-02,6.256585845940429991e-01,-4.223311187274908507e-01,-1.141876560035171462e+00,-6.266086331814837429e-01,-1.916805416785825500e+00
6.375012451474133812e-02,6.255688529802209130e-01,-4.225165948344375422e-01,-1.141935072489597136e+00,-6.265210518241087767e-01,-1.916769446263216103e+00
6.376347669394394346e-02,6.254791872728120428e-01,-4.227020636093155037e-01,-1.141994590059583370e+00,-6.264336359542100885e-01,-1.916734407437684862e+00
6.377670085052217219e-02,6.253895783718192991e-01,-4.228875250148986242e-01,-1.142054988560638362e+00,-6.263463650558789286e-01,-1.916700183455933626e+00
6.378981476627282321e-02,6.253000183121147915e-01,-4.230729790310481242e-01,-1.142116159334550130e+00,-6.262592211238229289e-01,-1.916666672110993508e+00
6.380283400435184105e-02,6.252105001216253788e-01,-4.232584256504417497e-01,-1.142178007308960241e+00,-6.261721883610122941e-01,-1.916633784004977858e+00
6.381577218576207911e-02,6.251210176975954269e-01,-4.234438648752089640e-01,-1.142240449299950722e+00,-6.260852529125302546e-01,-1.916601440940836287e+00
6.382864123272766199e-02,6.250315656973134404e-01,-4.236292967145414701e-01,-1.142303412524652062e+00,-6.259984026280449587e-01,-1.916569574518892427e+00
6.384145158021578559e-02,6.249421394437447708e-01,-4.238147211822446692e-01,-1.142366833300965112e+00,-6.259116268558909679e-01,-1.916538124906950191e+00
6.385421236138126566e-02,6.248527348423265071e-01,-4.240001382957994669e-01,-1.142430655911854664e+00,-6.258249162593172432e-01,-1.916507039766870646e+00
6.386693157052891756e-02,6.247633483082264405e-01,-4.241855480745667650e-01,-1.142494831607043793e+00,-6.257382626557380645e-01,-1.916476273315067980e+00
6.387961620483678660e-02,6.246739767030207169e-01,-4.243709505389673953e-01,-1.142559317732964042e+00,-6.256516588756922959e-01,-1.916445785500388688e+00
6.389227238909372941e-02,6.245846172788113160e-01,-4.245563457098797122e-01,-1.142624076970145230e+00,-6.255650986375639322e-01,-1.916415541287196378e+00
6.390490548416132011e-02,6.244952676298894945e-01,-4.247417336079563066e-01,-1.142689076666586478e+00,-6.254785764393282488e-01,-1.916385510025582661e+00
6.391752018300947413e-02,6.244059256496685695e-01,-4.249271142532174417e-01,-1.142754288252506134e+00,-6.253920874612742820e-01,-1.916355664903052425e+00
6.393012059341708631e-02,6.243165894937550142e-01,-4.251124876649938766e-01,-1.142819686731662454e+00,-6.253056274825734562e-01,-1.916325982462574462e+00
6.394271031115220105e-02,6.242272575472691543e-01,-4.252978538615969639e-01,-1.142885250233847794e+00,-6.252191928068461246e-01,-1.916296442184283855e+00
6.395529248393395927e-02,6.241379283962431579e-01,-4.254832128601095942e-01,-1.142950959623479701e+00,-6.251327801976793719e-01,-1.916267026115772820e+00
5.023063442095802161e-02,6.374596170198869594e-01,-4.162884697619371188e-01,-1.167490614923546666e+00,-6.481797816000627321e-01,-1.960204464867603358e+00
5.025839623037049730e-02,6.373548921800015199e-01,-4.164866810650065809e-01,-1.167526824456300183e+00,-6.480720604255896244e-01,-1.960119255991405351e+00
5.028199199940353026e-02,6.372560971013414566e-01,-4.166783921902803556e-01,-1.167557827443024498e+00,-6.479775687211186685e-01,-1.960043415762084740e+00
5.030406860600773744e-02,6.371587484184825234e-01,-4.168689414158282536e-01,-1.167592305919927798e+00,-6.478862690630138310e-01,-1.959973534061671963e+00
5.032521405866319936e-02,6.370619660231410242e-01,-4.170593173495383277e-01,-1.167631327691139420e+00,-6.477962021683616456e-01,-1.959908446935878068e+00
5.034562025812259339e-02,6.369655480868676722e-01,-4.172496976155945503e-01,-1.167674607966368461e+00,-6.477069264833805740e-01,-1.959847475797100058e+00
5.036539493377260174e-02,6.368694240906562776e-01,-4.174401094270061008e-01,-1.167721669760824810e+00,-6.476182924473969926e-01,-1.959790090548340746e+00
5.038462115276178682e-02,6.367735521333385273e-01,-4.176305527293367459e-01,-1.167772053000625920e+00,-6.475302128005200331e-01,-1.959735839435858606e+00
5.040336954351049698e-02,6.366778992488408839e-01,-4.178210230671312586e-01,-1.167825346981953949e+00,-6.474426188651963843e-01,-1.959684329588618823e+00
5.042170155184338282e-02,6.365824372816829557e-01,-4.180115157568719542e-01,-1.167881190682284132e+00,-6.473554516138347870e-01,-1.959635217817916386e+00
5.043967090173232665e-02,6.364871417230532069e-01,-4.182020265856521424e-01,-1.167939267786751500e+00,-6.472686593045916537e-01,-1.959588204034595771e+00
5.045732461490510384e-02,6.363919911489636094e-01,-4.183925518730271520e-01,-1.167999301353538355e+00,-6.471821964141720729e-01,-1.959543025768127444e+00
5.047470385691243955e-02,6.362969668135941559e-01,-4.185830884222980774e-01,-1.168061048952880876e+00,-6.470960228775480827e-01,-1.959499453430771032e+00
5.049184466777803526e-02,6.362020523103113501e-01,-4.187736334601217525e-01,-1.168124298379398018e+00,-6.470101034467812262e-01,-1.959457286187148872e+00
5.050877860034313355e-02,6.361072332782149452e-01,-4.189641845807151044e-01,-1.168188863889764839e+00,-6.469244071264523832e-01,-1.959416348344590109e+00
5.052553327947010425e-02,6.360124971458575027e-01,-4.191547396966477379e-01,-1.168254582905232875e+00,-6.468389066723044811e-01,-1.959376486201068746e+00
5.054213289031986994e-02,6.359178329080448222e-01,-4.193452969965202337e-01,-1.168321313127066885e+00,-6.467535781480205914e-01,-1.959337565286790150e+00
5.055859860738376454e-02,6.358232309298962326e-01,-4.195358549076607657e-01,-1.168388930006273752e+00,-6.466684005308895866e-01,-1.959299467955283980e+00
5.057494896918391519e-02,6.357286827756950531e-01,-4.197264120647610230e-01,-1.168457324532373054e+00,-6.465833553631379349e-01,-1.959262091275007611e+00
5.059120020640402865e-02,6.356341810594207109e-01,-4.199169672821646548e-01,-1.168526401295782779e+00,-6.464984264441504536e-01,-1.959225345186378142e+00
5.060736652922647599e-02,6.355397193140494005e-01,-4.201075195296657405e-01,-1.168596076790901606e+00,-6.464135995587656502e-01,-1.959189150890767284e+00
5.062346037955586103e-02,6.354452918764170732e-01,-4.202980679122222951e-01,-1.168666277931003306e+00,-6.463288622357747926e-01,-1.959153439440753930e+00
5.063949265017420737e-02,6.353508937878535878e-01,-4.204886116519445105e-01,-1.168736940750318976e+00,-6.462442035381414929e-01,-1.959118150506196976e+00
5.065547287858306741e-02,6.352565207057633279e-01,-4.206791500726695388e-01,-1.168808009264545866e+00,-6.461596138746236173e-01,-1.959083231297825689e+00
5.067140941542868510e-02,6.351621688273155764e-01,-4.208696825862465740e-01,-1.168879434474857870e+00,-6.460750848365715004e-01,-1.959048635623159340e+00
5.068730957199883702e-02,6.350678348222914549e-01,-4.210602086813049483e-01,-1.168951173497902118e+00,-6.459906090533702461e-01,-1.959014323061121665e+00
5.070317975011119638e-02,6.349735157740986624e-01,-4.212507279128772653e-01,-1.169023188801017188e+00,-6.459061800648202567e-01,-1.958980258241200589e+00
5.071902555521667910e-02,6.348792091283190775e-01,-4.214412398938828241e-01,-1.169095447535378973e+00,-6.458217922094581231e-01,-1.958946410211412914e+00
5.073485189574195725e-02,6.347849126476888815e-01,-4.216317442872579702e-01,-1.169167920950394457e+00,-6.457374405262903405e-01,-1.958912751886885628e+00
5.075066306898972507e-02,6.346906243732095554e-01,-4.218222407995609879e-01,-1.169240583884362916e+00,-6.456531206699269720e-01,-1.958879259564724418e+00
5.076646283859673897e-02,6.345963425884965092e-01,-4.220127291754954824e-01,-1.169313414314549826e+00,-6.455688288321423940e-01,-1.958845912503149433e+00
5.078225449949912151e-02,6.345020657908606587e-01,-4.222032091925407848e-01,-1.169386392967324051e+00,-6.454845616782644013e-01,-1.958812692550922607e+00
3.680404030678541272e-02,6.488906537638244876e-01,-4.124066979284048973e-01,-1.191774170834779989e+00,-6.695685364137682338e-01,-2.003690559620493694e+00
3.683445340064422230e-02,6.487808702578294895e-01,-4.126091974744880431e-01,-1.191817682785356824e+00,-6.694641548985027502e-01,-2.003600305729816622e+00
3.686080683184654594e-02,6.486773001320488286e-01,-4.128049060843932416e-01,-1.191855236869860724e+00,-6.693729389608257252e-01,-2.003520040133240254e+00
3.688565610550736257e-02,6.485752083194178397e-01,-4.129995044185693076e-01,-1.191896218459432832e+00,-6.692848305928880137e-01,-2.003445840419124213e+00
3.690955753804451428e-02,6.484736996801632181e-01,-4.131939961502698599e-01,-1.191941752911667818e+00,-6.691979380352693907e-01,-2.003376468764855201e+00
3.693269667355979918e-02,6.483725736848886534e-01,-4.133885480501550691e-01,-1.191991553490387545e+00,-6.691118440338572615e-01,-2.003311235620186537e+00
3.695518190375580991e-02,6.482717593608365858e-01,-4.135831785476129507e-01,-1.192045140955802829e+00,-6.690264046799768716e-01,-2.003249608321735931e+00
3.697709845767831877e-02,6.481712133348789262e-01,-4.137778809530954782e-01,-1.192102054720989512e+00,-6.689415330890261524e-01,-2.003191133575935368e+00
3.699851924176168760e-02,6.480709010050110797e-01,-4.139726453562866393e-01,-1.192161884117007187e+00,-6.688571597411612224e-01,-2.003135417123808271e+00
3.701950779635085342e-02,6.479707926871117740e-01,-4.141674623853057735e-01,-1.192224268218974537e+00,-6.687732245799586916e-01,-2.003082114468329511e+00
3.704011971385590823e-02,6.478708625052157499e-01,-4.143623237378016300e-01,-1.192288890752837949e+00,-6.686896748799018297e-01,-2.003030924291989479e+00
3.706040367138510594e-02,6.477710878266912387e-01,-4.145572221504999488e-01,-1.192355474743062693e+00,-6.686064642224257559e-01,-2.002981582981029351e+00
3.708040229718531644e-02,6.476714488408994441e-01,-4.147521512855616432e-01,-1.192423777667870111e+00,-6.685235517380059278e-01,-2.002933859886013135e+00
3.710015292312953544e-02,6.475719282038772118e-01,-4.149471056152274628e-01,-1.192493587184544568e+00,-6.684409014581171871e-01,-2.002887553188080538e+00
3.711968824330869748e-02,6.474725107295014048e-01,-4.151420803183458186e-01,-1.192564717378186145e+00,-6.683584817418822821e-01,-2.002842486288872959e+00
3.713903689026679805e-02,6.473731831202353959e-01,-4.153370711895434941e-01,-1.192637005474961986e+00,-6.682762647679419965e-01,-2.002798504652620437e+00
3.715822393879093105e-02,6.472739337319266539e-01,-4.155320745607570254e-01,-1.192710308966896893e+00,-6.681942260841703396e-01,-2.002755473043503986e+00
3.717727134884579732e-02,6.471747523673938574e-01,-4.157270872316771171e-01,-1.192784503087419123e+00,-6.681123442068308549e-01,-2.002713273113534864e+00
3.719619835188068407e-02,6.470756300963318441e-01,-4.159221064105563803e-01,-1.192859478607184665e+00,-6.680306002668436882e-01,-2.002671801289214404e+00
3.721502178983147890e-02,6.469765590980837144e-01,-4.161171296609518788e-01,-1.192935139898026797e+00,-6.679489776976234028e-01,-2.002630966924984879e+00
3.723375641308492023e-02,6.468775325224118689e-01,-4.163121548569209684e-01,-1.193011403239925272e+00,-6.678674619559342718e-01,-2.002590690688009101e+00
3.725241513918303021e-02,6.467785443699228809e-01,-4.165071801428437137e-01,-1.193088195339649493e+00,-6.677860402800342987e-01,-2.002550903144526995e+00
3.727100928149389147e-02,6.466795893853996002e-01,-4.167022038992375665e-01,-1.193165452031803797e+00,-6.677047014723633822e-01,-2.002511543523171511e+00
3.728954874762063776e-02,6.465806629661222660e-01,-4.168972247123420294e-01,-1.193243117143414134e+00,-6.676234357114678719e-01,-2.002472558632788946e+00
3.730804221536283827e-02,6.464817610799025172e-01,-4.170922413477435864e-01,-1.193321141495975457e+00,-6.675422343826629135e-01,-2.002433901917462400e+00
3.732649728430737640e-02,6.463828801949382807e-01,-4.172872527278819188e-01,-1.193399482037709181e+00,-6.674610899324363578e-01,-2.002395532626787489e+00
3.734492061059167117e-02,6.462840172173019981e-01,-4.174822579116563293e-01,-1.193478101077944498e+00,-6.673799957379796810e-01,-2.002357415092257842e+00
3.736331802389716156e-02,6.461851694365352561e-01,-4.176772560774716370e-01,-1.193556965621043853e+00,-6.672989459932270329e-01,-2.002319518092674500e+00
3.738169462983920166e-02,6.460863344786279550e-01,-4.178722465073347325e-01,-1.193636046780346627e+00,-6.672179356099925407e-01,-2.002281814299319951e+00
3.740005490080636208e-02,6.459875102631457144e-01,-4.180672285746354633e-01,-1.193715319267235841e+00,-6.671369601272882921e-01,-2.002244279790984738e+00
3.741840275327138615e-02,6.458886949683080303e-01,-4.182622017315705820e-01,-1.193794760942969546e+00,-6.670560156376355021e-01,-2.002206893627235473e+00
3.743674161817425738e-02,6.457898869975351452e-01,-4.184571654999156287e-01,-1.193874352425964513e+00,-6.669750987157949673e-01,-2.002169637478474318e+00
2.331560116213083830e-02,6.612391272646646057e-01,-4.080251436874424154e-01,-1.214041178944685440e+00,-6.919288892936779067e-01,-2.048127051493839001e+00
2.334796164388180939e-02,6.611247990022596221e-01,-4.082311987076988613e-01,-1.214091147885642874e+00,-6.918291365337190246e-01,-2.048031680305089974e+00
2.337642150904356217e-02,6.610169138639540032e-01,-4.084302025071522846e-01,-1.214134495784958023e+00,-6.917423520978420726e-01,-2.047946920306351171e+00
2.340339716936055969e-02,6.609105363184484272e-01,-4.086281492277659133e-01,-1.214181223652837982e+00,-6.916585867709010849e-01,-2.047868329991897163e+00
2.342940975561235914e-02,6.608047607802940426e-01,-4.088260567997770156e-01,-1.214232506666233835e+00,-6.915760232969032639e-01,-2.047794598357017826e+00
2.345463872272139996e-02,6.606993875441301567e-01,-4.090240820682171652e-01,-1.214288057358632322e+00,-6.914942663123538891e-01,-2.047725025258606113e+00
2.347919317562965555e-02,6.605943447279231107e-01,-4.092222349486329125e-01,-1.214347395344533398e+00,-6.914131764117610324e-01,-2.047659075688879948e+00
2.350316034821109748e-02,6.604895872674161339e-01,-4.094205020440045972e-01,-1.214410060160814986e+00,-6.913326668096010374e-01,-2.047596295020536861e+00
2.352661521384848478e-02,6.603850788076827127e-01,-4.096188678202912770e-01,-1.214475641601089118e+00,-6.912526671575542903e-01,-2.047536287806469346e+00
2.354962320203357259e-02,6.602807880551553321e-01,-4.098173180376322722e-01,-1.214543779176939786e+00,-6.911731164559107299e-01,-2.047478708430542582e+00
2.357224158746918166e-02,6.601766877013625079e-01,-4.100158401375667006e-01,-1.214614156950256652e+00,-6.910939610917842257e-01,-2.047423254524407543e+00
2.359452053630540710e-02,6.600727538490289703e-01,-4.102144231256313334e-01,-1.214686498180785446e+00,-6.910151538435027607e-01,-2.047369661492437487e+00
2.361650399318191221e-02,6.599689655733103066e-01,-4.104130573907271429e-01,-1.214760560495606212e+00,-6.909366531210622275e-01,-2.047317697772112144e+00
2.363823045341613763e-02,6.598653045489938362e-01,-4.106117345334991398e-01,-1.214836131631152449e+00,-6.908584223105592725e-01,-2.047267160699000055e+00
2.365973363863066448e-02,6.597617547263117110e-01,-4.108104472139717522e-01,-1.214913025698149740e+00,-6.907804291939898533e-01,-2.047217872893059010e+00
2.368104308822540499e-02,6.596583020480514259e-01,-4.110091890176111318e-01,-1.214991079908040339e+00,-6.907026454351076206e-01,-2.047169679097305295e+00
2.370218467877465221e-02,6.595549342010152971e-01,-4.112079543384311031e-01,-1.215070151703062651e+00,-6.906250461205338809e-01,-2.047122443414583604e+00
2.372318107698810977e-02,6.594516404000762000e-01,-4.114067382769479586e-01,-1.215150116246298317e+00,-6.905476093563800433e-01,-2.047076046888061107e+00
2.374405213894272351e-02,6.593484111971815720e-01,-4.116055365512650832e-01,-1.215230864218982409e+00,-6.904703159064770057e-01,-2.047030385387790030e+00
2.376481525800951469e-02,6.592452383161391261e-01,-4.118043454182907515e-01,-1.215312299891735837e+00,-6.903931488767979241e-01,-2.046985367759698082e+00
2.378548567057289786e-02,6.591421145064918496e-01,-4.120031616064708802e-01,-1.215394339437250393e+00,-6.903160934331590282e-01,-2.046940914206440087e+00
2.380607672384627005e-02,6.590390334162106178e-01,-4.122019822557503876e-01,-1.215476909449333176e+00,-6.902391365534396028e-01,-2.046896954871517682e+00
2.382660010979973514e-02,6.589359894802687689e-01,-4.124008048661418346e-01,-1.215559945649488549e+00,-6.901622668089251178e-01,-2.046853428598621072e+00
2.384706607059530747e-02,6.588329778231382106e-01,-4.125996272518406283e-01,-1.215643391750937274e+00,-6.900854741717460383e-01,-2.046810281847384783e+00
2.386748357813655783e-02,6.587299941732679409e-01,-4.127984475020626265e-01,-1.215727198466761916e+00,-6.900087498447591283e-01,-2.046767467744083024e+00
2.388786049218959498e-02,6.586270347880399667e-01,-4.129972639458321382e-01,-1.215811322637119440e+00,-6.899320861116010617e-01,-2.046724945250916861e+00
2.390820369835938014e-02,6.585240963878675746e-01,-4.131960751223542894e-01,-1.215895726468955829e+00,-6.898554762043233035e-01,-2.046682678438839442e+00
2.392851922839265774e-02,6.584211760994852503e-01,-4.133948797540669684e-01,-1.215980376868388335e+00,-6.897789141888649445e-01,-2.046640635851149082e+00
2.394881236652841860e-02,6.583182714049721218e-01,-4.135936767241230050e-01,-1.216065244856977756e+00,-6.897023948617728717e-01,-2.046598789946490804e+00
2.396908774233348985e-02,6.582153800979847480e-01,-4.137924650554706263e-01,-1.216150305057987824e+00,-6.896259136614133478e-01,-2.046557116611118943e+00
2.398934941121954809e-02,6.581125002453638295e-01,-4.139912438939692962e-01,-1.216235535251470212e+00,-6.895494665894681408e-01,-2.046515594731398213e+00
2.400960092582591493e-02,6.580096301532919467e-01,-4.141900124926750082e-01,-1.216320915980844131e+00,-6.894730501416717061e-01,-2.046474205821532166e+00
9.859205960431140225e-03,6.744944681479516646e-01,-4.030942097929624546e-01,-1.234232669882487921e+00,-7.151112357029815181e-01,-2.093638874735693545e+00
9.892870885723220251e-03,6.743761535625821812e-01,-4.033030397805007494e-01,-1.234288099724007548e+00,-7.150172866861332910e-01,-2.093538475532669363e+00
9.922838176432850765e-03,6.742644536524597942e-01,-4.035045945380806853e-01,-1.234336347222320551e+00,-7.149359897621077042e-01,-2.093449298095213074e+00
9.951344824592117666e-03,6.741542891618111932e-01,-4.037051450475799275e-01,-1.234387924965658856e+00,-7.148576232892199789e-01,-2.093366390873382610e+00
9.978874704519434535e-03,6.740447476394183512e-01,-4.039057236497900494e-01,-1.234444052155334592e+00,-7.147804477815256075e-01,-2.093288370595983494e+00
1.000560156283871079e-02,6.739356294278056048e-01,-4.041064785713807117e-01,-1.234504442532455837e+00,-7.147040869369991611e-01,-2.093214526570006395e+00
1.003163522688953549e-02,6.738268612573828920e-01,-4.043074115846714278e-01,-1.234568615767385857e+00,-7.146284047881550361e-01,-2.093144321562175669e+00
1.005706474925611126e-02,6.737183961685917488e-01,-4.045085025710289939e-01,-1.234636112140289788e+00,-7.145533144386310154e-01,-2.093077299793125068e+00
1.008196694589282537e-02,6.736101959492633018e-01,-4.047097302558894660e-01,-1.234706522304539700e+00,-7.144787447529993285e-01,-2.093013064824809089e+00
1.010640892100223183e-02,6.735022276240046901e-01,-4.049110754040958771e-01,-1.234779486533249759e+00,-7.144046338836851362e-01,-2.092951270110247730e+00
1.013044943944731505e-02,6.733944623926567674e-01,-4.051125210811217237e-01,-1.234854689504786274e+00,-7.143309274308475842e-01,-2.092891612406133639e+00
1.015413998589922637e-02,6.732868750419706005e-01,-4.053140524541753442e-01,-1.234931854968011500e+00,-7.142575774638129094e-01,-2.092833826297013200e+00
1.017752567051290712e-02,6.731794434879178057e-01,-4.055156565439165250e-01,-1.235010740929301853e+00,-7.141845417578709387e-01,-2.092777679455954498e+00
1.020064601858975198e-02,6.730721483845336639e-01,-4.057173219953867926e-01,-1.235091135413807883e+00,-7.141117831315859643e-01,-2.092722968508548664e+00
1.022353566103220181e-02,6.729649727841404694e-01,-4.059190388750918421e-01,-1.235172852747760119e+00,-7.140392688613528271e-01,-2.092669515416088366e+00
1.024622494109164728e-02,6.728579018387406130e-01,-4.061207984929930404e-01,-1.235255730296490828e+00,-7.139669701582972428e-01,-2.092617164314186873e+00
1.026874044419685654e-02,6.727509225399305182e-01,-4.063225932472151469e-01,-1.235339625610681669e+00,-7.138948617064252433e-01,-2.092565778744828187e+00
1.029110546404533172e-02,6.726440234901097659e-01,-4.065244164873245691e-01,-1.235424413920563680e+00,-7.138229212508957477e-01,-2.092515239237391356e+00
1.031334040949549204e-02,6.725371947033225162e-01,-4.067262623949702283e-01,-1.235509985943682887e+00,-7.137511292356891746e-01,-2.092465441189419018e+00
1.033546316259557722e-02,6.724304274292315364e-01,-4.069281258802035506e-01,-1.235596245963480388e+00,-7.136794684795173538e-01,-2.092416293015304518e+00
1.035748939054230780e-02,6.723237140010218660e-01,-4.071300024896788439e-01,-1.235683110146277741e+00,-7.136079238937339531e-01,-2.092367714522557431e+00
1.037943282069603811e-02,6.722170477002723521e-01,-4.073318883273301938e-01,-1.235770505066440927e+00,-7.135364822292090681e-01,-2.092319635494098939e+00
1.040130548076268618e-02,6.721104226397295323e-01,-4.075337799841681208e-01,-1.235858366413580711e+00,-7.134651318551605836e-01,-2.092271994445455530e+00
1.042311790877506472e-02,6.720038336606539708e-01,-4.077356744775062491e-01,-1.235946637862699315e+00,-7.133938625641630393e-01,-2.092224737538010970e+00
1.044487933845922138e-02,6.718972762418629063e-01,-4.079375691976357410e-01,-1.236035270081348614e+00,-7.133226653983032461e-01,-2.092177817627157044e+00
1.046659785972842843e-02,6.717907464217106606e-01,-4.081394618610593716e-01,-1.236124219863268925e+00,-7.132515324992541039e-01,-2.092131193428666158e+00
1.048828056166655961e-02,6.716842407277571203e-01,-4.083413504695829754e-01,-1.236213449365209271e+00,-7.131804569724530252e-01,-2.092084828790830464e+00
1.050993365493183354e-02,6.715777561174567367e-01,-4.085432332747892525e-01,-1.236302925444232592e+00,-7.131094327718998649e-01,-2.092038692054698945e+00
1.053156258234382373e-02,6.714712899235529830e-01,-4.087451087465818755e-01,-1.236392619070369792e+00,-7.130384545939991714e-01,-2.091992755496547840e+00
1.055317211263089895e-02,6.713648398086022873e-01,-4.089469755462612488e-01,-1.236482504819250927e+00,-7.129675177884825521e-01,-2.091946994837534213e+00
1.057476642400822023e-02,6.712584037243113366e-01,-4.091488325021810368e-01,-1.236572560423193856e+00,-7.128966182787777051e-01,-2.091901388815243124e+00
1.059634917785941439e-02,6.711519798751066634e-01,-4.093506785892678246e-01,-1.236662766379250655e+00,-7.128257524903350850e-01,-2.091855918809280013e+00
-3.317107179139998970e-03,6.885501617803305718e-01,-3.975175260779046371e-01,-1.251520526615800266e+00,-7.388070333494567432e-01,-2.139566334439406248e+00
-3.301750135498424110e-03,6.884380930393195763e-01,-3.977351542172236076e-01,-1.251679780475188020e+00,-7.387373453688359515e-01,-2.139557104037257407e+00
-3.287505482885472955e-03,6.883315578517752442e-01,-3.979444706146773592e-01,-1.251819095666453885e+00,-7.386778192407208454e-01,-2.139547715850202092e+00
-3.272629862725226317e-03,6.882255381348290069e-01,-3.981520801337545268e-01,-1.251950887402427437e+00,-7.386193076327522977e-01,-2.139534252409492243e+00
-3.256932192747635270e-03,6.881192471306939451e-01,-3.983591245500021083e-01,-1.252077749720278854e+00,-7.385603621528070706e-01,-2.139516563408926597e+00
-3.240468014114991548e-03,6.880125981339704211e-01,-3.985658283245043232e-01,-1.252200572256926048e+00,-7.385008111960796873e-01,-2.139495065035821764e+00
-3.223323178828614403e-03,6.879056156973213376e-01,-3.987722583555401989e-01,-1.252319903520481947e+00,-7.384406886742725939e-01,-2.139470213185920677e+00
-3.205579096235631077e-03,6.877983380616229381e-01,-3.989784513911637798e-01,-1.252436185492906251e+00,-7.383800559466756619e-01,-2.139442422332373361e+00
-3.187308113770783401e-03,6.876908014881246700e-01,-3.991844358110075985e-01,-1.252549798932658387e+00,-7.383189727781679368e-01,-2.139412057961655567e+00
-3.168573780875509269e-03,6.875830381809281411e-01,-3.993902357084280208e-01,-1.252661076321994749e+00,-7.382574931181330458e-01,-2.139379440543897282e+00
-3.149431797710026352e-03,6.874750764079841092e-01,-3.995958719568739048e-01,-1.252770308744411976e+00,-7.381956649687629879e-01,-2.139344850779142604e+00
-3.129930964846847335e-03,6.873669409291933707e-01,-3.998013627195089459e-01,-1.252877751163097075e+00,-7.381335308865076827e-01,-2.139308534486487279e+00
-3.110114036906690138e-03,6.872586534259816915e-01,-4.000067238208240838e-01,-1.252983626925610716e+00,-7.380711285454601978e-01,-2.139270706932370203e+00
-3.090018471156588068e-03,6.871502328836738283e-01,-4.002119690561654619e-01,-1.253088131685681006e+00,-7.380084912620067383e-01,-2.139231556629497710e+00
-3.069677085146335117e-03,6.870416959285852165e-01,-4.004171104573636675e-01,-1.253191436838271722e+00,-7.379456484746254041e-01,-2.139191248663405265e+00
-3.049118631561772465e-03,6.869330571220921833e-01,-4.006221585219819081e-01,-1.253293692525570657e+00,-7.378826261748679949e-01,-2.139149927607318258e+00
-3.028368302182637018e-03,6.868243292179671000e-01,-4.008271224124472232e-01,-1.253395030272399957e+00,-7.378194472949323179e-01,-2.139107720071765861e+00
-3.007448169760901756e-03,6.867155233880193332e-01,-4.010320101284136074e-01,-1.253495565295271952e+00,-7.377561320559421487e-01,-2.139064736938106837e+00
-2.986377573539791743e-03,6.866066494179703383e-01,-4.012368286566649900e-01,-1.253595398523237758e+00,-7.376926982765077412e-01,-2.139021075314850862e+00
-2.965173459384718400e-03,6.864977158813989622e-01,-4.014415841005596342e-01,-1.253694618370808200e+00,-7.376291616527652639e-01,-2.138976820249039790e+00
-2.943850674923553269e-03,6.863887302890062658e-01,-4.016462817933998952e-01,-1.253793302288118916e+00,-7.375655360023967155e-01,-2.138932046226066586e+00
-2.922422229914900093e-03,6.862796992211540603e-01,-4.018509263965090450e-01,-1.253891518120950010e+00,-7.375018334850994561e-01,-2.138886818482060637e+00
-2.900899524725398734e-03,6.861706284439563763e-01,-4.020555219851045248e-01,-1.253989325304053715e+00,-7.374380647983540538e-01,-2.138841194152969916e+00
-2.879292547859329827e-03,6.860615230089889272e-01,-4.022600721222486242e-01,-1.254086775899860173e+00,-7.373742393477678014e-01,-2.138795223282229596e+00
-2.857610052317489761e-03,6.859523873431551122e-01,-4.024645799240204602e-01,-1.254183915516094761e+00,-7.373103654025143783e-01,-2.138748949700646218e+00
-2.835859707807205244e-03,6.858432253253867739e-01,-4.026690481161783741e-01,-1.254280784105179958e+00,-7.372464502292597199e-01,-2.138702411799290992e+00
-2.814048235399992885e-03,6.857340403551628327e-01,-4.028734790832402268e-01,-1.254377416665995115e+00,-7.371825002131511262e-01,-2.138655643204017576e+00
-2.792181524368505131e-03,6.856248354112823851e-01,-4.030778749116970539e-01,-1.254473843857579096e+00,-7.371185209622798107e-01,-2.138608673368058266e+00
-2.770264734970895055e-03,6.855156131039146228e-01,-4.032822374273097310e-01,-1.254570092536565928e+00,-7.370545174010417755e-01,-2.138561528091339703e+00
-2.748302390033748998e-03,6.854063757213479935e-01,-4.034865682281073007e-01,-1.254666186231546465e+00,-7.369904938547141571e-01,-2.138514229971288039e+00
-2.726298451520444994e-03,6.852971252676898217e-01,-4.036908687131173235e-01,-1.254762145552028807e+00,-7.369264541177698025e-01,-2.138466798803799307e+00
-2.704256392462479550e-03,6.851878635006288798e-01,-4.038951401066479541e-01,-1.254857988553348624e+00,-7.368624015231651780e-01,-2.138419251928475262e+00
-1.642893767053719631e-02,7.035126995908543845e-01,-3.913625629652698334e-01,-1.267521396160956826e+00,-7.631335000998616946e-01,-2.187542119114158190e+00
-1.641369631666719786e-02,7.033983581938656471e-01,-3.915826967200569109e-01,-1.267683655876225446e+00,-7.630716690426719850e-01,-2.187528904901146376e+00
-1.639926023212825990e-02,7.032895323750602001e-01,-3.917942126790658897e-01,-1.267825691581744962e+00,-7.630194731649637685e-01,-2.187516032426592538e+00
-1.638412413114621186e-02,7.031811916615198221e-01,-3.920039153960815925e-01,-1.267960174180201349e+00,-7.629681907669806362e-01,-2.187499147036972236e+00
-1.636814027265880503e-02,7.030725550481371489e-01,-3.922129808519392302e-01,-1.268089727415140144e+00,-7.629164534357951721e-01,-2.187478032019022134e+00
-1.635137342720520068e-02,7.029635400398028811e-01,-3.924216447360535653e-01,-1.268215242933143472e+00,-7.628641045780594210e-01,-2.187453094759540750e+00
-1.633391255589438512e-02,7.028541741507862151e-01,-3.926299814468444116e-01,-1.268337268430681064e+00,-7.628111810904963930e-01,-2.187424791159801263e+00
-1.631584094089894715e-02,7.027444980020366438e-01,-3.928380340486504196e-01,-1.268456245023633633e+00,-7.627577451227236516e-01,-2.187393536942258798e+00
-1.629723243449287401e-02,7.026345498926670485e-01,-3.930458364407545813e-01,-1.268572552771182416e+00,-7.627038568359133519e-01,-2.187359698923047713e+00
-1.627815188877283076e-02,7.025243638041833716e-01,-3.932534175590144399e-01,-1.268686523596265436e+00,-7.626495705007138026e-01,-2.187323598814023828e+00
-1.625865614904062686e-02,7.024139695620953416e-01,-3.934608025259317965e-01,-1.268798448135160406e+00,-7.625949344195256385e-01,-2.187285518450979627e+00
-1.623879502879171585e-02,7.023033932958971937e-01,-3.936680132324770209e-01,-1.268908581000932845e+00,-7.625399914407495761e-01,-2.187245704683225433e+00
-1.621861217508993591e-02,7.021926578876852565e-01,-3.938750687741060519e-01,-1.269017145265146418e+00,-7.624847795131529660e-01,-2.187204373712889893e+00
-1.619814583436899463e-02,7.020817833785090167e-01,-3.940819858153687405e-01,-1.269124336370000661e+00,-7.624293322155302199e-01,-2.187161714899962917e+00
-1.617742952034336573e-02,7.019707873213300031e-01,-3.942887789051494618e-01,-1.269230325549539629e+00,-7.623736792319559807e-01,-2.187117894097606818e+00
-1.615649260073751328e-02,7.018596850918076280e-01,-3.944954607490767651e-01,-1.269335262827907762e+00,-7.623178467841854600e-01,-2.187073056571563257e+00
-1.613536080989648458e-02,7.017484901583305179e-01,-3.947020424469625532e-01,-1.269439279646276564e+00,-7.622618580171991454e-01,-2.187027329558434818e+00
-1.611405669969716639e-02,7.016372143206197620e-01,-3.949085336979116234e-01,-1.269542491165070341e+00,-7.622057333492608944e-01,-2.186980824504029197e+00
-1.609260003272658043e-02,7.015258679165090605e-01,-3.951149429790644652e-01,-1.269644998278947501e+00,-7.621494907817436548e-01,-2.186933639025512299e+00
-1.607100812757492059e-02,7.014144600033007659e-01,-3.953212777019095570e-01,-1.269746889385357402e+00,-7.620931461761235592e-01,-2.186885858628070167e+00
-1.604929616146213642e-02,7.013029985172278824e-01,-3.955275443470926966e-01,-1.269848241931622157e+00,-7.620367135025520877e-01,-2.186837558209056009e+00
-1.602747743479706818e-02,7.011914904122391601e-01,-3.957337485823190781e-01,-1.269949123770435229e+00,-7.619802050594539633e-01,-2.186788803375701473e+00
-1.600556360431837355e-02,7.010799417824041813e-01,-3.959398953658239129e-01,-1.270049594351391864e+00,-7.619236316701841760e-01,-2.186739651596844691e+00
-1.598356488473465925e-02,7.009683579671922571e-01,-3.961459890354245283e-01,-1.270149705757767533e+00,-7.618670028543512718e-01,-2.186690153214905230e+00
-1.596149022897283901e-02,7.008567436465299449e-01,-3.963520333871392021e-01,-1.270249503623320342e+00,-7.618103269846276948e-01,-2.186640352328904413e+00
-1.593934748312050495e-02,7.007451029217983685e-01,-3.965580317427087609e-01,-1.270349027927763608e+00,-7.617536114216953980e-01,-2.186590287570316704e+00
-1.591714352350113298e-02,7.006334393870867761e-01,-3.967639870102589450e-01,-1.270448313699914955e+00,-7.616968626341432680e-01,-2.186539992780762720e+00
-1.589488437659553402e-02,7.005217561925970449e-01,-3.969699017350571957e-01,-1.270547391628424005e+00,-7.616400863061506543e-01,-2.186489497607463139e+00
-1.587257532415963304e-02,7.004100560990489388e-01,-3.971757781460409920e-01,-1.270646288601833485e+00,-7.615832874307660871e-01,-2.186438828021811442e+00
-1.585022099529663497e-02,7.002983415262096223e-01,-3.973816181947479875e-01,-1.270745028177845404e+00,-7.615264703935201718e-01,-2.186388006777070014e+00
-1.582782544701332242e-02,7.001866145948700826e-01,-3.975874235901477594e-01,-1.270843630995952989e+00,-7.614696390453559172e-01,-2.186337053806885589e+00
-1.580539223481219890e-02,7.000748771634345280e-01,-3.977931958294152470e-01,-1.270942115139805262e+00,-7.614127967666191044e-01,-2.186285986574934892e+00
-2.924282946718061507e-02,7.192465539606076597e-01,-3.845694882737659692e-01,-1.281475062092451322e+00,-7.877754673066981184e-01,-2.236874624886901586e+00
-2.922800562014094342e-02,7.191305318373892863e-01,-3.847912028526903616e-01,-1.281639024306537866e+00,-7.877220906765600716e-01,-2.236857894580271733e+00
-2.921367423334863059e-02,7.190199471369030926e-01,-3.850040469233798612e-01,-1.281782610713677828e+00,-7.876777638344225618e-01,-2.236841957473273634e+00
-2.919857863796467695e-02,7.189098156425767217e-01,-3.852149688057444621e-01,-1.281918620280076526e+00,-7.876342566117738864e-01,-2.236822073758343965e+00
-2.918261336907618936e-02,7.187993645114740815e-01,-3.854251790319130899e-01,-1.282049701835662914e+00,-7.875902783813304442e-01,-2.236797961567817072e+00
-2.916585155534479751e-02,7.186885146505334054e-01,-3.856349261954639673e-01,-1.282176750673410748e+00,-7.875456848768638274e-01,-2.236770018227607348e+00
-2.914838480973735643e-02,7.185772962160488220e-01,-3.858442927524532995e-01,-1.282300314029981125e+00,-7.875005150358640460e-01,-2.236738698974177098e+00
-2.913029798406283760e-02,7.184657521371946576e-01,-3.860533282336728877e-01,-1.282420831943043238e+00,-7.874548314539818739e-01,-2.236704420395242643e+00
-2.911166619090659741e-02,7.183539227462684140e-01,-3.862620721012648417e-01,-1.282538683432152160e+00,-7.874086945055476239e-01,-2.236667550352246625e+00
-2.909255537516314272e-02,7.182418438127914362e-01,-3.864705581522988598e-01,-1.282654199524287053e+00,-7.873621586479229162e-01,-2.236628411555379614e+00
-2.907302334531403770e-02,7.181295467343176142e-01,-3.866788157715942975e-01,-1.282767670105255942e+00,-7.873152723727845359e-01,-2.236587286755430615e+00
-2.905312076243472125e-02,7.180170590188146296e-01,-3.868868705894209503e-01,-1.282879349157213689e+00,-7.872680787139495484e-01,-2.236544423638383350e+00
-2.903289202426184712e-02,7.179044047615682489e-01,-3.870947449816176111e-01,-1.282989459229915585e+00,-7.872206158080167215e-01,-2.236500039164508902e+00
-2.901237603903825124e-02,7.177916050679751248e-01,-3.873024584914310231e-01,-1.283098195332321945e+00,-7.871729174142922947e-01,-2.236454323382198073e+00
-2.899160690443674041e-02,7.176786784256612428e-01,-3.875100281931389556e-01,-1.283205728339046559e+00,-7.871250133900205004e-01,-2.236407442768542975e+00
-2.897061450409949002e-02,7.175656410314614764e-01,-3.877174690083450836e-01,-1.283312207979517616e+00,-7.870769301222405590e-01,-2.236359543153327412e+00
-2.894942502869709069e-02,7.174525070760225942e-01,-3.879247939807959344e-01,-1.283417765454119230e+00,-7.870286909136018361e-01,-2.236310752282460346e+00
-2.892806143118101941e-02,7.173392889915929382e-01,-3.881320145153954182e-01,-1.283522515724330182e+00,-7.869803163268784818e-01,-2.236261182062920128e+00
-2.890654382911996695e-02,7.172259976724435493e-01,-3.883391405859974999e-01,-1.283626559525084421e+00,-7.869318244995628930e-01,-2.236210930526709717e+00
-2.888488985461535805e-02,7.171126426650281660e-01,-3.885461809167313763e-01,-1.283729985124199224e+00,-7.868832314201751332e-01,-2.236160083553137223e+00
-2.886311496063070567e-02,7.169992323339726692e-01,-3.887531431404163129e-01,-1.283832869864452997e+00,-7.868345511738056297e-01,-2.236108716376993932e+00
-2.884123269253770216e-02,7.168857740110119448e-01,-3.889600339356709124e-01,-1.283935281518301386e+00,-7.867857961672366507e-01,-2.236056894907644921e+00
-2.881925492094990562e-02,7.167722741199368253e-01,-3.891668591472968730e-01,-1.284037279467427295e+00,-7.867369773194843319e-01,-2.236004676887637821e+00
-2.879719205163399839e-02,7.166587382917367632e-01,-3.893736238914781156e-01,-1.284138915747225607e+00,-7.866881042409155089e-01,-2.235952112903411226e+00
-2.877505320474610731e-02,7.165451714612615097e-01,-3.895803326467220384e-01,-1.284240235951615183e+00,-7.866391853849175053e-01,-2.235899247274232060e+00
-2.875284637398185100e-02,7.164315779534099482e-01,-3.897869893342555958e-01,-1.284341280031777277e+00,-7.865902281849019850e-01,-2.235846118828868079e+00
-2.873057856671590651e-02,7.163179615596994010e-01,-3.899935973875023332e-01,-1.284442082995530532e+00,-7.865412391773931589e-01,-2.235792761585477795e+00
-2.870825592386381381e-02,7.162043256020964588e-01,-3.902001598133586491e-01,-1.284542675516224808e+00,-7.864922241052750840e-01,-2.235739205350227632e+00
-2.868588382927241692e-02,7.160906729933218529e-01,-3.904066792456334367e-01,-1.284643084473658270e+00,-7.864431880166626865e-01,-2.235685476236380254e+00
-2.866346700150270918e-02,7.159770062860252304e-01,-3.906131579910285256e-01,-1.284743333419209765e+00,-7.863941353457665207e-01,-2.235631597124227099e+00
-2.864100957659313981e-02,7.158633277175748821e-01,-3.908195980704566863e-01,-1.284843442989984430e+00,-7.863450699872029936e-01,-2.235577588061267829e+00
-2.861851518058760452e-02,7.157496392495928950e-01,-3.910260012546162844e-01,-1.284943431270440639e+00,-7.862959953622246090e-01,-2.235523466612086008e+00
-4.168633654916042985e-02,7.356776786023365711e-01,-3.771363249645727223e-01,-1.293454468959328141e+00,-8.125678911750504607e-01,-2.287614975215202406e+00
-4.167213956711171563e-02,7.355605411772540014e-01,-3.773586495334241842e-01,-1.293618875866825002e+00,-8.125233715472310880e-01,-2.287595330153143536e+00
-4.165812511928718154e-02,7.354487060954120192e-01,-3.775719098984531841e-01,-1.293762886531437895e+00,-8.124872749033088537e-01,-2.287576868328361712e+00
-4.164328671930775383e-02,7.353372904254982245e-01,-3.777831381017473511e-01,-1.293899301867200036e+00,-8.124519099366007691e-01,-2.287554527621066924e+00
-4.162755985821133681e-02,7.352255321010492395e-01,-3.779935785637542622e-01,-1.294030790620318561e+00,-8.124160616387148259e-01,-2.287527963301939415e+00
-4.161102534586841317e-02,7.351133547673786017e-01,-3.782034942417874523e-01,-1.294158253320637053e+00,-8.123795959205357686e-01,-2.287497561516145250e+00
-4.159377708586402961e-02,7.350007909309741461e-01,-3.784129761516216717e-01,-1.294282237218018272e+00,-8.123425530125291116e-01,-2.287463776287165462e+00
-4.157590124632453560e-02,7.348878857550615873e-01,-3.786220804115578153e-01,-1.294403181198494179e+00,-8.123049956891409407e-01,-2.287427024814228549e+00
-4.155747399187223468e-02,7.347746815925506603e-01,-3.788308520694688153e-01,-1.294521463039555176e+00,-8.122669843991598970e-01,-2.287387675838781220e+00
-4.153856217998062872e-02,7.346612160036894990e-01,-3.790393297841522791e-01,-1.294637412657730469e+00,-8.122285736864280903e-01,-2.287346052932422324e+00
-4.151922442134724917e-02,7.345475219614142626e-01,-3.792475471989399938e-01,-1.294751318983453192e+00,-8.121898121431181394e-01,-2.287302439641699436e+00
-4.149951208586062645e-02,7.344336283592147741e-01,-3.794555336793457023e-01,-1.294863435188143175e+00,-8.121507429159856573e-01,-2.287257084376218774e+00
-4.147947019588137108e-02,7.343195605083260302e-01,-3.796633148788335910e-01,-1.294973983133304030e+00,-8.121114042581604187e-01,-2.287210204753567844e+00
-4.145913821097498703e-02,7.342053405823182333e-01,-3.798709132163073376e-01,-1.295083157244906413e+00,-8.120718300479321528e-01,-2.287161991417811180e+00
-4.143855071690499131e-02,7.340909880084907080e-01,-3.800783482893732024e-01,-1.295191127907794559e+00,-8.120320502634136295e-01,-2.287112611383363969e+00
-4.141773802694401208e-02,7.339765198078614938e-01,-3.802856372336663182e-01,-1.295298044436082652e+00,-8.119920914076075302e-01,-2.287062210966993359e+00
-4.139672671013105987e-02,7.338619508940833480e-01,-3.804927950356921662e-01,-1.295404037678958620e+00,-8.119519768935848925e-01,-2.287010918354456468e+00
-4.137554005526217216e-02,7.337472943364519162e-01,-3.806998348047930802e-01,-1.295509222305400332e+00,-8.119117273930710477e-01,-2.286958845847621991e+00
-4.135419847496451390e-02,7.336325615875045614e-01,-3.809067680101297926e-01,-1.295613698801941993e+00,-8.118713611443015843e-01,-2.286906091836228505e+00
-4.133271986132260739e-02,7.335177626832798392e-01,-3.811136046884088247e-01,-1.295717555228482532e+00,-8.118308942290946018e-01,-2.286852742521363613e+00
-4.131111989855040800e-02,7.334029064204747872e-01,-3.813203536236435820e-01,-1.295820868755955146e+00,-8.117903408233340112e-01,-2.286798873425721634e+00
-4.128941233383103676e-02,7.332880005080559815e-01,-3.815270225044343766e-01,-1.295923707009077441e+00,-8.117497134140585491e-01,-2.286744550719492786e+00
-4.126760921778675761e-02,7.331730517025664140e-01,-3.817336180625675590e-01,-1.296026129251301784e+00,-8.117090229969780024e-01,-2.286689832377655662e+00
-4.124572111366834465e-02,7.330580659263306043e-01,-3.819401461916139828e-01,-1.296128187415496180e+00,-8.116682792514428035e-01,-2.286634769196726147e+00
-4.122375728117191190e-02,7.329430483703031074e-01,-3.821466120527131638e-01,-1.296229927012537253e+00,-8.116274906945979417e-01,-2.286579405683677457e+00
-4.120172583678048672e-02,7.328280035839647155e-01,-3.823530201659319228e-01,-1.296331387923932876e+00,-8.115866648175474873e-01,-2.286523780836140496e+00
-4.117963389638396726e-02,7.327129355561510238e-01,-3.825593744902925364e-01,-1.296432605100586111e+00,-8.115458082096178583e-01,-2.286467928823204154e+00
-4.115748769720797146e-02,7.325978477825968449e-01,-3.827656784938781587e-01,-1.296533609169893131e+00,-8.115049266625998792e-01,-2.286411879585306117e+00
-4.113529270683213140e-02,7.324827433275139521e-01,-3.829719352148371891e-01,-1.296634426971054355e+00,-8.114640252670314302e-01,-2.286355659357749204e+00
-4.111305371861494889e-02,7.323676248770274455e-01,-3.831781473154642348e-01,-1.296735082025396668e+00,-8.114231084964110829e-01,-2.286299291128480959e+00
-4.109077493453531377e-02,7.322524947858436439e-01,-3.833843171282541040e-01,-1.296835594944564907e+00,-8.113821802811685968e-01,-2.286242795041704579e+00
-4.106846003829641573e-02,7.321373551179350958e-01,-3.835904466975592619e-01,-1.296935983791857483e+00,-8.113412440736668119e-01,-2.286186188748532189e+00
-5.369899935630399052e-02,7.527225772831286355e-01,-3.690758820523801775e-01,-1.303557375918998007e+00,-8.373580308334168665e-01,-2.339791744019418918e+00
-5.368555129783589286e-02,7.526048518448070768e-01,-3.692978103100591492e-01,-1.303721037434395491e+00,-8.373225831599497848e-01,-2.339769880777745836e+00
-5.367198648278299900e-02,7.524922412779332381e-01,-3.695105443566764625e-01,-1.303864410697149534e+00,-8.372949061434580287e-01,-2.339749519621153073e+00
-5.365754225493966217e-02,7.523800139495459005e-01,-3.697211372766490700e-01,-1.304000177091761525e+00,-8.372678773886829129e-01,-2.339725347081644369e+00
-5.364219352045260930e-02,7.522674215910919449e-01,-3.699308653286733639e-01,-1.304131018770638972e+00,-8.372403557276655306e-01,-2.339696959077377958e+00
-5.362602824027441067e-02,7.521543901139080557e-01,-3.701400069751627497e-01,-1.304257842687611468e+00,-8.372122156332073573e-01,-2.339664729571274027e+00
-5.360914231032123944e-02,7.520409541054607905e-01,-3.703486622241718984e-01,-1.304381196524766473e+00,-8.371834980472108168e-01,-2.339629110831888958e+00
-5.359162298921719275e-02,7.519271608741343593e-01,-3.705568938769910337e-01,-1.304501517964472557e+00,-8.371542657092602147e-01,-2.339590520423040498e+00
-5.357354730053254938e-02,7.518130547618445680e-01,-3.707647525678772760e-01,-1.304619183359795320e+00,-8.371245790306290901e-01,-2.339549327817709301e+00
-5.355498284485354227e-02,7.516986751031827785e-01,-3.709722817990563359e-01,-1.304734521322054031e+00,-8.370944925589862695e-01,-2.339505857329305272e+00
-5.353598888477463513e-02,7.515840564338406304e-01,-3.711795194524635799e-01,-1.304847819643726980e+00,-8.370640549150861753e-01,-2.339460393193666832e+00
-5.351661736634334005e-02,7.514692290229869620e-01,-3.713864986102563548e-01,-1.304959330520009786e+00,-8.370333092956898646e-01,-2.339413184447112215e+00
-5.349691381981416111e-02,7.513542193900151211e-01,-3.715932481868923221e-01,-1.305069274975837912e+00,-8.370022940151856661e-01,-2.339364449275758595e+00
-5.347691815296900381e-02,7.512390507699344688e-01,-3.717997934625790202e-01,-1.305177846721720991e+00,-8.369710430213405106e-01,-2.339314378837068720e+00
-5.345666534644538670e-02,7.511237435218985903e-01,-3.720061565454235164e-01,-1.305285215529608633e+00,-8.369395863654827128e-01,-2.339263140609936897e+00
-5.343618606279400968e-02,7.510083154862559063e-01,-3.722123567741291161e-01,-1.305391530192034910e+00,-8.369079506272877333e-01,-2.339210881329071956e+00
-5.341550717850285235e-02,7.508927822958081366e-01,-3.724184110676974635e-01,-1.305496921110512076e+00,-8.368761592957822959e-01,-2.339157729557997722e+00
-5.339465225396535647e-02,7.507771576516396594e-01,-3.726243342315940787e-01,-1.305601502573554562e+00,-8.368442331175069970e-01,-2.339103797938277385e+00
-5.337364194162651232e-02,7.506614535614036798e-01,-3.728301392231523348e-01,-1.305705374743483471e+00,-8.368121904034557801e-01,-2.339049185164591371e+00
-5.335249434464225254e-02,7.505456805483358140e-01,-3.730358373843742359e-01,-1.305808625402032908e+00,-8.367800473045722276e-01,-2.338993977713403449e+00
-5.333122533296445061e-02,7.504298478363053970e-01,-3.732414386449816046e-01,-1.305911331483100568e+00,-8.367478180609677629e-01,-2.338938251354873099e+00
-5.330984881896038557e-02,7.503139635107458627e-01,-3.734469516989478155e-01,-1.306013560412173646e+00,-8.367155152223878511e-01,-2.338882072480020113e+00
-5.328837699832288805e-02,7.501980346584953274e-01,-3.736523841594401318e-01,-1.306115371280511139e+00,-8.366831498425657543e-01,-2.338825499262882968e+00
-5.326682056154726647e-02,7.500820674906282237e-01,-3.738577426942328863e-01,-1.306216815874916115e+00,-8.366507316525418902e-01,-2.338768582679027652e+00
-5.324518888126003602e-02,7.499660674525764348e-01,-3.740630331434118272e-01,-1.306317939582571475e+00,-8.366182692188264269e-01,-2.338711367395004181e+00
-5.322349017410933636e-02,7.498500393178167966e-01,-3.742682606227568654e-01,-1.306418782180867710e+00,-8.365857700789023355e-01,-2.338653892550940139e+00
-5.320173164301603835e-02,7.497339872703384644e-01,-3.744734296141651320e-01,-1.306519378530293318e+00,-8.365532408620222071e-01,-2.338596192444783561e+00
-5.317991960264702861e-02,7.496179149778796624e-01,-3.746785440445258297e-01,-1.306619759182694018e+00,-8.365206873976228641e-01,-2.338538297131557808e+00
-5.315805958923743024e-02,7.495018256560516123e-01,-3.748836073544725145e-01,-1.306719950913656225e+00,-8.364881148112658371e-01,-2.338480232948684012e+00
-5.313615645595484022e-02,7.493857221230469934e-01,-3.750886225594829426e-01,-1.306819977189242366e+00,-8.364555276068472711e-01,-2.338422022976290648e+00
-5.311421445824104914e-02,7.492696068500878104e-01,-3.752935923022554521e-01,-1.306919858576105042e+00,-8.364229297433726229e-01,-2.338363687439501515e+00
-5.309223732630274223e-02,7.491534820028297181e-01,-3.754985188990624390e-01,-1.307019613097714750e+00,-8.363903246980185502e-01,-2.338305244063101362e+00
-6.523312216922354245e-02,7.702916933345012040e-01,-3.604148872252769253e-01,-1.311900105351835322e+00,-8.620094873152286397e-01,-2.393412125294045012e+00
-6.522046879405309083e-02,7.701738632162026255e-01,-3.606353893910088093e-01,-1.312061925940286589e+00,-8.619831567535390926e-01,-2.393388810432741653e+00
-6.520741647488996484e-02,7.700609134726764671e-01,-3.608466343257369369e-01,-1.312203689572721377e+00,-8.619639328139031553e-01,-2.393367237681359061e+00
-6.519343346298775432e-02,7.699483077974481615e-01,-3.610556324675691653e-01,-1.312337844058517611e+00,-8.619452767416558858e-01,-2.393341918699553261e+00
-6.517853231000828029e-02,7.698353152499937124e-01,-3.612636882345993117e-01,-1.312467076713413228e+00,-8.619261199691131692e-01,-2.393312395097468404e+00
-6.516280771272103811e-02,7.697218637694865917e-01,-3.614710963375832864e-01,-1.312592301548980211e+00,-8.619063444394349238e-01,-2.393279027901404454e+00
-6.514635731867579604e-02,7.696079897893491895e-01,-3.616779661336077534e-01,-1.312714067023178721e+00,-8.618859913897837233e-01,-2.393242267110067267e+00
-6.512926927377783726e-02,7.694937426587185048e-01,-3.618843671799313322e-01,-1.312832809566820247e+00,-8.618651233621508201e-01,-2.393202530420989405e+00
-6.511162128230882362e-02,7.693791686558150156e-01,-3.620903556859180195e-01,-1.312948903950735602e+00,-8.618438006447830535e-01,-2.393160187901762992e+00
-6.509348152872347637e-02,7.692643088529540485e-01,-3.622959799666113923e-01,-1.313062677303648451e+00,-8.618220777250180653e-01,-2.393115564503917270e+00
-6.507490978863797459e-02,7.691491993218452228e-01,-3.625012821100641602e-01,-1.313174416115633569e+00,-8.618000032024104584e-01,-2.393068945060311314e+00
-6.505595845960675250e-02,7.690338716825051435e-01,-3.627062988858320014e-01,-1.313284371454040089e+00,-8.617776202759046544e-01,-2.393020579151213578e+00
-6.503667346987422604e-02,7.689183536410351127e-01,-3.629110624437998367e-01,-1.313392763372456029e+00,-8.617549672788439308e-01,-2.392970685454017588e+00
-6.501709507911192232e-02,7.688026694767600144e-01,-3.631156009018736697e-01,-1.313499784744609711e+00,-8.617320781927770845e-01,-2.392919455569190834e+00
-6.499725857770707882e-02,7.686868404652508202e-01,-3.633199388587117218e-01,-1.313605604622509970e+00,-8.617089831095050556e-01,-2.392867057374457040e+00
-6.497719490062478509e-02,7.685708852511731193e-01,-3.635240978380425148e-01,-1.313710371177356562e+00,-8.616857086534920329e-01,-2.392813637964978035e+00
-6.495693116516977617e-02,7.684548201743783835e-01,-3.637280966761662904e-01,-1.313814214277371883e+00,-8.616622783628339333e-01,-2.392759326227427152e+00
-6.493649114364902220e-02,7.683386595567531785e-01,-3.639319518603741366e-01,-1.313917247750694184e+00,-8.616387130341495171e-01,-2.392704235094543108e+00
-6.491589567551067641e-02,7.682224159512035522e-01,-3.641356778238404313e-01,-1.314019571364344330e+00,-8.616150310287700176e-01,-2.392648463522114799e+00
-6.489516302947759274e-02,7.681061003605825777e-01,-3.643392872034018071e-01,-1.314121272561131093e+00,-8.615912485482362104e-01,-2.392592098220341690e+00
-6.487430922067408123e-02,7.679897224291146740e-01,-3.645427910646762970e-01,-1.314222427981738051e+00,-8.615673798802724326e-01,-2.392535215170219942e+00
-6.485334828949092245e-02,7.678732906113093781e-01,-3.647461990984062208e-01,-1.314323104799875574e+00,-8.615434376200516997e-01,-2.392477880951254576e+00
-6.483229254425464105e-02,7.677568123176921056e-01,-3.649495197924455536e-01,-1.314423361890117548e+00,-8.615194328636708310e-01,-2.392420153906857472e+00
-6.481115277595120294e-02,7.676402940450542944e-01,-3.651527605816068944e-01,-1.314523250854390035e+00,-8.614953753845291384e-01,-2.392362085163015184e+00
-6.478993844510232136e-02,7.675237414888440579e-01,-3.653559279790581371e-01,-1.314622816919922110e+00,-8.614712737871711434e-01,-2.392303719521600591e+00
-6.476865784531474213e-02,7.674071596413258867e-01,-3.655590276912758507e-01,-1.314722099725906590e+00,-8.614471356431793181e-01,-2.392245096244323133e+00
-6.474731824798575508e-02,7.672905528792629548e-01,-3.657620647183581486e-01,-1.314821134015073056e+00,-8.614229676145154224e-01,-2.392186249737177306e+00
-6.472592602790591676e-02,7.671739250393357912e-01,-3.659650434418129650e-01,-1.314919950237558588e+00,-8.613987755602182661e-01,-2.392127210152033001e+00
-6.470448677472548371e-02,7.670572794857229981e-01,-3.661679677014961221e-01,-1.315018575082935737e+00,-8.613745646333667016e-01,-2.392068003911743901e+00
-6.468300538849365566e-02,7.669406191670479211e-01,-3.663708408625790947e-01,-1.315117031941889447e+00,-8.613503393629922122e-01,-2.392008654173883198e+00
-6.466148616518213599e-02,7.668239466678122840e-01,-3.665736658750940458e-01,-1.315215341315837394e+00,-8.613261037290779187e-01,-2.391949181232751354e+00
-6.463993287244529373e-02,7.667072642550920580e-01,-3.667764453247927547e-01,-1.315313521174946709e+00,-8.613018612311085231e-01,-2.391889602873218390e+00
-7.625370049603405476e-02,7.882925900670232355e-01,-3.511924374835760920e-01,-1.318611298793420206e+00,-8.864045895059529112e-01,-2.448464177913399542e+00
-7.624182366331752614e-02,7.881750927730362122e-01,-3.514104718194365762e-01,-1.318770294708407897e+00,-8.863872737141847979e-01,-2.448440224543198429e+00
-7.622928798919925697e-02,7.880622003286802402e-01,-3.516192546455556012e-01,-1.318909581335683923e+00,-8.863764004867846769e-01,-2.448418169052270166e+00
-7.621577453484000564e-02,7.879496091481775766e-01,-3.518256907210592366e-01,-1.319041268424419266e+00,-8.863660163236881662e-01,-2.448392427677611227e+00
-7.620133145950802600e-02,7.878366096585621703e-01,-3.520311072156750432e-01,-1.319168038341214544e+00,-8.863551245448417770e-01,-2.448362494510648357e+00
-7.618605985643614464e-02,7.877231318505684143e-01,-3.522358153638763811e-01,-1.319290812126993062e+00,-8.863436139628314558e-01,-2.448328717252790110e+00
-7.617005892793955735e-02,7.876092138079185956e-01,-3.524399341419318099e-01,-1.319410139249711511e+00,-8.863315258463657642e-01,-2.448291543174700546e+00
-7.615341752552920451e-02,7.874949068028141985e-01,-3.526435399198278864e-01,-1.319526454846157382e+00,-8.863189224292470358e-01,-2.448251389888214113e+00
-7.613621387025634735e-02,7.873802589798473139e-01,-3.528466944597712374e-01,-1.319640131960813756e+00,-8.863058638239559306e-01,-2.448208627932232595e+00
-7.611851658079774041e-02,7.872653130927333986e-01,-3.530494508512410645e-01,-1.319751496076573716e+00,-8.862924044146198721e-01,-2.448163582807289185e+00
-7.610038581603378871e-02,7.871501067069989199e-01,-3.532518553479642720e-01,-1.319860832229944991e+00,-8.862785927503716854e-01,-2.448116539863321783e+00
-7.608187430932558670e-02,7.870346727556067901e-01,-3.534539483709987495e-01,-1.319968390223591692e+00,-8.862644720041994439e-01,-2.448067749151749961e+00
-7.606302828425640095e-02,7.869190400988916867e-01,-3.536557652721227796e-01,-1.320074389013282001e+00,-8.862500805035496976e-01,-2.448017429775749321e+00
-7.604388826050033356e-02,7.868032340297267391e-01,-3.538573369793223677e-01,-1.320179020524638647e+00,-8.862354522376453270e-01,-2.447965773718314253e+00
-7.602448975757258864e-02,7.866872767145628442e-01,-3.540586905561330933e-01,-1.320282452988769561e+00,-8.862206173172227919e-01,-2.447912949201202615e+00
-7.600486391191942082e-02,7.865711875803592656e-01,-3.542598496886086301e-01,-1.320384833865813290e+00,-8.862056023927499249e-01,-2.447859103628619248e+00
-7.598503801933272073e-02,7.864549836551626427e-01,-3.544608351104082677e-01,-1.320486292411296558e+00,-8.861904310349779657e-01,-2.447804366162925405e+00
-7.596503600859794147e-02,7.863386798646405662e-01,-3.546616649730868209e-01,-1.320586941921445323e+00,-8.861751240750198599e-01,-2.447748849985582620e+00
-7.594487885664581717e-02,7.862222892912580363e-01,-3.548623551703892764e-01,-1.320686881703382776e+00,-8.861596999092457017e-01,-2.447692654275018587e+00
-7.592458495411610886e-02,7.861058234042550552e-01,-3.550629196198520909e-01,-1.320786198802409217e+00,-8.861441747769394084e-01,-2.447635865940443356e+00
-7.590417042338483411e-02,7.859892922570509421e-01,-3.552633705109464191e-01,-1.320884969515530027e+00,-8.861285630024499094e-01,-2.447578561140917763e+00
-7.588364939888248006e-02,7.858727046629548907e-01,-3.554637185203411431e-01,-1.320983260718325614e+00,-8.861128772157884637e-01,-2.447520806615580469e+00
-7.586303427186123771e-02,7.857560683474775765e-01,-3.556639730009991118e-01,-1.321081131027902256e+00,-8.860971285465570890e-01,-2.447462660850741933e+00
-7.584233590667122105e-02,7.856393900845720646e-01,-3.558641421462894749e-01,-1.321178631823290983e+00,-8.860813268008420618e-01,-2.447404175099688661e+00
-7.582156382797915206e-02,7.855226758120983366e-01,-3.560642331354016976e-01,-1.321275808139006580e+00,-8.860654806125611849e-01,-2.447345394278483077e+00
-7.580072638669556329e-02,7.854059307363658871e-01,-3.562642522585155458e-01,-1.321372699447900256e+00,-8.860495975827330506e-01,-2.447286357749939079e+00
-7.577983090408246802e-02,7.852891594211433013e-01,-3.564642050280497632e-01,-1.321469340348086163e+00,-8.860336843991716282e-01,-2.447227100011000189e+00
-7.575888379903394920e-02,7.851723658673499529e-01,-3.566640962750974864e-01,-1.321565761165145902e+00,-8.860177469450344345e-01,-2.447167651294318791e+00
-7.573789070007047597e-02,7.850555535835319620e-01,-3.568639302336090724e-01,-1.321661988480381300e+00,-8.860017903958485874e-01,-2.447108038094974347e+00
-7.571685654135100474e-02,7.849387256446420658e-01,-3.570637106147658835e-01,-1.321758045591032493e+00,-8.859858193006723281e-01,-2.447048283634581267e+00
-7.569578564990596392e-02,7.848218847472976378e-01,-3.572634406720214817e-01,-1.321853952919258557e+00,-8.859698376596847336e-01,-2.446988408263770953e+00
-7.567468181874352495e-02,7.847050332547343965e-01,-3.574631232570446016e-01,-1.321949728362562970e+00,-8.859538489872047506e-01,-2.446928429819856365e+00
-8.673767551018030098e-02,8.066326875528269102e-01,-3.414580259150279407e-01,-1.323826144041154951e+00,-9.104452585593715286e-01,-2.504919622865907414e+00
-8.672650564961052744e-02,8.065159159928707577e-01,-3.416725492471696102e-01,-1.323981451974767909e+00,-9.104367315504512392e-01,-2.504895870139761449e+00
-8.671444326796538815e-02,8.064034391109413669e-01,-3.418778956787021928e-01,-1.324117506234756103e+00,-9.104339925711193438e-01,-2.504874083598840340e+00
-8.670136036547264335e-02,8.062912165089478611e-01,-3.420808035076425835e-01,-1.324245985152559424e+00,-9.104316642287604289e-01,-2.504848664063373143e+00
-8.668733834530770177e-02,8.061785644344177104e-01,-3.422826155533329473e-01,-1.324369554223990386e+00,-9.104288214170579430e-01,-2.504819066736419408e+00
-8.667248438997969540e-02,8.060654152220104729e-01,-3.424836593313663191e-01,-1.324489140765327866e+00,-9.104253596517155600e-01,-2.504785626074180982e+00
-8.665689908821630483e-02,8.059518084549696093e-01,-3.426840636034632626e-01,-1.324605295339506439e+00,-9.104213201095832098e-01,-2.504748786248624182e+00
-8.664067183485467394e-02,8.058377972037549242e-01,-3.428839115910234381e-01,-1.324718451741411007e+00,-9.104167646629436339e-01,-2.504708964582075481e+00
-8.662388121165298660e-02,8.057234313862448039e-01,-3.430832705822252082e-01,-1.324828981151843887e+00,-9.104117532193886086e-01,-2.504666531975139332e+00
-8.660659613723616090e-02,8.056087553732658169e-01,-3.432821983949141953e-01,-1.324937207262683048e+00,-9.104063400555394425e-01,-2.504621814393206414e+00
-8.658887702795385610e-02,8.054938081616409562e-01,-3.434807454043423136e-01,-1.325043413510841317e+00,-9.104005736545878191e-01,-2.504575097636697834e+00
-8.657077684314501420e-02,8.053786239454803209e-01,-3.436789556418771707e-01,-1.325147848303151354e+00,-9.103944971533335373e-01,-2.504526632166335975e+00
-8.655234200602902883e-02,8.052632326961942644e-01,-3.438768676240709365e-01,-1.325250729382079440e+00,-9.103881488665874766e-01,-2.504476637453267429e+00
-8.653361321006786122e-02,8.051476606805091363e-01,-3.440745150559735288e-01,-1.325352247618508894e+00,-9.103815627819032974e-01,-2.504425305810565661e+00
-8.651462612800174534e-02,8.050319309212782271e-01,-3.442719274369948068e-01,-1.325452570328442770e+00,-9.103747690206799303e-01,-2.504372805755038733e+00
-8.649541203164956560e-02,8.049160635987203660e-01,-3.444691305899139078e-01,-1.325551844178706418e+00,-9.103677942532675260e-01,-2.504319284953988589e+00
-8.647599833493459232e-02,8.048000764014774377e-01,-3.446661471227988605e-01,-1.325650197734475899e+00,-9.103606620739277400e-01,-2.504264872806299724e+00
-8.645640907040109957e-02,8.046839848352561608e-01,-3.448629968315627403e-01,-1.325747743692575975e+00,-9.103533933406707801e-01,-2.504209682704458206e+00
-8.643666530741674070e-02,8.045678024937280570e-01,-3.450596970518750584e-01,-1.325844580840955356e+00,-9.103460064815812602e-01,-2.504153814014283608e+00
-8.641678551660195162e-02,8.044515412930370868e-01,-3.452562629668783356e-01,-1.325940795772948988e+00,-9.103385177652554283e-01,-2.504097353813264704e+00
-8.639678589079029247e-02,8.043352116793577311e-01,-3.454527078758478642e-01,-1.326036464392588821e+00,-9.103309415461642295e-01,-2.504040378410943735e+00
-8.637668062710519845e-02,8.042188228119085958e-01,-3.456490434287092239e-01,-1.326131653235024244e+00,-9.103232904854545726e-01,-2.503982954679922823e+00
-8.635648217182684272e-02,8.041023827196150942e-01,-3.458452798323254362e-01,-1.326226420621706481e+00,-9.103155757423792016e-01,-2.503925141225407547e+00
-8.633620143735681873e-02,8.039858984423436938e-01,-3.460414260291591604e-01,-1.326320817674388142e+00,-9.103078071506077729e-01,-2.503866989407041110e+00
-8.631584799083209802e-02,8.038693761517701208e-01,-3.462374898551928148e-01,-1.326414889203867853e+00,-9.102999933706779068e-01,-2.503808544235666567e+00
-8.629543022026847643e-02,8.037528212589699628e-01,-3.464334781769973781e-01,-1.326508674488648287e+00,-9.102921420277960696e-01,-2.503749845158726117e+00
-8.627495547964915412e-02,8.036362385076051273e-01,-3.466293970123989210e-01,-1.326602207957804369e+00,-9.102842598326252865e-01,-2.503690926748178835e+00
-8.625443021722953296e-02,8.035196320571786899e-01,-3.468252516358233950e-01,-1.326695519791112776e+00,-9.102763526904680269e-01,-2.503631819303012929e+00
-8.623386008663329327e-02,8.034030055545934301e-01,-3.470210466699514829e-01,-1.326788636441634583e+00,-9.102684257959526848e-01,-2.503572549378051182e+00
-8.621325004446328544e-02,8.032863621965028456e-01,-3.472167861671289768e-01,-1.326881581096141405e+00,-9.102604837161010209e-01,-2.503513140247560553e+00
-8.619260443670531679e-02,8.031697047855316240e-01,-3.474124736797259416e-01,-1.326974374078769392e+00,-9.102525304662899552e-01,-2.503453612310107879e+00
-8.617192707420243125e-02,8.030530357789560369e-01,-3.476081123222443114e-01,-1.327067033205124869e+00,-9.102445695762779732e-01,-2.503393983443445769e+00
-9.667274192526084664e-02,8.252214534702952964e-01,-3.312693802437612911e-01,-1.327681436748862520e+00,-9.340526567260217794e-01,-2.562736827943678630e+00
-9.666216966901583496e-02,8.251057592838376697e-01,-3.314793572983208425e-01,-1.327832315492369242e+00,-9.340525920156633743e-01,-2.562714123872353422e+00
-9.665050019545104454e-02,8.249940215316768910e-01,-3.316802995328955728e-01,-1.327964494609493284e+00,-9.340576778602130981e-01,-2.562693365746078200e+00
-9.663777209039607630e-02,8.248824865148919327e-01,-3.318787216828759656e-01,-1.328089139728826140e+00,-9.340630953349738919e-01,-2.562669017381728143e+00
-9.662409727164537887e-02,8.247705010151226146e-01,-3.320759735776565580e-01,-1.328208885990381338e+00,-9.340679908278972654e-01,-2.562640505521459833e+00
-9.660958868448876746e-02,8.246580002530667919e-01,-3.322723982184609959e-01,-1.328324665457186304e+00,-9.340722667472215468e-01,-2.562608152014341112e+00
-9.659434815609489744e-02,8.245450252177738415e-01,-3.324681341984941363e-01,-1.328437029706593053e+00,-9.340759641947873337e-01,-2.562572397671937452e+00
-9.657846547442248963e-02,8.244316306477377232e-01,-3.326632716058141037e-01,-1.328546411117170756e+00,-9.340791446819501909e-01,-2.562533659348206427e+00
-9.656201943774218865e-02,8.243178681283312992e-01,-3.328578832225689288e-01,-1.328653178878161478e+00,-9.340818679198500396e-01,-2.562492308201302027e+00
-9.654507913187829193e-02,8.242037835601913054e-01,-3.330520315464596259e-01,-1.328757654743733641e+00,-9.340841880881023407e-01,-2.562448670589978938e+00
-9.652770511478055149e-02,8.240894173001056533e-01,-3.332457710257992201e-01,-1.328860120416548884e+00,-9.340861536186880754e-01,-2.562403032702377015e+00
-9.650995046781719877e-02,8.239748047408099740e-01,-3.334391492563139048e-01,-1.328960822780123285e+00,-9.340878076237473238e-01,-2.562355645354353229e+00
-9.649186172079661505e-02,8.238599769077905588e-01,-3.336322078802310132e-01,-1.329059978250854535e+00,-9.340891884116891974e-01,-2.562306728333237249e+00
-9.647347966036141920e-02,8.237449609947493645e-01,-3.338249833431836677e-01,-1.329157776544029668e+00,-9.340903299775608071e-01,-2.562256474234720915e+00
-9.645484004043738957e-02,8.236297808387030850e-01,-3.340175075484854705e-01,-1.329254383969655118e+00,-9.340912624591832802e-01,-2.562205051826835778e+00
-9.643597420320469682e-02,8.235144573341737217e-01,-3.342098084277368986e-01,-1.329349946318306941e+00,-9.340920125485742131e-01,-2.562152609000656334e+00
-9.641690962489894712e-02,8.233990087984968120e-01,-3.344019104383152419e-01,-1.329444591393230679e+00,-9.340926038680033017e-01,-2.562099275353266759e+00
-9.639767039232176316e-02,8.232834512893244527e-01,-3.345938349980265847e-01,-1.329538431227201833e+00,-9.340930573058185971e-01,-2.562045164453687907e+00
-9.637827762145313726e-02,8.231677988838077553e-01,-3.347856008653750104e-01,-1.329631564028748381e+00,-9.340933913198499194e-01,-2.561990375825826671e+00
-9.635874982441462733e-02,8.230520639236363900e-01,-3.349772244712978519e-01,-1.329724075887710688e+00,-9.340936222105725717e-01,-2.561934996686201504e+00
-9.633910323073600901e-02,8.229362572293263955e-01,-3.351687202090894990e-01,-1.329816042269607035e+00,-9.340937643649581679e-01,-2.561879103467981533e+00
-9.631935206881599154e-02,8.228203882873775799e-01,-3.353601006887105829e-01,-1.329907529326806115e+00,-9.340938304734986986e-01,-2.561822763154567362e+00
-9.629950881291668430e-02,8.227044654152516623e-01,-3.355513769581953132e-01,-1.329998595047014120e+00,-9.340938317255411683e-01,-2.561766034449148410e+00
-9.627958439950549951e-02,8.225884959050465683e-01,-3.357425586985980925e-01,-1.330089290261772916e+00,-9.340937779816403941e-01,-2.561708968797879127e+00
-9.625958841727121074e-02,8.224724861509182805e-01,-3.359336543928356789e-01,-1.330179659528456959e+00,-9.340936779291624248e-01,-2.561651611289049058e+00
-9.623952927291770654e-02,8.223564417586005648e-01,-3.361246714754504428e-01,-1.330269741905405034e+00,-9.340935392175081509e-01,-2.561594001437814683e+00
-9.621941433649551512e-02,8.222403676423961638e-01,-3.363156164619839905e-01,-1.330359571628513482e+00,-9.340933685794086117e-01,-2.561536173877442479e+00
-9.619925007074583978e-02,8.221242681121039286e-01,-3.365064950633748775e-01,-1.330449178709987690e+00,-9.340931719412590706e-01,-2.561478158960463158e+00
-9.617904214136532848e-02,8.220081469456924639e-01,-3.366973122850995814e-01,-1.330538589455648069e+00,-9.340929545158241920e-01,-2.561419983290132318e+00
-9.615879551683698123e-02,8.218920074564547429e-01,-3.368880725152703093e-01,-1.330627826926497947e+00,-9.340927208891254274e-01,-2.561361670181383055e+00
-9.613851455243581368e-02,8.217758525480735043e-01,-3.370787796003616998e-01,-1.330716911334331787e+00,-9.340924750918445651e-01,-2.561303240070663456e+00
-9.611820306744688069e-02,8.216596847668176107e-01,-3.372694369128983460e-01,-1.330805860397599183e+00,-9.340922206681042672e-01,-2.561244710869065688e+00
-1.060559150578624377e-01,8.439720383056744657e-01,-3.206902942553305769e-01,-1.330311634349835570e+00,-9.571659729456032384e-01,-2.621863711024112753e+00
-1.060458015740862042e-01,8.438577363635852979e-01,-3.208947058748092829e-01,-1.330457461339473513e+00,-9.571739645947856534e-01,-2.621842898430219115e+00
-1.060344168763636963e-01,8.437470311279553492e-01,-3.210902893730466778e-01,-1.330585230961126353e+00,-9.571864920854401548e-01,-2.621823923892110386e+00
-1.060219404444653069e-01,8.436364723444833569e-01,-3.212832837103345995e-01,-1.330705527338980509e+00,-9.571992709191955440e-01,-2.621801389189980735e+00
-1.060085116017568108e-01,8.435254421208925324e-01,-3.214750357952099735e-01,-1.330820940563922417e+00,-9.572115189713978900e-01,-2.621774704672938494e+00
-1.059942486714338661e-01,8.434138793295112846e-01,-3.216659027549154115e-01,-1.330932405147589925e+00,-9.572231460188208585e-01,-2.621744180836101279e+00
-1.059792545745976006e-01,8.433018263310676499e-01,-3.218560329185147229e-01,-1.331040473398573232e+00,-9.572341932312363744e-01,-2.621710255010488932e+00
-1.059636193498978279e-01,8.431893393994545072e-01,-3.220455232296243198e-01,-1.331145576171341105e+00,-9.572447218124533475e-01,-2.621673343428081004e+00
-1.059474218763645226e-01,8.430764716726357744e-01,-3.222344519233753535e-01,-1.331248080532985600e+00,-9.572547913251217011e-01,-2.621633817407360123e+00
-1.059307312803658280e-01,8.429632704800541498e-01,-3.224228861267683932e-01,-1.331348306159350736e+00,-9.572644558894900513e-01,-2.621592003631834089e+00
-1.059136081483629949e-01,8.428497774534476905e-01,-3.226108843082120536e-01,-1.331446532881180200e+00,-9.572737639221867711e-01,-2.621548188621805053e+00
-1.058961055839105353e-01,8.427360291101859691e-01,-3.227984975803802059e-01,-1.331543005936334456e+00,-9.572827585417406082e-01,-2.621502623495259421e+00
-1.058782701337729060e-01,8.426220574639428085e-01,-3.229857706678090357e-01,-1.331637940301312328e+00,-9.572914780751233810e-01,-2.621455528309623251e+00
-1.058601425993765666e-01,8.425078905789255002e-01,-3.231727427180807743e-01,-1.331731524435819214e+00,-9.572999565479239914e-01,-2.621407095898043327e+00
-1.058417587451364883e-01,8.423935530544759409e-01,-3.233594480047902175e-01,-1.331823923552910793e+00,-9.573082241308825679e-01,-2.621357495239452273e+00
-1.058231499231368777e-01,8.422790664573797104e-01,-3.235459165372968071e-01,-1.331915282487655894e+00,-9.573163075565050972e-01,-2.621306874409366383e+00
-1.058043436162995621e-01,8.421644496935800639e-01,-3.237321745952229102e-01,-1.332005728207214634e+00,-9.573242304866107499e-01,-2.621255363169293418e+00
-1.057853639169638454e-01,8.420497193377795009e-01,-3.239182451947403285e-01,-1.332095372015701384e+00,-9.573320138499467058e-01,-2.621203075232613422e+00
-1.057662319458115147e-01,8.419348899218593862e-01,-3.241041484955700658e-01,-1.332184311485562267e+00,-9.573396761454701087e-01,-2.621150110250381804e+00
-1.057469662182759368e-01,8.418199741863245933e-01,-3.242899021572391849e-01,-1.332272632150263592e+00,-9.573472337129533827e-01,-2.621096555552324237e+00
-1.057275829669295647e-01,8.417049833025124217e-01,-3.244755216503668049e-01,-1.332360408990418854e+00,-9.573547009779977968e-01,-2.621042487670308230e+00
-1.057080964217812780e-01,8.415899270637390295e-01,-3.246610205297495999e-01,-1.332447707733715792e+00,-9.573620906662336782e-01,-2.620987973675695137e+00
-1.056885190587772833e-01,8.414748140573610202e-01,-3.248464106721683509e-01,-1.332534585998274901e+00,-9.573694140006898667e-01,-2.620933072348531567e+00
-1.056688618156601811e-01,8.413596518130440627e-01,-3.250317024842072078e-01,-1.332621094290970420e+00,-9.573766808743673362e-01,-2.620877835203816453e+00
-1.056491342816153756e-01,8.412444469320538021e-01,-3.252169050863117916e-01,-1.332707276886928360e+00,-9.573839000027787316e-01,-2.620822307389314432e+00
-1.056293448638683796e-01,8.411292052027832256e-01,-3.254020264710268950e-01,-1.332793172596653086e+00,-9.573910790624128309e-01,-2.620766528473902124e+00
-1.056095009334146045e-01,8.410139317005084214e-01,-3.255870736433645329e-01,-1.332878815441068898e+00,-9.573982248119049521e-01,-2.620710533137054821e+00
-1.055896089530991844e-01,8.408986308757261385e-01,-3.257720527430026936e-01,-1.332964235242734663e+00,-9.574053432004681063e-01,-2.620654351772254032e+00
-1.055696745887988730e-01,8.407833066296553914e-01,-3.259569691520389223e-01,-1.333049458143198196e+00,-9.574124394612740785e-01,-2.620598011018840712e+00
-1.055497028081293365e-01,8.406679623828505754e-01,-3.261418275881370343e-01,-1.333134507057083251e+00,-9.574195181975923008e-01,-2.620541534225526714e+00
-1.055296979671807300e-01,8.405526011350565874e-01,-3.263266321871042819e-01,-1.333219402072147730e+00,-9.574265834585585777e-01,-2.620484941855088845e+00
-1.055096638848804780e-01,8.404372255158648608e-01,-3.265113865744201926e-01,-1.333304160795398596e+00,-9.574336388035407097e-01,-2.620428251843850642e+00
-1.148920210606752951e-01,8.628024075890339262e-01,-3.097885733929290342e-01,-1.331845906577493688e+00,-9.797406777437192016e-01,-2.682240392340474955e+00
-1.148822069397007206e-01,8.626897809410394302e-01,-3.099864238198485888e-01,-1.331986171058253454e+00,-9.797562586051743461e-01,-2.682222297470496564e+00
-1.148709790835899663e-01,8.625803762069673697e-01,-3.101757133518110443e-01,-1.332109098048666285e+00,-9.797757873872499079e-01,-2.682205847810334554e+00
-1.148586318444967669e-01,8.624710569692051187e-01,-3.103623587793251648e-01,-1.332224633836289973e+00,-9.797954854981848483e-01,-2.682185853077474036e+00
-1.148453284599907365e-01,8.623612453109675835e-01,-3.105476931853348721e-01,-1.332335307955105241e+00,-9.798146421914160076e-01,-2.682161720695465768e+00
-1.148311921637962391e-01,8.622508847198245840e-01,-3.107320859076887487e-01,-1.332442054344688431e+00,-9.798331753238147535e-01,-2.682133751689717016e+00
-1.148163268121849406e-01,8.621400189486662091e-01,-3.109156947575642538e-01,-1.332545425530579308e+00,-9.798511263817326622e-01,-2.682102379963374084e+00
-1.148008225575471025e-01,8.620287056819088134e-01,-3.110986234850057208e-01,-1.332645850687797395e+00,-9.798685563750154648e-01,-2.682068021004950342e+00
-1.147847582245146575e-01,8.619169994788363764e-01,-3.112809557306433494e-01,-1.332743694619844765e+00,-9.798855247915798650e-01,-2.682031046203352975e+00
-1.147682028584875169e-01,8.618049489885809544e-01,-3.114627631936291996e-01,-1.332839274782109396e+00,-9.799020857623820246e-01,-2.681991782498988730e+00
-1.147512169631730999e-01,8.616925970192058637e-01,-3.116441083079796726e-01,-1.332932868996585363e+00,-9.799182877441193762e-01,-2.681950516688118569e+00
-1.147338535666833775e-01,8.615799811298225919e-01,-3.118250456508143698e-01,-1.333024720729371726e+00,-9.799341739140440266e-01,-2.681907500141082146e+00
-1.147161591463119606e-01,8.614671342492287165e-01,-3.120056229826106420e-01,-1.333115043404840216e+00,-9.799497826622277641e-01,-2.681862953137323480e+00
-1.146981744397651271e-01,8.613540852448777763e-01,-3.121858821122373562e-01,-1.333204024123867182e+00,-9.799651480789780544e-01,-2.681817068704547946e+00
-1.146799351555123497e-01,8.612408594246363513e-01,-3.123658596454910175e-01,-1.333291826913035605e+00,-9.799803004043806665e-01,-2.681770015990184941e+00
-1.146614725927819073e-01,8.611274789736887980e-01,-3.125455876374649833e-01,-1.333378595566878433e+00,-9.799952664336838426e-01,-2.681721943218794646e+00
-1.146428141884759111e-01,8.610139633435277551e-01,-3.127250941608066270e-01,-1.333464456144845878e+00,-9.800100698933040810e-01,-2.681672980279935725e+00
-1.146239839933602123e-01,8.609003295877136752e-01,-3.129044038034872188e-01,-1.333549519156443930e+00,-9.800247317734858132e-01,-2.681623240998492363e+00
-1.146050030898558836e-01,8.607865926570764659e-01,-3.130835381034887122e-01,-1.333633881477501726e+00,-9.800392706293153955e-01,-2.681572825124386661e+00
-1.145858899601041175e-01,8.606727656614043820e-01,-3.132625159284929683e-01,-1.333717628033755931e+00,-9.800537028554002772e-01,-2.681521820071579576e+00
-1.145666608058210079e-01,8.605588600946606492e-01,-3.134413538084158124e-01,-1.333800833272190678e+00,-9.800680429262603743e-01,-2.681470302447026555e+00
-1.145473298306621673e-01,8.604448860353983708e-01,-3.136200662261072192e-01,-1.333883562454963423e+00,-9.800823036157206847e-01,-2.681418339386353544e+00
-1.145279094859025237e-01,8.603308523195899449e-01,-3.137986658721805266e-01,-1.333965872791001095e+00,-9.800964961888635196e-01,-2.681365989726173904e+00
-1.145084106874567770e-01,8.602167666951057168e-01,-3.139771638670783016e-01,-1.334047814429974776e+00,-9.801106305771560834e-01,-2.681313305031028715e+00
-1.144888430055161083e-01,8.601026359559688084e-01,-3.141555699559835380e-01,-1.334129431333622051e+00,-9.801247155330226057e-01,-2.681260330491793908e+00
-1.144692148304073814e-01,8.599884660595037422e-01,-3.143338926795165578e-01,-1.334210762038927855e+00,-9.801387587663308310e-01,-2.681207105713908412e+00
-1.144495335172253381e-01,8.598742622278962022e-01,-3.145121395233099748e-01,-1.334291840325894318e+00,-9.801527670640323153e-01,-2.681153665409854447e+00
-1.144298055146694554e-01,8.597600290406566259e-01,-3.146903170481668011e-01,-1.334372695805918108e+00,-9.801667464011283304e-01,-2.681100040002823093e+00
-1.144100364766850175e-01,8.596457705132687366e-01,-3.148684310049993940e-01,-1.334453354436515360e+00,-9.801807020356461120e-01,-2.681046256156041974e+00
-1.143902313608220339e-01,8.595314901674240282e-01,-3.150464864345569604e-01,-1.334533838971978970e+00,-9.801946385943330897e-01,-2.680992337238460088e+00
-1.143703945124524002e-01,8.594171910889830679e-01,-3.152244877560287928e-01,-1.334614169356515889e+00,-9.802085601437732221e-01,-2.680938303733446215e+00
-1.143505297420678163e-01,8.593028759845562359e-01,-3.154024388433325221e-01,-1.334694363073744450e+00,-9.802224702609853013e-01,-2.680884173593018893e+00
-1.231922247881667432e-01,8.816360533389261400e-01,-2.986341641720234863e-01,-1.332406088057537907e+00,-1.001746518602140146e+00,-2.743801510091603557e+00
-1.231825375191573785e-01,8.815253580552241397e-01,-2.988244876461988442e-01,-1.332540382312247473e+00,-1.001769175565001113e+00,-2.743786933294787289e+00
-1.231713254474958996e-01,8.814175009764064761e-01,-2.990065728678129031e-01,-1.332658125931192039e+00,-1.001795221937805680e+00,-2.743773728163433567e+00
-1.231589722508681789e-01,8.813096640480112542e-01,-2.991859745470667464e-01,-1.332768583083173475e+00,-1.001821353623981947e+00,-2.743756976142635473e+00
-1.231456612653892280e-01,8.812013136716355666e-01,-2.993640004085117989e-01,-1.332874206884609114e+00,-1.001846930973191441e+00,-2.743736096249592915e+00
-1.231315200470705779e-01,8.810923990411810847e-01,-2.995410295658683109e-01,-1.332975926997593596e+00,-1.001871880774344525e+00,-2.743711382571980106e+00
-1.231166532115166856e-01,8.809829653895397961e-01,-2.997172288844862087e-01,-1.333074295420164423e+00,-1.001896245192015478e+00,-2.743683265815933581e+00
-1.231011508825730627e-01,8.808730716895970536e-01,-2.998927088255199380e-01,-1.333169739422536360e+00,-1.001920085202465893e+00,-2.743652160650892569e+00
-1.230850917003051687e-01,8.807627737893389819e-01,-3.000675583726375995e-01,-1.333262621392548253e+00,-1.001943460335588565e+00,-2.743618438448032659e+00
-1.230685445051692556e-01,8.806521215312632656e-01,-3.002418537363144568e-01,-1.333353256413878363e+00,-1.001966424819838553e+00,-2.743582426338918800e+00
-1.230515696103757078e-01,8.805411587960415565e-01,-3.004156612547375649e-01,-1.333441920160971295e+00,-1.001989027236214636e+00,-2.743544411336030997e+00
-1.230342198704452300e-01,8.804299240895122614e-01,-3.005890389148250241e-01,-1.333528854199377500e+00,-1.002011310887619189e+00,-2.743504645009350096e+00
-1.230165416063381534e-01,8.803184511732737860e-01,-3.007620374622783643e-01,-1.333614270283190351e+00,-1.002033314286666421e+00,-2.743463347811872399e+00
-1.229985754165731776e-01,8.802067696478951264e-01,-3.009347013217388844e-01,-1.333698354051019885e+00,-1.002055071642521167e+00,-2.743420712919106830e+00
-1.229803568834979405e-01,8.800949054624405132e-01,-3.011070693920518404e-01,-1.333781268245799900e+00,-1.002076613303825692e+00,-2.743376909605760972e+00
-1.229619171950732115e-01,8.799828813675114603e-01,-3.012791757374224666e-01,-1.333863155539203760e+00,-1.002097966170815369e+00,-2.743332086203471132e+00
-1.229432836875119089e-01,8.798707173086209865e-01,-3.014510501920458219e-01,-1.333944141004944628e+00,-1.002119154064198936e+00,-2.743286372694347719e+00
-1.229244803224094490e-01,8.797584307741430631e-01,-3.016227188873522036e-01,-1.334024334289274138e+00,-1.002140198063078858e+00,-2.743239882980899047e+00
-1.229055281033498426e-01,8.796460370976005860e-01,-3.017942047137770478e-01,-1.334103831512128302e+00,-1.002161116805649232e+00,-2.743192716878889215e+00
-1.228864454409587387e-01,8.795335497225379440e-01,-3.019655277246399705e-01,-1.334182716934447566e+00,-1.002181926759698527e+00,-2.743144961859143915e+00
-1.228672484741950843e-01,8.794209804371716510e-01,-3.021367054887719172e-01,-1.334261064421853993e+00,-1.002202642468423832e+00,-2.743096694576034444e+00
-1.228479513502665765e-01,8.793083395772047783e-01,-3.023077533997085564e-01,-1.334338938725743828e+00,-1.002223276766633031e+00,-2.743047982206084701e+00
-1.228285664706024322e-01,8.791956362049836438e-01,-3.024786849456309046e-01,-1.334416396606957100e+00,-1.002243840975733047e+00,-2.742998883620459516e+00
-1.228091047067094849e-01,8.790828782665280894e-01,-3.026495119463682437e-01,-1.334493487822626889e+00,-1.002264345077524599e+00,-2.742949450412458301e+00
-1.227895755891987156e-01,8.789700727297117266e-01,-3.028202447596240465e-01,-1.334570255989321330e+00,-1.002284797869740007e+00,-2.742899727797970311e+00
-1.227699874726855128e-01,8.788572257032196688e-01,-3.029908924632335743e-01,-1.334646739340774602e+00,-1.002305207101517937e+00,-2.742849755404005219e+00
-1.227503476820203110e-01,8.787443425447133416e-01,-3.031614630125410437e-01,-1.334722971392325652e+00,-1.002325579598714045e+00,-2.742799567959826490e+00
-1.227306626380685189e-01,8.786314279505798019e-01,-3.033319633807283200e-01,-1.334798981522397510e+00,-1.002345921368569259e+00,-2.742749195903048776e+00
-1.227109379702377434e-01,8.785184860393915329e-01,-3.035023996794479206e-01,-1.334874795483498078e+00,-1.002366237698643081e+00,-2.742698665909691247e+00
-1.226911786135000820e-01,8.784055204216825175e-01,-3.036727772661414471e-01,-1.334950435849371786e+00,-1.002386533239954636e+00,-2.742648001360099119e+00
-1.226713888946635994e-01,8.782925342638384647e-01,-3.038431008365723440e-01,-1.335025922407423682e+00,-1.002406812084288390e+00,-2.742597222745298158e+00
-1.226515726067646389e-01,8.781795303413917342e-01,-3.040133745073930749e-01,-1.335101272502297043e+00,-1.002427077828671020e+00,-2.742546348025587388e+00
-1.226435692760590168e-01,8.781377891604854602e-01,-3.040754347413019421e-01,-1.335122955883264684e+00,-1.002438773647101655e+00,-2.742532036024694975e+00
-1.226237916634129038e-01,8.780225861872346105e-01,-3.042497556501370104e-01,-1.335204829794532921e+00,-1.002456283989276553e+00,-2.742476654161280170e+00
-1.226038530666971743e-01,8.779091307932985755e-01,-3.044207978330795150e-01,-1.335281423583166927e+00,-1.002475839320910334e+00,-2.742424603283574402e+00
-1.225838674380003296e-01,8.777960477738638856e-01,-3.045910976675031967e-01,-1.335356805052334117e+00,-1.002495843146420595e+00,-2.742373241634322945e+00
-1.225638610750113822e-01,8.776830394892538578e-01,-3.047612078652348067e-01,-1.335431864619783804e+00,-1.002515949036434595e+00,-2.742322002756174104e+00
-1.225438410302434472e-01,8.775700422147143520e-01,-3.049312500513809421e-01,-1.335506801651901387e+00,-1.002536082076274315e+00,-2.742270769993225610e+00
-1.225238100076930098e-01,8.774570429290019513e-01,-3.051012519987996163e-01,-1.335581664639258426e+00,-1.002556226348837898e+00,-2.742219523603676823e+00
-1.225037696213721883e-01,8.773440395286774551e-01,-3.052712209145574396e-01,-1.335656468651953421e+00,-1.002576378761557585e+00,-2.742168264204633665e+00
-1.224837211219968885e-01,8.772310321955858470e-01,-3.054411593871200759e-01,-1.335731220944093023e+00,-1.002596539005526921e+00,-2.742116996224215786e+00
-1.224636655695889864e-01,8.771180215296657812e-01,-3.056110688715776846e-01,-1.335805926584198833e+00,-1.002616707364029969e+00,-2.742065724384609382e+00
-1.224436038855033632e-01,8.770050081535138986e-01,-3.057809504639143472e-01,-1.335880589739746993e+00,-1.002636884233035319e+00,-2.742014453003501551e+00
-1.224235368758482267e-01,8.768919926345882798e-01,-3.059508050840585303e-01,-1.335955214008788694e+00,-1.002657070013942331e+00,-2.741963185899247257e+00
-1.224034652464811301e-01,8.767789754748968045e-01,-3.061206335277714130e-01,-1.336029802535331434e+00,-1.002677265087365654e+00,-2.741911926424438484e+00
-1.223833896157680984e-01,8.766659571154074015e-01,-3.062904364890551290e-01,-1.336104358075369758e+00,-1.002697469807293906e+00,-2.741860677517018008e+00
-1.223633105259099296e-01,8.765529379430089252e-01,-3.064602145750195406e-01,-1.336178883048074750e+00,-1.002717684500203488e+00,-2.741809441748199738e+00
-1.223432284521993318e-01,8.764399182972725244e-01,-3.066299683162003187e-01,-1.336253379575390365e+00,-1.002737909465702071e+00,-2.741758221370141246e+00
-1.223231438119394415e-01,8.763268984769535530e-01,-3.067996981765823694e-01,-1.336327849520149380e+00,-1.002758144978534549e+00,-2.741707018353925829e+00
-1.223030569695062603e-01,8.762138787412727670e-01,-3.069694045629431378e-01,-1.336402294514675182e+00,-1.002778391284546045e+00,-2.741655834426925065e+00
-1.222829682454745215e-01,8.761008593194241634e-01,-3.071390878306449190e-01,-1.336476715992213959e+00,-1.002798648609137366e+00,-2.741604671100591695e+00
-1.222628779205582328e-01,8.759878404113112804e-01,-3.073087482913239299e-01,-1.336551115210037999e+00,-1.002818917154479239e+00,-2.741553529697810632e+00
-1.222427862406989113e-01,8.758748221919158139e-01,-3.074783862174912397e-01,-1.336625493269896214e+00,-1.002839197102290747e+00,-2.741502411377959358e+00
-1.222226934213254956e-01,8.757618048139045319e-01,-3.076480018480661771e-01,-1.336699851137987283e+00,-1.002859488615041261e+00,-2.741451317156128109e+00
-1.222025996518154023e-01,8.756487884116456177e-01,-3.078175953921454822e-01,-1.336774189662311096e+00,-1.002879791839339729e+00,-2.741400247920138700e+00
-1.221825050978643523e-01,8.755357731020341205e-01,-3.079871670330039946e-01,-1.336848509585782052e+00,-1.002900106905346700e+00,-2.741349204447745436e+00
-1.221624099049945372e-01,8.754227589876334426e-01,-3.081567169310811538e-01,-1.336922811559997371e+00,-1.002920433929782584e+00,-2.741298187419150878e+00
-1.221423141999899570e-01,8.753097461564848247e-01,-3.083262452274784793e-01,-1.336997096155172482e+00,-1.002940773014518117e+00,-2.741247197430935589e+00
-1.221222180953173558e-01,8.751967346878198883e-01,-3.084957520450111734e-01,-1.337071363872502916e+00,-1.002961124253445080e+00,-2.741196235003216408e+00
-1.221021216882123145e-01,8.750837246481474319e-01,-3.086652374921919351e-01,-1.337145615149612166e+00,-1.002981487726489318e+00,-2.741145300593137435e+00
-1.220820250651150629e-01,8.749707160974953268e-01,-3.088347016635123454e-01,-1.337219850371427654e+00,-1.003001863507447355e+00,-2.741094394598681205e+00
-1.220619283008530093e-01,8.748577090863732808e-01,-3.090041446422742144e-01,-1.337294069873785185e+00,-1.003022251659316577e+00,-2.741043517369387672e+00
-1.220418314618019057e-01,8.747447036599734771e-01,-3.091735665011821621e-01,-1.337368273951890396e+00,-1.003042652239698018e+00,-2.740992669209628918e+00
-1.220217346053660834e-01,8.746316998559772182e-01,-3.093429673045509087e-01,-1.337442462863400294e+00,-1.003063065297494783e+00,-2.740941850386567236e+00
-1.220016377824509890e-01,8.745186977081701452e-01,-3.095123471082278366e-01,-1.337516636834197303e+00,-1.003083490877488382e+00,-2.740891061132696649e+00
-1.219815410376274140e-01,8.744056972455132026e-01,-3.096817059614163647e-01,-1.337590796062108955e+00,-1.003103929018914320e+00,-2.740840301651529920e+00
-1.219614444100057260e-01,8.742926984928766077e-01,-3.098510439074797507e-01,-1.337664940720570961e+00,-1.003124379756290985e+00,-2.740789572119782136e+00
-1.219413479332842887e-01,8.741797014708189151e-01,-3.100203609843524832e-01,-1.337739070959783616e+00,-1.003144843118853657e+00,-2.740738872693390782e+00
-1.219212516378117145e-01,8.740667061980416097e-01,-3.101896572254183582e-01,-1.337813186912872210e+00,-1.003165319133997979e+00,-2.740688203506340681e+00
-1.219011555497702404e-01,8.739537126899685759e-01,-3.103589326598076847e-01,-1.337887288694948662e+00,-1.003185807825003995e+00,-2.740637564676373206e+00
-1.218810596923191464e-01,8.738407209598195724e-01,-3.105281873133451942e-01,-1.337961376407332370e+00,-1.003206309212618885e+00,-2.740586956305438804e+00
-1.218609640853038772e-01,8.737277310179849543e-01,-3.106974212088244869e-01,-1.338035450137631477e+00,-1.003226823314024019e+00,-2.740536378482913094e+00
-1.218408687466133178e-01,8.736147428738847420e-01,-3.108666343661942166e-01,-1.338109509963123500e+00,-1.003247350145317629e+00,-2.740485831285262464e+00
-1.218207736917321510e-01,8.735017565351346214e-01,-3.110358268028123874e-01,-1.338183555950454240e+00,-1.003267889720355743e+00,-2.740435314779666065e+00
-1.218006789342627183e-01,8.733887720078790107e-01,-3.112049985341199809e-01,-1.338257588157963029e+00,-1.003288442051214702e+00,-2.740384829023547741e+00
-1.217805844860675168e-01,8.732757892968665558e-01,-3.113741495738500120e-01,-1.338331606636433246e+00,-1.003309007148184273e+00,-2.740334374067260548e+00
-1.217604903579261322e-01,8.731628084064153583e-01,-3.115432799339821757e-01,-1.338405611430614428e+00,-1.003329585021125903e+00,-2.740283949952596387e+00
-1.217403965584420572e-01,8.730498293386080855e-01,-3.117123896250638126e-01,-1.338479602577521188e+00,-1.003350175676899658e+00,-2.740233556717581731e+00
-1.217203030958727145e-01,8.729368520956892752e-01,-3.118814786566710962e-01,-1.338553580111078611e+00,-1.003370779122739309e+00,-2.740183194393485344e+00
-1.217002099773226570e-01,8.728238766791456271e-01,-3.120505470369447920e-01,-1.338627544059858954e+00,-1.003391395364846339e+00,-2.740132863006823793e+00
-1.216801172088187166e-01,8.727109030894902864e-01,-3.122195947731229437e-01,-1.338701494448135243e+00,-1.003412024408194325e+00,-2.740082562580837156e+00
-1.216600247961038134e-01,8.725979313272400617e-01,-3.123886218718312513e-01,-1.338775431298082408e+00,-1.003432666257865646e+00,-2.740032293133683794e+00
-1.216399327435214867e-01,8.724849613914457125e-01,-3.125576283388012966e-01,-1.338849354627031918e+00,-1.003453320916879887e+00,-2.739982054682308377e+00
-1.216198410555375115e-01,8.723719932817335376e-01,-3.127266141791771870e-01,-1.338923264451230777e+00,-1.003473988389143701e+00,-2.739931847239403861e+00
-1.215997497355516821e-01,8.722590269964604071e-01,-3.128955793976696542e-01,-1.338997160783652607e+00,-1.003494668676870649e+00,-2.739881670816240344e+00
-1.215796587868878953e-01,8.721460625344029660e-01,-3.130645239981620365e-01,-1.339071043635488678e+00,-1.003515361782842286e+00,-2.739831525421287051e+00
-1.215595682121904941e-01,8.720330998933388811e-01,-3.132334479845792496e-01,-1.339144913016246718e+00,-1.003536067708485691e+00,-2.739781411061474881e+00
-1.215394780141201975e-01,8.719201390715995981e-01,-3.134023513600143196e-01,-1.339218768933946535e+00,-1.003556786456034855e+00,-2.739731327741819378e+00
-1.215193881949343385e-01,8.718071800670398330e-01,-3.135712341274000670e-01,-1.339292611395269450e+00,-1.003577518027080950e+00,-2.739681275466141042e+00
-1.214992987560149229e-01,8.716942228762964984e-01,-3.137400962895782741e-01,-1.339366440404743619e+00,-1.003598262421574461e+00,-2.739631254237489877e+00
-1.214792096994009862e-01,8.715812674972356344e-01,-3.139089378489852145e-01,-1.339440255967408344e+00,-1.003619019641107224e+00,-2.739581264056591969e+00
-1.214591210262096349e-01,8.714683139265494427e-01,-3.140777588077788840e-01,-1.339514058085842230e+00,-1.003639789685728090e+00,-2.739531304924690769e+00
-1.214390327379204493e-01,8.713553621615263145e-01,-3.142465591680274062e-01,-1.339587846763066192e+00,-1.003660572556289710e+00,-2.739481376840866567e+00
-1.214189448359408174e-01,8.712424121995877568e-01,-3.144153389314211511e-01,-1.339661622001260044e+00,-1.003681368253856787e+00,-2.739431479803640546e+00
-1.213988573208370086e-01,8.711294640368199005e-01,-3.145840980998277359e-01,-1.339735383800987556e+00,-1.003702176777622856e+00,-2.739381613812006400e+00
-1.213787701935663821e-01,8.710165176701285539e-01,-3.147528366747194828e-01,-1.339809132162926186e+00,-1.003722998127912769e+00,-2.739331778863463907e+00
-1.213586834547310811e-01,8.709035730958366583e-01,-3.149215546576777935e-01,-1.339882867087104801e+00,-1.003743832304303307e+00,-2.739281974955316112e+00
-1.213385971051981760e-01,8.707906303108281509e-01,-3.150902520500090120e-01,-1.339956588573590013e+00,-1.003764679307121321e+00,-2.739232202083916157e+00
-1.213185111454655601e-01,8.706776893114466231e-01,-3.152589288530207035e-01,-1.340030296621614436e+00,-1.003785539135950478e+00,-2.739182460245772610e+00
-1.212984255761544589e-01,8.705647500943525241e-01,-3.154275850678042170e-01,-1.340103991230250147e+00,-1.003806411790768127e+00,-2.739132749436738123e+00
-1.212783403972472890e-01,8.704518126550920831e-01,-3.155962206957410032e-01,-1.340177672397690589e+00,-1.003827297270161401e+00,-2.739083069653137859e+00
-1.212582556098392716e-01,8.703388769911729606e-01,-3.157648357376807713e-01,-1.340251340123478796e+00,-1.003848195575222313e+00,-2.739033420889541492e+00
-1.212381712139755791e-01,8.702259430984095046e-01,-3.159334301947185897e-01,-1.340324994405393877e+00,-1.003869106704875946e+00,-2.738983803141413986e+00
-1.212180872099269946e-01,8.701130109730629281e-01,-3.161020040677682830e-01,-1.340398635241310643e+00,-1.003890030658559418e+00,-2.738934216404240729e+00
-1.211980035979985659e-01,8.700000806112672125e-01,-3.162705573580297247e-01,-1.340472262629584632e+00,-1.003910967435586832e+00,-2.738884660672464388e+00
-1.211779203785798981e-01,8.698871520096307375e-01,-3.164390900661304684e-01,-1.340545876567848405e+00,-1.003931917035912447e+00,-2.738835135940895338e+00
-1.211578375517203821e-01,8.697742251640090405e-01,-3.166076021931126250e-01,-1.340619477053631270e+00,-1.003952879458465342e+00,-2.738785642204176085e+00
-1.211377551172734129e-01,8.696613000698878437e-01,-3.167760937401528643e-01,-1.340693064084224728e+00,-1.003973854701676771e+00,-2.738736179457184061e+00
-1.211176730762548864e-01,8.695483767249689855e-01,-3.169445647075891381e-01,-1.340766637658019622e+00,-1.003994842766983586e+00,-2.738686747693054979e+00
-1.210975914282122617e-01,8.694354551243164142e-01,-3.171130150965502104e-01,-1.340840197771546061e+00,-1.004015843652209306e+00,-2.738637346906791503e+00
-1.210775101732262798e-01,8.693225352639493142e-01,-3.172814449078830701e-01,-1.340913744421980747e+00,-1.004036857356478851e+00,-2.738587977092894477e+00
-1.210574293117066269e-01,8.692096171404052329e-01,-3.174498541423751985e-01,-1.340987277607080141e+00,-1.004057883879675206e+00,-2.738538638245164858e+00
-1.210373488437457845e-01,8.690967007497869545e-01,-3.176182428007546243e-01,-1.341060797323833986e+00,-1.004078923221050967e+00,-2.738489330357440021e+00
-1.210172687692313009e-01,8.689837860877855924e-01,-3.177866108839342285e-01,-1.341134303569060604e+00,-1.004099975379278531e+00,-2.738440053423981890e+00
-1.209971890888499602e-01,8.688708731514609429e-01,-3.179549583925032064e-01,-1.341207796340727842e+00,-1.004121040354946981e+00,-2.738390807438005226e+00
-1.209771098024844810e-01,8.687579619365785044e-01,-3.181232853272377703e-01,-1.341281275635387571e+00,-1.004142118146809537e+00,-2.738341592394023305e+00
-1.209570309096864027e-01,8.686450524382608451e-01,-3.182915916891653763e-01,-1.341354741449317212e+00,-1.004163208752807401e+00,-2.738292408286313595e+00
-1.209369524107506422e-01,8.685321446528734279e-01,-3.184598774790646236e-01,-1.341428193779910627e+00,-1.004184312172566207e+00,-2.738243255108529173e+00
-1.209168743061385387e-01,8.684192385770761469e-01,-3.186281426976265707e-01,-1.341501632624728435e+00,-1.004205428406052425e+00,-2.738194132853861706e+00
-1.208967965956566221e-01,8.683063342065424628e-01,-3.187963873455825214e-01,-1.341575057980080254e+00,-1.004226557451962654e+00,-2.738145041516544254e+00
-1.208767192798137352e-01,8.681934315379878919e-01,-3.189646114236392993e-01,-1.341648469843626623e+00,-1.004247699310351516e+00,-2.738095981089520681e+00
-1.208566423582156796e-01,8.680805305667448346e-01,-3.191328149326025931e-01,-1.341721868211330770e+00,-1.004268853979412013e+00,-2.738046951567613352e+00
-1.208365658308452745e-01,8.679676312886166478e-01,-3.193009978734090426e-01,-1.341795253080110939e+00,-1.004290021457981741e+00,-2.737997952944605462e+00
-1.208164896983760783e-01,8.678547337006747853e-01,-3.194691602465664637e-01,-1.341868624447642544e+00,-1.004311201746636906e+00,-2.737948985213165543e+00
-1.207964139605278014e-01,8.677418377983009412e-01,-3.196373020530633990e-01,-1.341941982310365544e+00,-1.004332394843639342e+00,-2.737900048367467587e+00
-1.207763386170802450e-01,8.676289435770695446e-01,-3.198054232937152519e-01,-1.342015326664540487e+00,-1.004353600747456943e+00,-2.737851142401842797e+00
-1.207562636684336166e-01,8.675160510334598563e-01,-3.199735239693365374e-01,-1.342088657507728877e+00,-1.004374819457902968e+00,-2.737802267309176418e+00
-1.207361891147091387e-01,8.674031601636951194e-01,-3.201416040804924146e-01,-1.342161974836491689e+00,-1.004396050974325050e+00,-2.737753423083397308e+00
-1.207161149557680613e-01,8.672902709633816265e-01,-3.203096636281314580e-01,-1.342235278647452956e+00,-1.004417295295308099e+00,-2.737704609718459192e+00
-1.206960411920283555e-01,8.671773834290609217e-01,-3.204777026129995710e-01,-1.342308568938044733e+00,-1.004438552420673592e+00,-2.737655827207274406e+00
-1.206759678235073963e-01,8.670644975567429746e-01,-3.206457210357519516e-01,-1.342381845704737398e+00,-1.004459822349531573e+00,-2.737607075543778912e+00
-1.206558948501647299e-01,8.669516133422050519e-01,-3.208137188972842169e-01,-1.342455108944227815e+00,-1.004481105080650805e+00,-2.737558354721877141e+00
-1.206358222721753415e-01,8.668387307815345055e-01,-3.209816961984959249e-01,-1.342528358653659160e+00,-1.004502400613260349e+00,-2.737509664734809611e+00
-1.206157500896759688e-01,8.667258498709453640e-01,-3.211496529399839872e-01,-1.342601594829612166e+00,-1.004523708946714278e+00,-2.737461005576422579e+00
-1.205956783025878276e-01,8.666129706060614613e-01,-3.213175891227948999e-01,-1.342674817468912707e+00,-1.004545030079590839e+00,-2.737412377240446393e+00
-1.205756069110359985e-01,8.665000929830146692e-01,-3.214855047476229410e-01,-1.342748026568260311e+00,-1.004566364011168833e+00,-2.737363779720321855e+00
-1.205555359151333356e-01,8.663872169978833471e-01,-3.216533998152243390e-01,-1.342821222124389813e+00,-1.004587710740606710e+00,-2.737315213009861470e+00
-1.205354653148578009e-01,8.662743426463955787e-01,-3.218212743265994047e-01,-1.342894404134143960e+00,-1.004609070266635040e+00,-2.737266677102693446e+00
-1.205153951104311061e-01,8.661614699247844884e-01,-3.219891282825030898e-01,-1.342967572594469639e+00,-1.004630442588646311e+00,-2.737218171992305216e+00
-1.204953253022235521e-01,8.660485988296013904e-01,-3.221569616835208705e-01,-1.343040727502345932e+00,-1.004651827706461331e+00,-2.737169697672098057e+00
-1.204752558902766613e-01,8.659357293566254388e-01,-3.223247745307133982e-01,-1.343113868854800996e+00,-1.004673225618868182e+00,-2.737121254135550963e+00
-1.204551868742609333e-01,8.658228615012103502e-01,-3.224925668249447597e-01,-1.343186996647786735e+00,-1.004694636324024781e+00,-2.737072841376976484e+00
-1.204351182543840076e-01,8.657099952594636827e-01,-3.226603385671288349e-01,-1.343260110878433222e+00,-1.004716059821185503e+00,-2.737024459389668873e+00
-1.204150500309939253e-01,8.655971306279054422e-01,-3.228280897578382769e-01,-1.343333211543610961e+00,-1.004737496110115202e+00,-2.736976108167239463e+00
-1.203949822041571610e-01,8.654842676023843939e-01,-3.229958203980645148e-01,-1.343406298640243746e+00,-1.004758945189671238e+00,-2.736927787703042458e+00
-1.203749147739124614e-01,8.653714061788337908e-01,-3.231635304885963622e-01,-1.343479372164884778e+00,-1.004780407058822211e+00,-2.736879497991072441e+00
-1.203548477405526757e-01,8.652585463534535615e-01,-3.233312200303843365e-01,-1.343552432114847095e+00,-1.004801881716936851e+00,-2.736831239024415829e+00
-1.203347811039428422e-01,8.651456881218869688e-01,-3.234988890242679882e-01,-1.343625478486375702e+00,-1.004823369162549218e+00,-2.736783010797057436e+00
-1.203147148644635733e-01,8.650328314805781904e-01,-3.236665374710070431e-01,-1.343698511276651519e+00,-1.004844869395356888e+00,-2.736734813302422964e+00
-1.207683290739859916e-01,8.600063947529358321e-01,-3.331067861699830712e-01,-1.357096064372403710e+00,-9.938134134095146788e-01,-2.728652327112528475e+00
