-5.000000000000000000e+01,0.000000000000000000e+00,4.829999923706054688e+01,0.000000000000000000e+00,0.000000000000000000e+00,-1.000000000000000000e+00
-5.000000000000000000e+01,0.000000000000000000e+00,4.829999923706054688e+01,0.000000000000000000e+00,0.000000000000000000e+00,-1.000000000000000000e+00
-4.997568511962890625e+01,3.225806355476379395e-01,4.829999923706054688e+01,0.000000000000000000e+00,0.000000000000000000e+00,-1.000000000000000000e+00
-4.995137023925781250e+01,6.451612710952758789e-01,4.829999923706054688e+01,0.000000000000000000e+00,0.000000000000000000e+00,-1.000000000000000000e+00
-4.992705535888671875e+01,9.677419066429138184e-01,4.829999923706054688e+01,0.000000000000000000e+00,0.000000000000000000e+00,-1.000000000000000000e+00
-4.990274047851562500e+01,1.290322542190551758e+00,4.829999923706054688e+01,0.000000000000000000e+00,0.000000000000000000e+00,-1.000000000000000000e+00
-4.987842559814453125e+01,1.612903237342834473e+00,4.829999923706054688e+01,0.000000000000000000e+00,0.000000000000000000e+00,-1.000000000000000000e+00
-4.985411071777343750e+01,1.935483813285827637e+00,4.829999923706054688e+01,0.000000000000000000e+00,0.000000000000000000e+00,-1.000000000000000000e+00
-4.982979583740234375e+01,2.258064508438110352e+00,4.829999923706054688e+01,0.000000000000000000e+00,0.000000000000000000e+00,-1.000000000000000000e+00
-4.980547714233398438e+01,2.580645084381103516e+00,4.829999923706054688e+01,0.000000000000000000e+00,0.000000000000000000e+00,-1.000000000000000000e+00
-4.978116226196289062e+01,2.903225898742675781e+00,4.829999923706054688e+01,0.000000000000000000e+00,0.000000000000000000e+00,-1.000000000000000000e+00
-4.975684738159179688e+01,3.225806474685668945e+00,4.829999923706054688e+01,0.000000000000000000e+00,0.000000000000000000e+00,-1.000000000000000000e+00
-4.973253250122070312e+01,3.548387050628662109e+00,4.829999923706054688e+01,0.000000000000000000e+00,0.000000000000000000e+00,-1.000000000000000000e+00
-4.970821762084960938e+01,3.870967626571655273e+00,4.829999923706054688e+01,0.000000000000000000e+00,0.000000000000000000e+00,-1.000000000000000000e+00
-4.968390274047851562e+01,4.193548202514648438e+00,4.829999923706054688e+01,0.000000000000000000e+00,0.000000000000000000e+00,-1.000000000000000000e+00
-4.965958786010742188e+01,4.516129016876220703e+00,4.829999923706054688e+01,0.000000000000000000e+00,0.000000000000000000e+00,-1.000000000000000000e+00
-4.963527297973632812e+01,4.838709831237792969e+00,4.829999923706054688e+01,0.000000000000000000e+00,0.000000000000000000e+00,-1.000000000000000000e+00
-4.961095809936523438e+01,5.161290168762207031e+00,4.829999923706054688e+01,0.000000000000000000e+00,0.000000000000000000e+00,-1.000000000000000000e+00
-4.958664321899414062e+01,5.483870983123779297e+00,4.829999923706054688e+01,0.000000000000000000e+00,0.000000000000000000e+00,-1.000000000000000000e+00
-4.956232833862304688e+01,5.806451797485351562e+00,4.829999923706054688e+01,0.000000000000000000e+00,0.000000000000000000e+00,-1.000000000000000000e+00
-4.953801345825195312e+01,6.129032135009765625e+00,4.829999923706054688e+01,0.000000000000000000e+00,0.000000000000000000e+00,-1.000000000000000000e+00
-4.951369857788085938e+01,6.451612949371337891e+00,4.829999923706054688e+01,0.000000000000000000e+00,0.000000000000000000e+00,-1.000000000000000000e+00
-4.948938369750976562e+01,6.774193763732910156e+00,4.829999923706054688e+01,0.000000000000000000e+00,0.000000000000000000e+00,-1.000000000000000000e+00
-4.946506881713867188e+01,7.096774101257324219e+00,4.829999923706054688e+01,0.000000000000000000e+00,0.000000000000000000e+00,-1.000000000000000000e+00
-4.944075393676757812e+01,7.419354915618896484e+00,4.829999923706054688e+01,0.000000000000000000e+00,0.000000000000000000e+00,-1.000000000000000000e+00
-4.941643524169921875e+01,7.741935253143310547e+00,4.829999923706054688e+01,0.000000000000000000e+00,0.000000000000000000e+00,-1.000000000000000000e+00
-4.939212036132812500e+01,8.064516067504882812e+00,4.829999923706054688e+01,0.000000000000000000e+00,0.000000000000000000e+00,-1.000000000000000000e+00
-4.936780548095703125e+01,8.387096405029296875e+00,4.829999923706054688e+01,0.000000000000000000e+00,0.000000000000000000e+00,-1.000000000000000000e+00
-4.934349060058593750e+01,8.709677696228027344e+00,4.829999923706054688e+01,0.000000000000000000e+00,0.000000000000000000e+00,-1.000000000000000000e+00
-4.931917572021484375e+01,9.032258033752441406e+00,4.829999923706054688e+01,0.000000000000000000e+00,0.000000000000000000e+00,-1.000000000000000000e+00
-4.929486083984375000e+01,9.354838371276855469e+00,4.829999923706054688e+01,0.000000000000000000e+00,0.000000000000000000e+00,-1.000000000000000000e+00
-4.927054595947265625e+01,9.677419662475585938e+00,4.829999923706054688e+01,0.000000000000000000e+00,0.000000000000000000e+00,-1.000000000000000000e+00
-4.924623107910156250e+01,1.000000000000000000e+01,4.829999923706054688e+01,0.000000000000000000e+00,0.000000000000000000e+00,-1.000000000000000000e+00
-4.924623107910156250e+01,1.000000000000000000e+01,4.829999923706054688e+01,0.000000000000000000e+00,0.000000000000000000e+00,-1.000000000000000000e+00
-4.922191619873046875e+01,9.677419662475585938e+00,4.829999923706054688e+01,0.000000000000000000e+00,0.000000000000000000e+00,-1.000000000000000000e+00
-4.919760131835937500e+01,9.354838371276855469e+00,4.829999923706054688e+01,0.000000000000000000e+00,0.000000000000000000e+00,-1.000000000000000000e+00
-4.917328643798828125e+01,9.032258033752441406e+00,4.829999923706054688e+01,0.000000000000000000e+00,0.000000000000000000e+00,-1.000000000000000000e+00
-4.914897155761718750e+01,8.709677696228027344e+00,4.829999923706054688e+01,0.000000000000000000e+00,0.000000000000000000e+00,-1.000000000000000000e+00
-4.912465667724609375e+01,8.387096405029296875e+00,4.829999923706054688e+01,0.000000000000000000e+00,0.000000000000000000e+00,-1.000000000000000000e+00
-4.910034179687500000e+01,8.064516067504882812e+00,4.829999923706054688e+01,0.000000000000000000e+00,0.000000000000000000e+00,-1.000000000000000000e+00
-4.907602691650390625e+01,7.741935253143310547e+00,4.829999923706054688e+01,0.000000000000000000e+00,0.000000000000000000e+00,-1.000000000000000000e+00
-4.905171203613281250e+01,7.419354915618896484e+00,4.829999923706054688e+01,0.000000000000000000e+00,0.000000000000000000e+00,-1.000000000000000000e+00
-4.902739334106445312e+01,7.096774101257324219e+00,4.829999923706054688e+01,0.000000000000000000e+00,0.000000000000000000e+00,-1.000000000000000000e+00
-4.900307846069335938e+01,6.774193763732910156e+00,4.829999923706054688e+01,0.000000000000000000e+00,0.000000000000000000e+00,-1.000000000000000000e+00
-4.897876358032226562e+01,6.451612949371337891e+00,4.829999923706054688e+01,0.000000000000000000e+00,0.000000000000000000e+00,-1.000000000000000000e+00
-4.895444869995117188e+01,6.129032135009765625e+00,4.829999923706054688e+01,0.000000000000000000e+00,0.000000000000000000e+00,-1.000000000000000000e+00
-4.893013381958007812e+01,5.806451797485351562e+00,4.829999923706054688e+01,0.000000000000000000e+00,0.000000000000000000e+00,-1.000000000000000000e+00
-4.890581893920898438e+01,5.483870983123779297e+00,4.829999923706054688e+01,0.000000000000000000e+00,0.000000000000000000e+00,-1.000000000000000000e+00
-4.888150405883789062e+01,5.161290168762207031e+00,4.829999923706054688e+01,0.000000000000000000e+00,0.000000000000000000e+00,-1.000000000000000000e+00
-4.885718917846679688e+01,4.838709831237792969e+00,4.829999923706054688e+01,0.000000000000000000e+00,0.000000000000000000e+00,-1.000000000000000000e+00
-4.883287429809570312e+01,4.516129016876220703e+00,4.829999923706054688e+01,0.000000000000000000e+00,0.000000000000000000e+00,-1.000000000000000000e+00
-4.880855941772460938e+01,4.193548202514648438e+00,4.829999923706054688e+01,0.000000000000000000e+00,0.000000000000000000e+00,-1.000000000000000000e+00
-4.878424453735351562e+01,3.870967626571655273e+00,4.829999923706054688e+01,0.000000000000000000e+00,0.000000000000000000e+00,-1.000000000000000000e+00
-4.875992965698242188e+01,3.548387050628662109e+00,4.829999923706054688e+01,0.000000000000000000e+00,0.000000000000000000e+00,-1.000000000000000000e+00
-4.873561477661132812e+01,3.225806474685668945e+00,4.829999923706054688e+01,0.000000000000000000e+00,0.000000000000000000e+00,-1.000000000000000000e+00
-4.871129989624023438e+01,2.903225898742675781e+00,4.829999923706054688e+01,0.000000000000000000e+00,0.000000000000000000e+00,-1.000000000000000000e+00
-4.868698501586914062e+01,2.580645084381103516e+00,4.829999923706054688e+01,0.000000000000000000e+00,0.000000000000000000e+00,-1.000000000000000000e+00
-4.866266632080078125e+01,2.258064508438110352e+00,4.829999923706054688e+01,0.000000000000000000e+00,0.000000000000000000e+00,-1.000000000000000000e+00
-4.863835144042968750e+01,1.935483813285827637e+00,4.829999923706054688e+01,0.000000000000000000e+00,0.000000000000000000e+00,-1.000000000000000000e+00
-4.861403656005859375e+01,1.612903237342834473e+00,4.829999923706054688e+01,0.000000000000000000e+00,0.000000000000000000e+00,-1.000000000000000000e+00
-4.858972167968750000e+01,1.290322542190551758e+00,4.829999923706054688e+01,0.000000000000000000e+00,0.000000000000000000e+00,-1.000000000000000000e+00
-4.856540679931640625e+01,9.677419066429138184e-01,4.829999923706054688e+01,0.000000000000000000e+00,0.000000000000000000e+00,-1.000000000000000000e+00
-4.854109191894531250e+01,6.451612710952758789e-01,4.829999923706054688e+01,0.000000000000000000e+00,0.000000000000000000e+00,-1.000000000000000000e+00
-4.851677703857421875e+01,3.225806355476379395e-01,4.829999923706054688e+01,0.000000000000000000e+00,0.000000000000000000e+00,-1.000000000000000000e+00
-4.899497604370117188e+01,0.000000000000000000e+00,4.829999923706054688e+01,0.000000000000000000e+00,0.000000000000000000e+00,-1.000000000000000000e+00
-4.897066116333007812e+01,-3.225806355476379395e-01,4.829999923706054688e+01,0.000000000000000000e+00,0.000000000000000000e+00,-1.000000000000000000e+00
-4.894634628295898438e+01,-6.451612710952758789e-01,4.829999923706054688e+01,0.000000000000000000e+00,0.000000000000000000e+00,-1.000000000000000000e+00
-4.892203140258789062e+01,-9.677419066429138184e-01,4.829999923706054688e+01,0.000000000000000000e+00,0.000000000000000000e+00,-1.000000000000000000e+00
-4.889771270751953125e+01,-1.290322542190551758e+00,4.829999923706054688e+01,0.000000000000000000e+00,0.000000000000000000e+00,-1.000000000000000000e+00
-4.887339782714843750e+01,-1.612903237342834473e+00,4.829999923706054688e+01,0.000000000000000000e+00,0.000000000000000000e+00,-1.000000000000000000e+00
-4.884908294677734375e+01,-1.935483813285827637e+00,4.829999923706054688e+01,0.000000000000000000e+00,0.000000000000000000e+00,-1.000000000000000000e+00
-4.882476806640625000e+01,-2.258064508438110352e+00,4.829999923706054688e+01,0.000000000000000000e+00,0.000000000000000000e+00,-1.000000000000000000e+00
-4.880045318603515625e+01,-2.580645084381103516e+00,4.829999923706054688e+01,0.000000000000000000e+00,0.000000000000000000e+00,-1.000000000000000000e+00
-4.877613830566406250e+01,-2.903225898742675781e+00,4.829999923706054688e+01,0.000000000000000000e+00,0.000000000000000000e+00,-1.000000000000000000e+00
-4.875182342529296875e+01,-3.225806474685668945e+00,4.829999923706054688e+01,0.000000000000000000e+00,0.000000000000000000e+00,-1.000000000000000000e+00
-4.872750854492187500e+01,-3.548387050628662109e+00,4.829999923706054688e+01,0.000000000000000000e+00,0.000000000000000000e+00,-1.000000000000000000e+00
-4.870319366455078125e+01,-3.870967626571655273e+00,4.829999923706054688e+01,0.000000000000000000e+00,0.000000000000000000e+00,-1.000000000000000000e+00
-4.867887878417968750e+01,-4.193548202514648438e+00,4.829999923706054688e+01,0.000000000000000000e+00,0.000000000000000000e+00,-1.000000000000000000e+00
-4.865456390380859375e+01,-4.516129016876220703e+00,4.829999923706054688e+01,0.000000000000000000e+00,0.000000000000000000e+00,-1.000000000000000000e+00
-4.863024902343750000e+01,-4.838709831237792969e+00,4.829999923706054688e+01,0.000000000000000000e+00,0.000000000000000000e+00,-1.000000000000000000e+00
-4.860593414306640625e+01,-5.161290168762207031e+00,4.829999923706054688e+01,0.000000000000000000e+00,0.000000000000000000e+00,-1.000000000000000000e+00
-4.858161926269531250e+01,-5.483870983123779297e+00,4.829999923706054688e+01,0.000000000000000000e+00,0.000000000000000000e+00,-1.000000000000000000e+00
-4.855730438232421875e+01,-5.806451797485351562e+00,4.829999923706054688e+01,0.000000000000000000e+00,0.000000000000000000e+00,-1.000000000000000000e+00
-4.853298568725585938e+01,-6.129032135009765625e+00,4.829999923706054688e+01,0.000000000000000000e+00,0.000000000000000000e+00,-1.000000000000000000e+00
-4.850867080688476562e+01,-6.451612949371337891e+00,4.829999923706054688e+01,0.000000000000000000e+00,0.000000000000000000e+00,-1.000000000000000000e+00
-4.848435592651367188e+01,-6.774193763732910156e+00,4.829999923706054688e+01,0.000000000000000000e+00,0.000000000000000000e+00,-1.000000000000000000e+00
-4.846004104614257812e+01,-7.096774101257324219e+00,4.829999923706054688e+01,0.000000000000000000e+00,0.000000000000000000e+00,-1.000000000000000000e+00
-4.843572616577148438e+01,-7.419354915618896484e+00,4.829999923706054688e+01,0.000000000000000000e+00,0.000000000000000000e+00,-1.000000000000000000e+00
-4.841141128540039062e+01,-7.741935253143310547e+00,4.829999923706054688e+01,0.000000000000000000e+00,0.000000000000000000e+00,-1.000000000000000000e+00
-4.838709640502929688e+01,-8.064516067504882812e+00,4.829999923706054688e+01,0.000000000000000000e+00,0.000000000000000000e+00,-1.000000000000000000e+00
-4.836278152465820312e+01,-8.387096405029296875e+00,4.829999923706054688e+01,0.000000000000000000e+00,0.000000000000000000e+00,-1.000000000000000000e+00
-4.833846664428710938e+01,-8.709677696228027344e+00,4.829999923706054688e+01,0.000000000000000000e+00,0.000000000000000000e+00,-1.000000000000000000e+00
-4.831415176391601562e+01,-9.032258033752441406e+00,4.829999923706054688e+01,0.000000000000000000e+00,0.000000000000000000e+00,-1.000000000000000000e+00
-4.828983688354492188e+01,-9.354838371276855469e+00,4.829999923706054688e+01,0.000000000000000000e+00,0.000000000000000000e+00,-1.000000000000000000e+00
-4.826552200317382812e+01,-9.677419662475585938e+00,4.829999923706054688e+01,0.000000000000000000e+00,0.000000000000000000e+00,-1.000000000000000000e+00
-4.824120712280273438e+01,-1.000000000000000000e+01,4.829999923706054688e+01,0.000000000000000000e+00,0.000000000000000000e+00,-1.000000000000000000e+00
-4.824120712280273438e+01,-1.000000000000000000e+01,4.829999923706054688e+01,0.000000000000000000e+00,0.000000000000000000e+00,-1.000000000000000000e+00
-4.821689224243164062e+01,-9.677419662475585938e+00,4.829999923706054688e+01,0.000000000000000000e+00,0.000000000000000000e+00,-1.000000000000000000e+00
-4.819257736206054688e+01,-9.354838371276855469e+00,4.829999923706054688e+01,0.000000000000000000e+00,0.000000000000000000e+00,-1.000000000000000000e+00
-4.816826248168945312e+01,-9.032258033752441406e+00,4.829999923706054688e+01,0.000000000000000000e+00,0.000000000000000000e+00,-1.000000000000000000e+00
-4.814394378662109375e+01,-8.709677696228027344e+00,4.829999923706054688e+01,0.000000000000000000e+00,0.000000000000000000e+00,-1.000000000000000000e+00
-4.811962890625000000e+01,-8.387096405029296875e+00,4.829999923706054688e+01,0.000000000000000000e+00,0.000000000000000000e+00,-1.000000000000000000e+00
-4.809531402587890625e+01,-8.064516067504882812e+00,4.829999923706054688e+01,0.000000000000000000e+00,0.000000000000000000e+00,-1.000000000000000000e+00
-4.807099914550781250e+01,-7.741935253143310547e+00,4.829999923706054688e+01,0.000000000000000000e+00,0.000000000000000000e+00,-1.000000000000000000e+00
-4.804668426513671875e+01,-7.419354915618896484e+00,4.829999923706054688e+01,0.000000000000000000e+00,0.000000000000000000e+00,-1.000000000000000000e+00
-4.802236938476562500e+01,-7.096774101257324219e+00,4.829999923706054688e+01,0.000000000000000000e+00,0.000000000000000000e+00,-1.000000000000000000e+00
-4.799805450439453125e+01,-6.774193763732910156e+00,4.829999923706054688e+01,0.000000000000000000e+00,0.000000000000000000e+00,-1.000000000000000000e+00
-4.797373962402343750e+01,-6.451612949371337891e+00,4.829999923706054688e+01,0.000000000000000000e+00,0.000000000000000000e+00,-1.000000000000000000e+00
-4.794942474365234375e+01,-6.129032135009765625e+00,4.829999923706054688e+01,0.000000000000000000e+00,0.000000000000000000e+00,-1.000000000000000000e+00
-4.792510986328125000e+01,-5.806451797485351562e+00,4.829999923706054688e+01,0.000000000000000000e+00,0.000000000000000000e+00,-1.000000000000000000e+00
-4.790079498291015625e+01,-5.483870983123779297e+00,4.829999923706054688e+01,0.000000000000000000e+00,0.000000000000000000e+00,-1.000000000000000000e+00
-4.787648010253906250e+01,-5.161290168762207031e+00,4.829999923706054688e+01,0.000000000000000000e+00,0.000000000000000000e+00,-1.000000000000000000e+00
-4.785216522216796875e+01,-4.838709831237792969e+00,4.829999923706054688e+01,0.000000000000000000e+00,0.000000000000000000e+00,-1.000000000000000000e+00
-4.782785034179687500e+01,-4.516129016876220703e+00,4.829999923706054688e+01,0.000000000000000000e+00,0.000000000000000000e+00,-1.000000000000000000e+00
-4.780353546142578125e+01,-4.193548202514648438e+00,4.829999923706054688e+01,0.000000000000000000e+00,0.000000000000000000e+00,-1.000000000000000000e+00
-4.777922058105468750e+01,-3.870967626571655273e+00,4.829999923706054688e+01,0.000000000000000000e+00,0.000000000000000000e+00,-1.000000000000000000e+00
-4.775490188598632812e+01,-3.548387050628662109e+00,4.829999923706054688e+01,0.000000000000000000e+00,0.000000000000000000e+00,-1.000000000000000000e+00
-4.773058700561523438e+01,-3.225806474685668945e+00,4.829999923706054688e+01,0.000000000000000000e+00,0.000000000000000000e+00,-1.000000000000000000e+00
-4.770627212524414062e+01,-2.903225898742675781e+00,4.829999923706054688e+01,0.000000000000000000e+00,0.000000000000000000e+00,-1.000000000000000000e+00
-4.768195724487304688e+01,-2.580645084381103516e+00,4.829999923706054688e+01,0.000000000000000000e+00,0.000000000000000000e+00,-1.000000000000000000e+00
-4.765764236450195312e+01,-2.258064508438110352e+00,4.829999923706054688e+01,0.000000000000000000e+00,0.000000000000000000e+00,-1.000000000000000000e+00
-4.763332748413085938e+01,-1.935483813285827637e+00,4.829999923706054688e+01,0.000000000000000000e+00,0.000000000000000000e+00,-1.000000000000000000e+00
-4.760901260375976562e+01,-1.612903237342834473e+00,4.829999923706054688e+01,0.000000000000000000e+00,0.000000000000000000e+00,-1.000000000000000000e+00
-4.758469772338867188e+01,-1.290322542190551758e+00,4.829999923706054688e+01,0.000000000000000000e+00,0.000000000000000000e+00,-1.000000000000000000e+00
-4.756038284301757812e+01,-9.677419066429138184e-01,4.829999923706054688e+01,0.000000000000000000e+00,0.000000000000000000e+00,-1.000000000000000000e+00
-4.753606796264648438e+01,-6.451612710952758789e-01,4.829999923706054688e+01,0.000000000000000000e+00,0.000000000000000000e+00,-1.000000000000000000e+00
-4.751175308227539062e+01,-3.225806355476379395e-01,4.829999923706054688e+01,0.000000000000000000e+00,0.000000000000000000e+00,-1.000000000000000000e+00
-4.798994827270507812e+01,0.000000000000000000e+00,4.829999923706054688e+01,0.000000000000000000e+00,0.000000000000000000e+00,-1.000000000000000000e+00
-4.796563339233398438e+01,3.225806355476379395e-01,4.829999923706054688e+01,0.000000000000000000e+00,0.000000000000000000e+00,-1.000000000000000000e+00
-4.794131851196289062e+01,6.451612710952758789e-01,4.829999923706054688e+01,0.000000000000000000e+00,0.000000000000000000e+00,-1.000000000000000000e+00
-4.791700363159179688e+01,9.677419066429138184e-01,4.829999923706054688e+01,0.000000000000000000e+00,0.000000000000000000e+00,-1.000000000000000000e+00
-4.789268875122070312e+01,1.290322542190551758e+00,4.829999923706054688e+01,0.000000000000000000e+00,0.000000000000000000e+00,-1.000000000000000000e+00
-4.786837387084960938e+01,1.612903237342834473e+00,4.829999923706054688e+01,0.000000000000000000e+00,0.000000000000000000e+00,-1.000000000000000000e+00
-4.784405899047851562e+01,1.935483813285827637e+00,4.829999923706054688e+01,0.000000000000000000e+00,0.000000000000000000e+00,-1.000000000000000000e+00
-4.781974411010742188e+01,2.258064508438110352e+00,4.829999923706054688e+01,0.000000000000000000e+00,0.000000000000000000e+00,-1.000000000000000000e+00
-4.779542922973632812e+01,2.580645084381103516e+00,4.829999923706054688e+01,0.000000000000000000e+00,0.000000000000000000e+00,-1.000000000000000000e+00
-4.777111434936523438e+01,2.903225898742675781e+00,4.829999923706054688e+01,0.000000000000000000e+00,0.000000000000000000e+00,-1.000000000000000000e+00
-4.774679946899414062e+01,3.225806474685668945e+00,4.829999923706054688e+01,0.000000000000000000e+00,0.000000000000000000e+00,-1.000000000000000000e+00
-4.772248458862304688e+01,3.548387050628662109e+00,4.829999923706054688e+01,0.000000000000000000e+00,0.000000000000000000e+00,-1.000000000000000000e+00
-4.769816970825195312e+01,3.870967626571655273e+00,4.829999923706054688e+01,0.000000000000000000e+00,0.000000000000000000e+00,-1.000000000000000000e+00
-4.767385482788085938e+01,4.193548202514648438e+00,4.829999923706054688e+01,0.000000000000000000e+00,0.000000000000000000e+00,-1.000000000000000000e+00
-4.764953613281250000e+01,4.516129016876220703e+00,4.829999923706054688e+01,0.000000000000000000e+00,0.000000000000000000e+00,-1.000000000000000000e+00
-4.762522125244140625e+01,4.838709831237792969e+00,4.829999923706054688e+01,0.000000000000000000e+00,0.000000000000000000e+00,-1.000000000000000000e+00
-4.760090637207031250e+01,5.161290168762207031e+00,4.829999923706054688e+01,0.000000000000000000e+00,0.000000000000000000e+00,-1.000000000000000000e+00
-4.757659149169921875e+01,5.483870983123779297e+00,4.829999923706054688e+01,0.000000000000000000e+00,0.000000000000000000e+00,-1.000000000000000000e+00
-4.755227661132812500e+01,5.806451797485351562e+00,4.829999923706054688e+01,0.000000000000000000e+00,0.000000000000000000e+00,-1.000000000000000000e+00
-4.752796173095703125e+01,6.129032135009765625e+00,4.829999923706054688e+01,0.000000000000000000e+00,0.000000000000000000e+00,-1.000000000000000000e+00
-4.750364685058593750e+01,6.451612949371337891e+00,4.829999923706054688e+01,0.000000000000000000e+00,0.000000000000000000e+00,-1.000000000000000000e+00
-4.747933197021484375e+01,6.774193763732910156e+00,4.829999923706054688e+01,0.000000000000000000e+00,0.000000000000000000e+00,-1.000000000000000000e+00
-4.745501708984375000e+01,7.096774101257324219e+00,4.829999923706054688e+01,0.000000000000000000e+00,0.000000000000000000e+00,-1.000000000000000000e+00
-4.743070220947265625e+01,7.419354915618896484e+00,4.829999923706054688e+01,0.000000000000000000e+00,0.000000000000000000e+00,-1.000000000000000000e+00
-4.740638732910156250e+01,7.741935253143310547e+00,4.829999923706054688e+01,0.000000000000000000e+00,0.000000000000000000e+00,-1.000000000000000000e+00
-4.738207244873046875e+01,8.064516067504882812e+00,4.829999923706054688e+01,0.000000000000000000e+00,0.000000000000000000e+00,-1.000000000000000000e+00
-4.735775756835937500e+01,8.387096405029296875e+00,4.829999923706054688e+01,0.000000000000000000e+00,0.000000000000000000e+00,-1.000000000000000000e+00
-4.733344268798828125e+01,8.709677696228027344e+00,4.829999923706054688e+01,0.000000000000000000e+00,0.000000000000000000e+00,-1.000000000000000000e+00
-4.730912780761718750e+01,9.032258033752441406e+00,4.829999923706054688e+01,0.000000000000000000e+00,0.000000000000000000e+00,-1.000000000000000000e+00
-4.728481292724609375e+01,9.354838371276855469e+00,4.829999923706054688e+01,0.000000000000000000e+00,0.000000000000000000e+00,-1.000000000000000000e+00
-4.726049423217773438e+01,9.677419662475585938e+00,4.829999923706054688e+01,0.000000000000000000e+00,0.000000000000000000e+00,-1.000000000000000000e+00
-4.723617935180664062e+01,1.000000000000000000e+01,4.829999923706054688e+01,0.000000000000000000e+00,0.000000000000000000e+00,-1.000000000000000000e+00
-4.723617935180664062e+01,1.000000000000000000e+01,4.829999923706054688e+01,0.000000000000000000e+00,0.000000000000000000e+00,-1.000000000000000000e+00
-4.721186447143554688e+01,9.677419662475585938e+00,4.829999923706054688e+01,0.000000000000000000e+00,0.000000000000000000e+00,-1.000000000000000000e+00
-4.718754959106445312e+01,9.354838371276855469e+00,4.829999923706054688e+01,0.000000000000000000e+00,0.000000000000000000e+00,-1.000000000000000000e+00
-4.716323471069335938e+01,9.032258033752441406e+00,4.829999923706054688e+01,0.000000000000000000e+00,0.000000000000000000e+00,-1.000000000000000000e+00
-4.713891983032226562e+01,8.709677696228027344e+00,4.829999923706054688e+01,0.000000000000000000e+00,0.000000000000000000e+00,-1.000000000000000000e+00
-4.711460494995117188e+01,8.387096405029296875e+00,4.829999923706054688e+01,0.000000000000000000e+00,0.000000000000000000e+00,-1.000000000000000000e+00
-4.709029006958007812e+01,8.064516067504882812e+00,4.829999923706054688e+01,0.000000000000000000e+00,0.000000000000000000e+00,-1.000000000000000000e+00
-4.706597518920898438e+01,7.741935253143310547e+00,4.829999923706054688e+01,0.000000000000000000e+00,0.000000000000000000e+00,-1.000000000000000000e+00
-4.704166030883789062e+01,7.419354915618896484e+00,4.829999923706054688e+01,0.000000000000000000e+00,0.000000000000000000e+00,-1.000000000000000000e+00
-4.701734542846679688e+01,7.096774101257324219e+00,4.829999923706054688e+01,0.000000000000000000e+00,0.000000000000000000e+00,-1.000000000000000000e+00
-4.699303054809570312e+01,6.774193763732910156e+00,4.829999923706054688e+01,0.000000000000000000e+00,0.000000000000000000e+00,-1.000000000000000000e+00
-4.696871566772460938e+01,6.451612949371337891e+00,4.829999923706054688e+01,0.000000000000000000e+00,0.000000000000000000e+00,-1.000000000000000000e+00
-4.694440078735351562e+01,6.129032135009765625e+00,4.829999923706054688e+01,0.000000000000000000e+00,0.000000000000000000e+00,-1.000000000000000000e+00
-4.692008590698242188e+01,5.806451797485351562e+00,4.829999923706054688e+01,0.000000000000000000e+00,0.000000000000000000e+00,-1.000000000000000000e+00
-4.689577102661132812e+01,5.483870983123779297e+00,4.829999923706054688e+01,0.000000000000000000e+00,0.000000000000000000e+00,-1.000000000000000000e+00
-4.687145233154296875e+01,5.161290168762207031e+00,4.829999923706054688e+01,0.000000000000000000e+00,0.000000000000000000e+00,-1.000000000000000000e+00
-4.684713745117187500e+01,4.838709831237792969e+00,4.829999923706054688e+01,0.000000000000000000e+00,0.000000000000000000e+00,-1.000000000000000000e+00
-4.682282257080078125e+01,4.516129016876220703e+00,4.829999923706054688e+01,0.000000000000000000e+00,0.000000000000000000e+00,-1.000000000000000000e+00
-4.679850769042968750e+01,4.193548202514648438e+00,4.829999923706054688e+01,0.000000000000000000e+00,0.000000000000000000e+00,-1.000000000000000000e+00
-4.677419281005859375e+01,3.870967626571655273e+00,4.829999923706054688e+01,0.000000000000000000e+00,0.000000000000000000e+00,-1.000000000000000000e+00
-4.674987792968750000e+01,3.548387050628662109e+00,4.829999923706054688e+01,0.000000000000000000e+00,0.000000000000000000e+00,-1.000000000000000000e+00
-4.672556304931640625e+01,3.225806474685668945e+00,4.829999923706054688e+01,0.000000000000000000e+00,0.000000000000000000e+00,-1.000000000000000000e+00
-4.670124816894531250e+01,2.903225898742675781e+00,4.829999923706054688e+01,0.000000000000000000e+00,0.000000000000000000e+00,-1.000000000000000000e+00
-4.667693328857421875e+01,2.580645084381103516e+00,4.829999923706054688e+01,0.000000000000000000e+00,0.000000000000000000e+00,-1.000000000000000000e+00
-4.665261840820312500e+01,2.258064508438110352e+00,4.829999923706054688e+01,0.000000000000000000e+00,0.000000000000000000e+00,-1.000000000000000000e+00
-4.662830352783203125e+01,1.935483813285827637e+00,4.829999923706054688e+01,0.000000000000000000e+00,0.000000000000000000e+00,-1.000000000000000000e+00
-4.660398864746093750e+01,1.612903237342834473e+00,4.829999923706054688e+01,0.000000000000000000e+00,0.000000000000000000e+00,-1.000000000000000000e+00
-4.657967376708984375e+01,1.290322542190551758e+00,4.829999923706054688e+01,0.000000000000000000e+00,0.000000000000000000e+00,-1.000000000000000000e+00
-4.655535888671875000e+01,9.677419066429138184e-01,4.829999923706054688e+01,0.000000000000000000e+00,0.000000000000000000e+00,-1.000000000000000000e+00
-4.653104400634765625e+01,6.451612710952758789e-01,4.829999923706054688e+01,0.000000000000000000e+00,0.000000000000000000e+00,-1.000000000000000000e+00
-4.650672531127929688e+01,3.225806355476379395e-01,4.829999923706054688e+01,0.000000000000000000e+00,0.000000000000000000e+00,-1.000000000000000000e+00
-4.698492431640625000e+01,0.000000000000000000e+00,4.829999923706054688e+01,0.000000000000000000e+00,0.000000000000000000e+00,-1.000000000000000000e+00
-4.696060943603515625e+01,-3.225806355476379395e-01,4.829999923706054688e+01,0.000000000000000000e+00,0.000000000000000000e+00,-1.000000000000000000e+00
-4.693629455566406250e+01,-6.451612710952758789e-01,4.829999923706054688e+01,0.000000000000000000e+00,0.000000000000000000e+00,-1.000000000000000000e+00
-4.691197967529296875e+01,-9.677419066429138184e-01,4.829999923706054688e+01,0.000000000000000000e+00,0.000000000000000000e+00,-1.000000000000000000e+00
-4.688766479492187500e+01,-1.290322542190551758e+00,4.829999923706054688e+01,0.000000000000000000e+00,0.000000000000000000e+00,-1.000000000000000000e+00
-4.686334991455078125e+01,-1.612903237342834473e+00,4.829999923706054688e+01,0.000000000000000000e+00,0.000000000000000000e+00,-1.000000000000000000e+00
-4.683903503417968750e+01,-1.935483813285827637e+00,4.829999923706054688e+01,0.000000000000000000e+00,0.000000000000000000e+00,-1.000000000000000000e+00
-4.681472015380859375e+01,-2.258064508438110352e+00,4.829999923706054688e+01,0.000000000000000000e+00,0.000000000000000000e+00,-1.000000000000000000e+00
-4.679040527343750000e+01,-2.580645084381103516e+00,4.829999923706054688e+01,0.000000000000000000e+00,0.000000000000000000e+00,-1.000000000000000000e+00
-4.676609039306640625e+01,-2.903225898742675781e+00,4.829999923706054688e+01,0.000000000000000000e+00,0.000000000000000000e+00,-1.000000000000000000e+00
-4.674177169799804688e+01,-3.225806474685668945e+00,4.829999923706054688e+01,0.000000000000000000e+00,0.000000000000000000e+00,-1.000000000000000000e+00
-4.671745681762695312e+01,-3.548387050628662109e+00,4.829999923706054688e+01,0.000000000000000000e+00,0.000000000000000000e+00,-1.000000000000000000e+00
-4.669314193725585938e+01,-3.870967626571655273e+00,4.829999923706054688e+01,0.000000000000000000e+00,0.000000000000000000e+00,-1.000000000000000000e+00
-4.666882705688476562e+01,-4.193548202514648438e+00,4.829999923706054688e+01,0.000000000000000000e+00,0.000000000000000000e+00,-1.000000000000000000e+00
-4.664451217651367188e+01,-4.516129016876220703e+00,4.829999923706054688e+01,0.000000000000000000e+00,0.000000000000000000e+00,-1.000000000000000000e+00
-4.662019729614257812e+01,-4.838709831237792969e+00,4.829999923706054688e+01,0.000000000000000000e+00,0.000000000000000000e+00,-1.000000000000000000e+00
-4.659588241577148438e+01,-5.161290168762207031e+00,4.829999923706054688e+01,0.000000000000000000e+00,0.000000000000000000e+00,-1.000000000000000000e+00
-4.657156753540039062e+01,-5.483870983123779297e+00,4.829999923706054688e+01,0.000000000000000000e+00,0.000000000000000000e+00,-1.000000000000000000e+00
-4.654725265502929688e+01,-5.806451797485351562e+00,4.829999923706054688e+01,0.000000000000000000e+00,0.000000000000000000e+00,-1.000000000000000000e+00
-4.652293777465820312e+01,-6.129032135009765625e+00,4.829999923706054688e+01,0.000000000000000000e+00,0.000000000000000000e+00,-1.000000000000000000e+00
-4.649862289428710938e+01,-6.451612949371337891e+00,4.829999923706054688e+01,0.000000000000000000e+00,0.000000000000000000e+00,-1.000000000000000000e+00
-4.647430801391601562e+01,-6.774193763732910156e+00,4.829999923706054688e+01,0.000000000000000000e+00,0.000000000000000000e+00,-1.000000000000000000e+00
-4.644999313354492188e+01,-7.096774101257324219e+00,4.829999923706054688e+01,0.000000000000000000e+00,0.000000000000000000e+00,-1.000000000000000000e+00
-4.642567825317382812e+01,-7.419354915618896484e+00,4.829999923706054688e+01,0.000000000000000000e+00,0.000000000000000000e+00,-1.000000000000000000e+00
-4.640136337280273438e+01,-7.741935253143310547e+00,4.829999923706054688e+01,0.000000000000000000e+00,0.000000000000000000e+00,-1.000000000000000000e+00
-4.637704467773437500e+01,-8.064516067504882812e+00,4.829999923706054688e+01,0.000000000000000000e+00,0.000000000000000000e+00,-1.000000000000000000e+00
-4.635272979736328125e+01,-8.387096405029296875e+00,4.829999923706054688e+01,0.000000000000000000e+00,0.000000000000000000e+00,-1.000000000000000000e+00
-4.632841491699218750e+01,-8.709677696228027344e+00,4.829999923706054688e+01,0.000000000000000000e+00,0.000000000000000000e+00,-1.000000000000000000e+00
-4.630410003662109375e+01,-9.032258033752441406e+00,4.829999923706054688e+01,0.000000000000000000e+00,0.000000000000000000e+00,-1.000000000000000000e+00
-4.627978515625000000e+01,-9.354838371276855469e+00,4.829999923706054688e+01,0.000000000000000000e+00,0.000000000000000000e+00,-1.000000000000000000e+00
-4.625547027587890625e+01,-9.677419662475585938e+00,4.829999923706054688e+01,0.000000000000000000e+00,0.000000000000000000e+00,-1.000000000000000000e+00
-4.623115539550781250e+01,-1.000000000000000000e+01,4.829999923706054688e+01,0.000000000000000000e+00,0.000000000000000000e+00,-1.000000000000000000e+00
-4.623115539550781250e+01,-1.000000000000000000e+01,4.829999923706054688e+01,0.000000000000000000e+00,0.000000000000000000e+00,-1.000000000000000000e+00
-4.620684051513671875e+01,-9.677419662475585938e+00,4.829999923706054688e+01,0.000000000000000000e+00,0.000000000000000000e+00,-1.000000000000000000e+00
-4.618252563476562500e+01,-9.354838371276855469e+00,4.829999923706054688e+01,0.000000000000000000e+00,0.000000000000000000e+00,-1.000000000000000000e+00
-4.615821075439453125e+01,-9.032258033752441406e+00,4.829999923706054688e+01,0.000000000000000000e+00,0.000000000000000000e+00,-1.000000000000000000e+00
-4.613389587402343750e+01,-8.709677696228027344e+00,4.829999923706054688e+01,0.000000000000000000e+00,0.000000000000000000e+00,-1.000000000000000000e+00
-4.610958099365234375e+01,-8.387096405029296875e+00,4.829999923706054688e+01,0.000000000000000000e+00,0.000000000000000000e+00,-1.000000000000000000e+00
-4.608526611328125000e+01,-8.064516067504882812e+00,4.829999923706054688e+01,0.000000000000000000e+00,0.000000000000000000e+00,-1.000000000000000000e+00
-4.606095123291015625e+01,-7.741935253143310547e+00,4.829999923706054688e+01,0.000000000000000000e+00,0.000000000000000000e+00,-1.000000000000000000e+00
-4.603663635253906250e+01,-7.419354915618896484e+00,4.829999923706054688e+01,0.000000000000000000e+00,0.000000000000000000e+00,-1.000000000000000000e+00
-4.601232147216796875e+01,-7.096774101257324219e+00,4.829999923706054688e+01,0.000000000000000000e+00,0.000000000000000000e+00,-1.000000000000000000e+00
-4.598800277709960938e+01,-6.774193763732910156e+00,4.829999923706054688e+01,0.000000000000000000e+00,0.000000000000000000e+00,-1.000000000000000000e+00
-4.596368789672851562e+01,-6.451612949371337891e+00,4.829999923706054688e+01,0.000000000000000000e+00,0.000000000000000000e+00,-1.000000000000000000e+00
-4.593937301635742188e+01,-6.129032135009765625e+00,4.829999923706054688e+01,0.000000000000000000e+00,0.000000000000000000e+00,-1.000000000000000000e+00
-4.591505813598632812e+01,-5.806451797485351562e+00,4.829999923706054688e+01,0.000000000000000000e+00,0.000000000000000000e+00,-1.000000000000000000e+00
-4.589074325561523438e+01,-5.483870983123779297e+00,4.829999923706054688e+01,0.000000000000000000e+00,0.000000000000000000e+00,-1.000000000000000000e+00
-4.586642837524414062e+01,-5.161290168762207031e+00,4.829999923706054688e+01,0.000000000000000000e+00,0.000000000000000000e+00,-1.000000000000000000e+00
-4.584211349487304688e+01,-4.838709831237792969e+00,4.829999923706054688e+01,0.000000000000000000e+00,0.000000000000000000e+00,-1.000000000000000000e+00
-4.581779861450195312e+01,-4.516129016876220703e+00,4.829999923706054688e+01,0.000000000000000000e+00,0.000000000000000000e+00,-1.000000000000000000e+00
-4.579348373413085938e+01,-4.193548202514648438e+00,4.829999923706054688e+01,0.000000000000000000e+00,0.000000000000000000e+00,-1.000000000000000000e+00
-4.576916885375976562e+01,-3.870967626571655273e+00,4.829999923706054688e+01,0.000000000000000000e+00,0.000000000000000000e+00,-1.000000000000000000e+00
-4.574485397338867188e+01,-3.548387050628662109e+00,4.829999923706054688e+01,0.000000000000000000e+00,0.000000000000000000e+00,-1.000000000000000000e+00
-4.572053909301757812e+01,-3.225806474685668945e+00,4.829999923706054688e+01,0.000000000000000000e+00,0.000000000000000000e+00,-1.000000000000000000e+00
-4.569622421264648438e+01,-2.903225898742675781e+00,4.829999923706054688e+01,0.000000000000000000e+00,0.000000000000000000e+00,-1.000000000000000000e+00
-4.567190933227539062e+01,-2.580645084381103516e+00,4.829999923706054688e+01,0.000000000000000000e+00,0.000000000000000000e+00,-1.000000000000000000e+00
-4.564759445190429688e+01,-2.258064508438110352e+00,4.829999923706054688e+01,0.000000000000000000e+00,0.000000000000000000e+00,-1.000000000000000000e+00
-4.562327957153320312e+01,-1.935483813285827637e+00,4.829999923706054688e+01,0.000000000000000000e+00,0.000000000000000000e+00,-1.000000000000000000e+00
-4.559896087646484375e+01,-1.612903237342834473e+00,4.829999923706054688e+01,0.000000000000000000e+00,0.000000000000000000e+00,-1.000000000000000000e+00
-4.557464599609375000e+01,-1.290322542190551758e+00,4.829999923706054688e+01,0.000000000000000000e+00,0.000000000000000000e+00,-1.000000000000000000e+00
-4.555033111572265625e+01,-9.677419066429138184e-01,4.829999923706054688e+01,0.000000000000000000e+00,0.000000000000000000e+00,-1.000000000000000000e+00
-4.552601623535156250e+01,-6.451612710952758789e-01,4.829999923706054688e+01,0.000000000000000000e+00,0.000000000000000000e+00,-1.000000000000000000e+00
-4.550170135498046875e+01,-3.225806355476379395e-01,4.829999923706054688e+01,0.000000000000000000e+00,0.000000000000000000e+00,-1.000000000000000000e+00
-4.597990036010742188e+01,0.000000000000000000e+00,4.829999923706054688e+01,0.000000000000000000e+00,0.000000000000000000e+00,-1.000000000000000000e+00
-4.595558547973632812e+01,3.225806355476379395e-01,4.829999923706054688e+01,0.000000000000000000e+00,0.000000000000000000e+00,-1.000000000000000000e+00
-4.593127059936523438e+01,6.451612710952758789e-01,4.829999923706054688e+01,0.000000000000000000e+00,0.000000000000000000e+00,-1.000000000000000000e+00
-4.590695571899414062e+01,9.677419066429138184e-01,4.829999923706054688e+01,0.000000000000000000e+00,0.000000000000000000e+00,-1.000000000000000000e+00
-4.588264083862304688e+01,1.290322542190551758e+00,4.829999923706054688e+01,0.000000000000000000e+00,0.000000000000000000e+00,-1.000000000000000000e+00
-4.585832214355468750e+01,1.612903237342834473e+00,4.829999923706054688e+01,0.000000000000000000e+00,0.000000000000000000e+00,-1.000000000000000000e+00
-4.583400726318359375e+01,1.935483813285827637e+00,4.829999923706054688e+01,0.000000000000000000e+00,0.000000000000000000e+00,-1.000000000000000000e+00
-4.580969238281250000e+01,2.258064508438110352e+00,4.829999923706054688e+01,0.000000000000000000e+00,0.000000000000000000e+00,-1.000000000000000000e+00
-4.578537750244140625e+01,2.580645084381103516e+00,4.829999923706054688e+01,0.000000000000000000e+00,0.000000000000000000e+00,-1.000000000000000000e+00
-4.576106262207031250e+01,2.903225898742675781e+00,4.829999923706054688e+01,0.000000000000000000e+00,0.000000000000000000e+00,-1.000000000000000000e+00
-4.573674774169921875e+01,3.225806474685668945e+00,4.829999923706054688e+01,0.000000000000000000e+00,0.000000000000000000e+00,-1.000000000000000000e+00
-4.571243286132812500e+01,3.548387050628662109e+00,4.829999923706054688e+01,0.000000000000000000e+00,0.000000000000000000e+00,-1.000000000000000000e+00
-4.568811798095703125e+01,3.870967626571655273e+00,4.829999923706054688e+01,0.000000000000000000e+00,0.000000000000000000e+00,-1.000000000000000000e+00
-4.566380310058593750e+01,4.193548202514648438e+00,4.829999923706054688e+01,0.000000000000000000e+00,0.000000000000000000e+00,-1.000000000000000000e+00
-4.563948822021484375e+01,4.516129016876220703e+00,4.829999923706054688e+01,0.000000000000000000e+00,0.000000000000000000e+00,-1.000000000000000000e+00
-4.561517333984375000e+01,4.838709831237792969e+00,4.829999923706054688e+01,0.000000000000000000e+00,0.000000000000000000e+00,-1.000000000000000000e+00
-4.559085845947265625e+01,5.161290168762207031e+00,4.829999923706054688e+01,0.000000000000000000e+00,0.000000000000000000e+00,-1.000000000000000000e+00
-4.556654357910156250e+01,5.483870983123779297e+00,4.829999923706054688e+01,0.000000000000000000e+00,0.000000000000000000e+00,-1.000000000000000000e+00
-4.554222869873046875e+01,5.806451797485351562e+00,4.829999923706054688e+01,0.000000000000000000e+00,0.000000000000000000e+00,-1.000000000000000000e+00
-4.551791381835937500e+01,6.129032135009765625e+00,4.829999923706054688e+01,0.000000000000000000e+00,0.000000000000000000e+00,-1.000000000000000000e+00
-4.549359512329101562e+01,6.451612949371337891e+00,4.829999923706054688e+01,0.000000000000000000e+00,0.000000000000000000e+00,-1.000000000000000000e+00
-4.546928024291992188e+01,6.774193763732910156e+00,4.829999923706054688e+01,0.000000000000000000e+00,0.000000000000000000e+00,-1.000000000000000000e+00
-4.544496536254882812e+01,7.096774101257324219e+00,4.829999923706054688e+01,0.000000000000000000e+00,0.000000000000000000e+00,-1.000000000000000000e+00
-4.542065048217773438e+01,7.419354915618896484e+00,4.829999923706054688e+01,0.000000000000000000e+00,0.000000000000000000e+00,-1.000000000000000000e+00
-4.539633560180664062e+01,7.741935253143310547e+00,4.829999923706054688e+01,0.000000000000000000e+00,0.000000000000000000e+00,-1.000000000000000000e+00
-4.537202072143554688e+01,8.064516067504882812e+00,4.829999923706054688e+01,0.000000000000000000e+00,0.000000000000000000e+00,-1.000000000000000000e+00
-4.534770584106445312e+01,8.387096405029296875e+00,4.829999923706054688e+01,0.000000000000000000e+00,0.000000000000000000e+00,-1.000000000000000000e+00
-4.532339096069335938e+01,8.709677696228027344e+00,4.829999923706054688e+01,0.000000000000000000e+00,0.000000000000000000e+00,-1.000000000000000000e+00
-4.529907608032226562e+01,9.032258033752441406e+00,4.829999923706054688e+01,0.000000000000000000e+00,0.000000000000000000e+00,-1.000000000000000000e+00
-4.527476119995117188e+01,9.354838371276855469e+00,4.829999923706054688e+01,0.000000000000000000e+00,0.000000000000000000e+00,-1.000000000000000000e+00
-4.525044631958007812e+01,9.677419662475585938e+00,4.829999923706054688e+01,0.000000000000000000e+00,0.000000000000000000e+00,-1.000000000000000000e+00
-4.522613143920898438e+01,1.000000000000000000e+01,4.829999923706054688e+01,0.000000000000000000e+00,0.000000000000000000e+00,-1.000000000000000000e+00
-4.522613143920898438e+01,1.000000000000000000e+01,4.829999923706054688e+01,0.000000000000000000e+00,0.000000000000000000e+00,-1.000000000000000000e+00
-4.520181655883789062e+01,9.677419662475585938e+00,4.829999923706054688e+01,0.000000000000000000e+00,0.000000000000000000e+00,-1.000000000000000000e+00
-4.517750167846679688e+01,9.354838371276855469e+00,4.829999923706054688e+01,0.000000000000000000e+00,0.000000000000000000e+00,-1.000000000000000000e+00
-4.515318679809570312e+01,9.032258033752441406e+00,4.829999923706054688e+01,0.000000000000000000e+00,0.000000000000000000e+00,-1.000000000000000000e+00
-4.512887191772460938e+01,8.709677696228027344e+00,4.829999923706054688e+01,0.000000000000000000e+00,0.000000000000000000e+00,-1.000000000000000000e+00
-4.510455322265625000e+01,8.387096405029296875e+00,4.829999923706054688e+01,0.000000000000000000e+00,0.000000000000000000e+00,-1.000000000000000000e+00
-4.508023834228515625e+01,8.064516067504882812e+00,4.829999923706054688e+01,0.000000000000000000e+00,0.000000000000000000e+00,-1.000000000000000000e+00
-4.505592346191406250e+01,7.741935253143310547e+00,4.829999923706054688e+01,0.000000000000000000e+00,0.000000000000000000e+00,-1.000000000000000000e+00
-4.503160858154296875e+01,7.419354915618896484e+00,4.829999923706054688e+01,0.000000000000000000e+00,0.000000000000000000e+00,-1.000000000000000000e+00
-4.500729370117187500e+01,7.096774101257324219e+00,4.829999923706054688e+01,0.000000000000000000e+00,0.000000000000000000e+00,-1.000000000000000000e+00
-4.498297882080078125e+01,6.774193763732910156e+00,4.829999923706054688e+01,0.000000000000000000e+00,0.000000000000000000e+00,-1.000000000000000000e+00
-4.495866394042968750e+01,6.451612949371337891e+00,4.829999923706054688e+01,0.000000000000000000e+00,0.000000000000000000e+00,-1.000000000000000000e+00
-4.493434906005859375e+01,6.129032135009765625e+00,4.829999923706054688e+01,0.000000000000000000e+00,0.000000000000000000e+00,-1.000000000000000000e+00
-4.491003417968750000e+01,5.806451797485351562e+00,4.829999923706054688e+01,0.000000000000000000e+00,0.000000000000000000e+00,-1.000000000000000000e+00
-4.488571929931640625e+01,5.483870983123779297e+00,4.829999923706054688e+01,0.000000000000000000e+00,0.000000000000000000e+00,-1.000000000000000000e+00
-4.486140441894531250e+01,5.161290168762207031e+00,4.829999923706054688e+01,0.000000000000000000e+00,0.000000000000000000e+00,-1.000000000000000000e+00
-4.483708953857421875e+01,4.838709831237792969e+00,4.829999923706054688e+01,0.000000000000000000e+00,0.000000000000000000e+00,-1.000000000000000000e+00
-4.481277465820312500e+01,4.516129016876220703e+00,4.829999923706054688e+01,0.000000000000000000e+00,0.000000000000000000e+00,-1.000000000000000000e+00
-4.478845977783203125e+01,4.193548202514648438e+00,4.829999923706054688e+01,0.000000000000000000e+00,0.000000000000000000e+00,-1.000000000000000000e+00
-4.476414489746093750e+01,3.870967626571655273e+00,4.829999923706054688e+01,0.000000000000000000e+00,0.000000000000000000e+00,-1.000000000000000000e+00
-4.473983001708984375e+01,3.548387050628662109e+00,4.829999923706054688e+01,0.000000000000000000e+00,0.000000000000000000e+00,-1.000000000000000000e+00
-4.471551132202148438e+01,3.225806474685668945e+00,4.829999923706054688e+01,0.000000000000000000e+00,0.000000000000000000e+00,-1.000000000000000000e+00
-4.469119644165039062e+01,2.903225898742675781e+00,4.829999923706054688e+01,0.000000000000000000e+00,0.000000000000000000e+00,-1.000000000000000000e+00
-4.466688156127929688e+01,2.580645084381103516e+00,4.829999923706054688e+01,0.000000000000000000e+00,0.000000000000000000e+00,-1.000000000000000000e+00
-4.464256668090820312e+01,2.258064508438110352e+00,4.829999923706054688e+01,0.000000000000000000e+00,0.000000000000000000e+00,-1.000000000000000000e+00
-4.461825180053710938e+01,1.935483813285827637e+00,4.829999923706054688e+01,0.000000000000000000e+00,0.000000000000000000e+00,-1.000000000000000000e+00
-4.459393692016601562e+01,1.612903237342834473e+00,4.829999923706054688e+01,0.000000000000000000e+00,0.000000000000000000e+00,-1.000000000000000000e+00
-4.456962203979492188e+01,1.290322542190551758e+00,4.829999923706054688e+01,0.000000000000000000e+00,0.000000000000000000e+00,-1.000000000000000000e+00
-4.454530715942382812e+01,9.677419066429138184e-01,4.829999923706054688e+01,0.000000000000000000e+00,0.000000000000000000e+00,-1.000000000000000000e+00
-4.452099227905273438e+01,6.451612710952758789e-01,4.829999923706054688e+01,0.000000000000000000e+00,0.000000000000000000e+00,-1.000000000000000000e+00
-4.449667739868164062e+01,3.225806355476379395e-01,4.829999923706054688e+01,0.000000000000000000e+00,0.000000000000000000e+00,-1.000000000000000000e+00
-4.497487258911132812e+01,0.000000000000000000e+00,4.829999923706054688e+01,0.000000000000000000e+00,0.000000000000000000e+00,-1.000000000000000000e+00
-4.495055770874023438e+01,-3.225806355476379395e-01,4.829999923706054688e+01,0.000000000000000000e+00,0.000000000000000000e+00,-1.000000000000000000e+00
-4.492624282836914062e+01,-6.451612710952758789e-01,4.829999923706054688e+01,0.000000000000000000e+00,0.000000000000000000e+00,-1.000000000000000000e+00
-4.490192794799804688e+01,-9.677419066429138184e-01,4.829999923706054688e+01,0.000000000000000000e+00,0.000000000000000000e+00,-1.000000000000000000e+00
-4.487761306762695312e+01,-1.290322542190551758e+00,4.829999923706054688e+01,0.000000000000000000e+00,0.000000000000000000e+00,-1.000000000000000000e+00
-4.485329818725585938e+01,-1.612903237342834473e+00,4.829999923706054688e+01,0.000000000000000000e+00,0.000000000000000000e+00,-1.000000000000000000e+00
-4.482898330688476562e+01,-1.935483813285827637e+00,4.829999923706054688e+01,0.000000000000000000e+00,0.000000000000000000e+00,-1.000000000000000000e+00
-4.480466842651367188e+01,-2.258064508438110352e+00,4.829999923706054688e+01,0.000000000000000000e+00,0.000000000000000000e+00,-1.000000000000000000e+00
-4.478035354614257812e+01,-2.580645084381103516e+00,4.829999923706054688e+01,0.000000000000000000e+00,0.000000000000000000e+00,-1.000000000000000000e+00
-4.475603866577148438e+01,-2.903225898742675781e+00,4.829999923706054688e+01,0.000000000000000000e+00,0.000000000000000000e+00,-1.000000000000000000e+00
-4.473172378540039062e+01,-3.225806474685668945e+00,4.829999923706054688e+01,0.000000000000000000e+00,0.000000000000000000e+00,-1.000000000000000000e+00
-4.470740890502929688e+01,-3.548387050628662109e+00,4.829999923706054688e+01,0.000000000000000000e+00,0.000000000000000000e+00,-1.000000000000000000e+00
-4.468309402465820312e+01,-3.870967626571655273e+00,4.829999923706054688e+01,0.000000000000000000e+00,0.000000000000000000e+00,-1.000000000000000000e+00
-4.465877914428710938e+01,-4.193548202514648438e+00,4.829999923706054688e+01,0.000000000000000000e+00,0.000000000000000000e+00,-1.000000000000000000e+00
-4.463446426391601562e+01,-4.516129016876220703e+00,4.829999923706054688e+01,0.000000000000000000e+00,0.000000000000000000e+00,-1.000000000000000000e+00
-4.461014938354492188e+01,-4.838709831237792969e+00,4.829999923706054688e+01,0.000000000000000000e+00,0.000000000000000000e+00,-1.000000000000000000e+00
-4.458583068847656250e+01,-5.161290168762207031e+00,4.829999923706054688e+01,0.000000000000000000e+00,0.000000000000000000e+00,-1.000000000000000000e+00
-4.456151580810546875e+01,-5.483870983123779297e+00,4.829999923706054688e+01,0.000000000000000000e+00,0.000000000000000000e+00,-1.000000000000000000e+00
-4.453720092773437500e+01,-5.806451797485351562e+00,4.829999923706054688e+01,0.000000000000000000e+00,0.000000000000000000e+00,-1.000000000000000000e+00
-4.451288604736328125e+01,-6.129032135009765625e+00,4.829999923706054688e+01,0.000000000000000000e+00,0.000000000000000000e+00,-1.000000000000000000e+00
-4.448857116699218750e+01,-6.451612949371337891e+00,4.829999923706054688e+01,0.000000000000000000e+00,0.000000000000000000e+00,-1.000000000000000000e+00
-4.446425628662109375e+01,-6.774193763732910156e+00,4.829999923706054688e+01,0.000000000000000000e+00,0.000000000000000000e+00,-1.000000000000000000e+00
-4.443994140625000000e+01,-7.096774101257324219e+00,4.829999923706054688e+01,0.000000000000000000e+00,0.000000000000000000e+00,-1.000000000000000000e+00
-4.441562652587890625e+01,-7.419354915618896484e+00,4.829999923706054688e+01,0.000000000000000000e+00,0.000000000000000000e+00,-1.000000000000000000e+00
-4.439131164550781250e+01,-7.741935253143310547e+00,4.829999923706054688e+01,0.000000000000000000e+00,0.000000000000000000e+00,-1.000000000000000000e+00
-4.436699676513671875e+01,-8.064516067504882812e+00,4.829999923706054688e+01,0.000000000000000000e+00,0.000000000000000000e+00,-1.000000000000000000e+00
-4.434268188476562500e+01,-8.387096405029296875e+00,4.829999923706054688e+01,0.000000000000000000e+00,0.000000000000000000e+00,-1.000000000000000000e+00
-4.431836700439453125e+01,-8.709677696228027344e+00,4.829999923706054688e+01,0.000000000000000000e+00,0.000000000000000000e+00,-1.000000000000000000e+00
-4.429405212402343750e+01,-9.032258033752441406e+00,4.829999923706054688e+01,0.000000000000000000e+00,0.000000000000000000e+00,-1.000000000000000000e+00
-4.426973724365234375e+01,-9.354838371276855469e+00,4.829999923706054688e+01,0.000000000000000000e+00,0.000000000000000000e+00,-1.000000000000000000e+00
-4.424542236328125000e+01,-9.677419662475585938e+00,4.829999923706054688e+01,0.000000000000000000e+00,0.000000000000000000e+00,-1.000000000000000000e+00
-4.422110366821289062e+01,-1.000000000000000000e+01,4.829999923706054688e+01,0.000000000000000000e+00,0.000000000000000000e+00,-1.000000000000000000e+00
-4.422110366821289062e+01,-1.000000000000000000e+01,4.829999923706054688e+01,0.000000000000000000e+00,0.000000000000000000e+00,-1.000000000000000000e+00
-4.419678878784179688e+01,-9.677419662475585938e+00,4.829999923706054688e+01,0.000000000000000000e+00,0.000000000000000000e+00,-1.000000000000000000e+00
-4.417247390747070312e+01,-9.354838371276855469e+00,4.829999923706054688e+01,0.000000000000000000e+00,0.000000000000000000e+00,-1.000000000000000000e+00
-4.414815902709960938e+01,-9.032258033752441406e+00,4.829999923706054688e+01,0.000000000000000000e+00,0.000000000000000000e+00,-1.000000000000000000e+00
-4.412384414672851562e+01,-8.709677696228027344e+00,4.829999923706054688e+01,0.000000000000000000e+00,0.000000000000000000e+00,-1.000000000000000000e+00
-4.409952926635742188e+01,-8.387096405029296875e+00,4.829999923706054688e+01,0.000000000000000000e+00,0.000000000000000000e+00,-1.000000000000000000e+00
-4.407521438598632812e+01,-8.064516067504882812e+00,4.829999923706054688e+01,0.000000000000000000e+00,0.000000000000000000e+00,-1.000000000000000000e+00
-4.405089950561523438e+01,-7.741935253143310547e+00,4.829999923706054688e+01,0.000000000000000000e+00,0.000000000000000000e+00,-1.000000000000000000e+00
-4.402658462524414062e+01,-7.419354915618896484e+00,4.829999923706054688e+01,0.000000000000000000e+00,0.000000000000000000e+00,-1.000000000000000000e+00
-4.400226974487304688e+01,-7.096774101257324219e+00,4.829999923706054688e+01,0.000000000000000000e+00,0.000000000000000000e+00,-1.000000000000000000e+00
-4.397795486450195312e+01,-6.774193763732910156e+00,4.829999923706054688e+01,0.000000000000000000e+00,0.000000000000000000e+00,-1.000000000000000000e+00
-4.395363998413085938e+01,-6.451612949371337891e+00,4.829999923706054688e+01,0.000000000000000000e+00,0.000000000000000000e+00,-1.000000000000000000e+00
-4.392932510375976562e+01,-6.129032135009765625e+00,4.829999923706054688e+01,0.000000000000000000e+00,0.000000000000000000e+00,-1.000000000000000000e+00
-4.390501022338867188e+01,-5.806451797485351562e+00,4.829999923706054688e+01,0.000000000000000000e+00,0.000000000000000000e+00,-1.000000000000000000e+00
-4.388069534301757812e+01,-5.483870983123779297e+00,4.829999923706054688e+01,0.000000000000000000e+00,0.000000000000000000e+00,-1.000000000000000000e+00
-4.385638046264648438e+01,-5.161290168762207031e+00,4.829999923706054688e+01,0.000000000000000000e+00,0.000000000000000000e+00,-1.000000000000000000e+00
-4.383206176757812500e+01,-4.838709831237792969e+00,4.829999923706054688e+01,0.000000000000000000e+00,0.000000000000000000e+00,-1.000000000000000000e+00
-4.380774688720703125e+01,-4.516129016876220703e+00,4.829999923706054688e+01,0.000000000000000000e+00,0.000000000000000000e+00,-1.000000000000000000e+00
-4.378343200683593750e+01,-4.193548202514648438e+00,4.829999923706054688e+01,0.000000000000000000e+00,0.000000000000000000e+00,-1.000000000000000000e+00
-4.375911712646484375e+01,-3.870967626571655273e+00,4.829999923706054688e+01,0.000000000000000000e+00,0.000000000000000000e+00,-1.000000000000000000e+00
-4.373480224609375000e+01,-3.548387050628662109e+00,4.829999923706054688e+01,0.000000000000000000e+00,0.000000000000000000e+00,-1.000000000000000000e+00
-4.371048736572265625e+01,-3.225806474685668945e+00,4.829999923706054688e+01,0.000000000000000000e+00,0.000000000000000000e+00,-1.000000000000000000e+00
-4.368617248535156250e+01,-2.903225898742675781e+00,4.829999923706054688e+01,0.000000000000000000e+00,0.000000000000000000e+00,-1.000000000000000000e+00
-4.366185760498046875e+01,-2.580645084381103516e+00,4.829999923706054688e+01,0.000000000000000000e+00,0.000000000000000000e+00,-1.000000000000000000e+00
-4.363754272460937500e+01,-2.258064508438110352e+00,4.829999923706054688e+01,0.000000000000000000e+00,0.000000000000000000e+00,-1.000000000000000000e+00
-4.361322784423828125e+01,-1.935483813285827637e+00,4.829999923706054688e+01,0.000000000000000000e+00,0.000000000000000000e+00,-1.000000000000000000e+00
-4.358891296386718750e+01,-1.612903237342834473e+00,4.829999923706054688e+01,0.000000000000000000e+00,0.000000000000000000e+00,-1.000000000000000000e+00
-4.356459808349609375e+01,-1.290322542190551758e+00,4.829999923706054688e+01,0.000000000000000000e+00,0.000000000000000000e+00,-1.000000000000000000e+00
-4.354028320312500000e+01,-9.677419066429138184e-01,4.829999923706054688e+01,0.000000000000000000e+00,0.000000000000000000e+00,-1.000000000000000000e+00
-4.351596832275390625e+01,-6.451612710952758789e-01,4.829999923706054688e+01,0.000000000000000000e+00,0.000000000000000000e+00,-1.000000000000000000e+00
-4.349165344238281250e+01,-3.225806355476379395e-01,4.829999923706054688e+01,0.000000000000000000e+00,0.000000000000000000e+00,-1.000000000000000000e+00
-4.396984863281250000e+01,0.000000000000000000e+00,4.829999923706054688e+01,0.000000000000000000e+00,0.000000000000000000e+00,-1.000000000000000000e+00
-4.394553375244140625e+01,3.225806355476379395e-01,4.829999923706054688e+01,0.000000000000000000e+00,0.000000000000000000e+00,-1.000000000000000000e+00
-4.392121887207031250e+01,6.451612710952758789e-01,4.829999923706054688e+01,0.000000000000000000e+00,0.000000000000000000e+00,-1.000000000000000000e+00
-4.389690399169921875e+01,9.677419066429138184e-01,4.829999923706054688e+01,0.000000000000000000e+00,0.000000000000000000e+00,-1.000000000000000000e+00
-4.387258911132812500e+01,1.290322542190551758e+00,4.829999923706054688e+01,0.000000000000000000e+00,0.000000000000000000e+00,-1.000000000000000000e+00
-4.384827423095703125e+01,1.612903237342834473e+00,4.829999923706054688e+01,0.000000000000000000e+00,0.000000000000000000e+00,-1.000000000000000000e+00
-4.382395935058593750e+01,1.935483813285827637e+00,4.829999923706054688e+01,0.000000000000000000e+00,0.000000000000000000e+00,-1.000000000000000000e+00
-4.379964447021484375e+01,2.258064508438110352e+00,4.829999923706054688e+01,0.000000000000000000e+00,0.000000000000000000e+00,-1.000000000000000000e+00
-4.377532958984375000e+01,2.580645084381103516e+00,4.829999923706054688e+01,0.000000000000000000e+00,0.000000000000000000e+00,-1.000000000000000000e+00
-4.375101470947265625e+01,2.903225898742675781e+00,4.829999923706054688e+01,0.000000000000000000e+00,0.000000000000000000e+00,-1.000000000000000000e+00
-4.372669982910156250e+01,3.225806474685668945e+00,4.829999923706054688e+01,0.000000000000000000e+00,0.000000000000000000e+00,-1.000000000000000000e+00
-4.370238113403320312e+01,3.548387050628662109e+00,4.829999923706054688e+01,0.000000000000000000e+00,0.000000000000000000e+00,-1.000000000000000000e+00
-4.367806625366210938e+01,3.870967626571655273e+00,4.829999923706054688e+01,0.000000000000000000e+00,0.000000000000000000e+00,-1.000000000000000000e+00
-4.365375137329101562e+01,4.193548202514648438e+00,4.829999923706054688e+01,0.000000000000000000e+00,0.000000000000000000e+00,-1.000000000000000000e+00
-4.362943649291992188e+01,4.516129016876220703e+00,4.829999923706054688e+01,0.000000000000000000e+00,0.000000000000000000e+00,-1.000000000000000000e+00
-4.360512161254882812e+01,4.838709831237792969e+00,4.829999923706054688e+01,0.000000000000000000e+00,0.000000000000000000e+00,-1.000000000000000000e+00
-4.358080673217773438e+01,5.161290168762207031e+00,4.829999923706054688e+01,0.000000000000000000e+00,0.000000000000000000e+00,-1.000000000000000000e+00
-4.355649185180664062e+01,5.483870983123779297e+00,4.829999923706054688e+01,0.000000000000000000e+00,0.000000000000000000e+00,-1.000000000000000000e+00
-4.353217697143554688e+01,5.806451797485351562e+00,4.829999923706054688e+01,0.000000000000000000e+00,0.000000000000000000e+00,-1.000000000000000000e+00
-4.350786209106445312e+01,6.129032135009765625e+00,4.829999923706054688e+01,0.000000000000000000e+00,0.000000000000000000e+00,-1.000000000000000000e+00
-4.348354721069335938e+01,6.451612949371337891e+00,4.829999923706054688e+01,0.000000000000000000e+00,0.000000000000000000e+00,-1.000000000000000000e+00
-4.345923233032226562e+01,6.774193763732910156e+00,4.829999923706054688e+01,0.000000000000000000e+00,0.000000000000000000e+00,-1.000000000000000000e+00
-4.343491744995117188e+01,7.096774101257324219e+00,4.829999923706054688e+01,0.000000000000000000e+00,0.000000000000000000e+00,-1.000000000000000000e+00
-4.341060256958007812e+01,7.419354915618896484e+00,4.829999923706054688e+01,0.000000000000000000e+00,0.000000000000000000e+00,-1.000000000000000000e+00
-4.338628768920898438e+01,7.741935253143310547e+00,4.829999923706054688e+01,0.000000000000000000e+00,0.000000000000000000e+00,-1.000000000000000000e+00
-4.336197280883789062e+01,8.064516067504882812e+00,4.829999923706054688e+01,0.000000000000000000e+00,0.000000000000000000e+00,-1.000000000000000000e+00
-4.333765792846679688e+01,8.387096405029296875e+00,4.829999923706054688e+01,0.000000000000000000e+00,0.000000000000000000e+00,-1.000000000000000000e+00
-4.331333923339843750e+01,8.709677696228027344e+00,4.829999923706054688e+01,0.000000000000000000e+00,0.000000000000000000e+00,-1.000000000000000000e+00
-4.328902435302734375e+01,9.032258033752441406e+00,4.829999923706054688e+01,0.000000000000000000e+00,0.000000000000000000e+00,-1.000000000000000000e+00
-4.326470947265625000e+01,9.354838371276855469e+00,4.829999923706054688e+01,0.000000000000000000e+00,0.000000000000000000e+00,-1.000000000000000000e+00
-4.324039459228515625e+01,9.677419662475585938e+00,4.829999923706054688e+01,0.000000000000000000e+00,0.000000000000000000e+00,-1.000000000000000000e+00
-4.321607971191406250e+01,1.000000000000000000e+01,4.829999923706054688e+01,0.000000000000000000e+00,0.000000000000000000e+00,-1.000000000000000000e+00
-4.321607971191406250e+01,1.000000000000000000e+01,4.829999923706054688e+01,0.000000000000000000e+00,0.000000000000000000e+00,-1.000000000000000000e+00
-4.319176483154296875e+01,9.677419662475585938e+00,4.829999923706054688e+01,0.000000000000000000e+00,0.000000000000000000e+00,-1.000000000000000000e+00
-4.316744995117187500e+01,9.354838371276855469e+00,4.829999923706054688e+01,0.000000000000000000e+00,0.000000000000000000e+00,-1.000000000000000000e+00
-4.314313507080078125e+01,9.032258033752441406e+00,4.829999923706054688e+01,0.000000000000000000e+00,0.000000000000000000e+00,-1.000000000000000000e+00
-4.311882019042968750e+01,8.709677696228027344e+00,4.829999923706054688e+01,0.000000000000000000e+00,0.000000000000000000e+00,-1.000000000000000000e+00
-4.309450531005859375e+01,8.387096405029296875e+00,4.829999923706054688e+01,0.000000000000000000e+00,0.000000000000000000e+00,-1.000000000000000000e+00
-4.307019042968750000e+01,8.064516067504882812e+00,4.829999923706054688e+01,0.000000000000000000e+00,0.000000000000000000e+00,-1.000000000000000000e+00
-4.304587554931640625e+01,7.741935253143310547e+00,4.829999923706054688e+01,0.000000000000000000e+00,0.000000000000000000e+00,-1.000000000000000000e+00
-4.302156066894531250e+01,7.419354915618896484e+00,4.829999923706054688e+01,0.000000000000000000e+00,0.000000000000000000e+00,-1.000000000000000000e+00
-4.299724578857421875e+01,7.096774101257324219e+00,4.829999923706054688e+01,0.000000000000000000e+00,0.000000000000000000e+00,-1.000000000000000000e+00
-4.297293090820312500e+01,6.774193763732910156e+00,4.829999923706054688e+01,0.000000000000000000e+00,0.000000000000000000e+00,-1.000000000000000000e+00
-4.294861221313476562e+01,6.451612949371337891e+00,4.829999923706054688e+01,0.000000000000000000e+00,0.000000000000000000e+00,-1.000000000000000000e+00
-4.292429733276367188e+01,6.129032135009765625e+00,4.829999923706054688e+01,0.000000000000000000e+00,0.000000000000000000e+00,-1.000000000000000000e+00
-4.289998245239257812e+01,5.806451797485351562e+00,4.829999923706054688e+01,0.000000000000000000e+00,0.000000000000000000e+00,-1.000000000000000000e+00
-4.287566757202148438e+01,5.483870983123779297e+00,4.829999923706054688e+01,0.000000000000000000e+00,0.000000000000000000e+00,-1.000000000000000000e+00
-4.285135269165039062e+01,5.161290168762207031e+00,4.829999923706054688e+01,0.000000000000000000e+00,0.000000000000000000e+00,-1.000000000000000000e+00
-4.282703781127929688e+01,4.838709831237792969e+00,4.829999923706054688e+01,0.000000000000000000e+00,0.000000000000000000e+00,-1.000000000000000000e+00
-4.280272293090820312e+01,4.516129016876220703e+00,4.829999923706054688e+01,0.000000000000000000e+00,0.000000000000000000e+00,-1.000000000000000000e+00
-4.277840805053710938e+01,4.193548202514648438e+00,4.829999923706054688e+01,0.000000000000000000e+00,0.000000000000000000e+00,-1.000000000000000000e+00
-4.275409317016601562e+01,3.870967626571655273e+00,4.829999923706054688e+01,0.000000000000000000e+00,0.000000000000000000e+00,-1.000000000000000000e+00
-4.272977828979492188e+01,3.548387050628662109e+00,4.829999923706054688e+01,0.000000000000000000e+00,0.000000000000000000e+00,-1.000000000000000000e+00
-4.270546340942382812e+01,3.225806474685668945e+00,4.829999923706054688e+01,0.000000000000000000e+00,0.000000000000000000e+00,-1.000000000000000000e+00
-4.268114852905273438e+01,2.903225898742675781e+00,4.829999923706054688e+01,0.000000000000000000e+00,0.000000000000000000e+00,-1.000000000000000000e+00
-4.265683364868164062e+01,2.580645084381103516e+00,4.829999923706054688e+01,0.000000000000000000e+00,0.000000000000000000e+00,-1.000000000000000000e+00
-4.263251876831054688e+01,2.258064508438110352e+00,4.829999923706054688e+01,0.000000000000000000e+00,0.000000000000000000e+00,-1.000000000000000000e+00
-4.260820388793945312e+01,1.935483813285827637e+00,4.829999923706054688e+01,0.000000000000000000e+00,0.000000000000000000e+00,-1.000000000000000000e+00
-4.258388900756835938e+01,1.612903237342834473e+00,4.829999923706054688e+01,0.000000000000000000e+00,0.000000000000000000e+00,-1.000000000000000000e+00
-4.255957031250000000e+01,1.290322542190551758e+00,4.829999923706054688e+01,0.000000000000000000e+00,0.000000000000000000e+00,-1.000000000000000000e+00
-4.253525543212890625e+01,9.677419066429138184e-01,4.829999923706054688e+01,0.000000000000000000e+00,0.000000000000000000e+00,-1.000000000000000000e+00
-4.251094055175781250e+01,6.451612710952758789e-01,4.829999923706054688e+01,0.000000000000000000e+00,0.000000000000000000e+00,-1.000000000000000000e+00
-4.248662567138671875e+01,3.225806355476379395e-01,4.829999923706054688e+01,0.000000000000000000e+00,0.000000000000000000e+00,-1.000000000000000000e+00
-4.296482467651367188e+01,0.000000000000000000e+00,4.829999923706054688e+01,0.000000000000000000e+00,0.000000000000000000e+00,-1.000000000000000000e+00
-4.294050979614257812e+01,-3.225806355476379395e-01,4.829999923706054688e+01,0.000000000000000000e+00,0.000000000000000000e+00,-1.000000000000000000e+00
-4.291619491577148438e+01,-6.451612710952758789e-01,4.829999923706054688e+01,0.000000000000000000e+00,0.000000000000000000e+00,-1.000000000000000000e+00
-4.289188003540039062e+01,-9.677419066429138184e-01,4.829999923706054688e+01,0.000000000000000000e+00,0.000000000000000000e+00,-1.000000000000000000e+00
-4.286756515502929688e+01,-1.290322542190551758e+00,4.829999923706054688e+01,0.000000000000000000e+00,0.000000000000000000e+00,-1.000000000000000000e+00
-4.284325027465820312e+01,-1.612903237342834473e+00,4.829999923706054688e+01,0.000000000000000000e+00,0.000000000000000000e+00,-1.000000000000000000e+00
-4.281893157958984375e+01,-1.935483813285827637e+00,4.829999923706054688e+01,0.000000000000000000e+00,0.000000000000000000e+00,-1.000000000000000000e+00
-4.279461669921875000e+01,-2.258064508438110352e+00,4.829999923706054688e+01,0.000000000000000000e+00,0.000000000000000000e+00,-1.000000000000000000e+00
-4.277030181884765625e+01,-2.580645084381103516e+00,4.829999923706054688e+01,0.000000000000000000e+00,0.000000000000000000e+00,-1.000000000000000000e+00
-4.274598693847656250e+01,-2.903225898742675781e+00,4.829999923706054688e+01,0.000000000000000000e+00,0.000000000000000000e+00,-1.000000000000000000e+00
-4.272167205810546875e+01,-3.225806474685668945e+00,4.829999923706054688e+01,0.000000000000000000e+00,0.000000000000000000e+00,-1.000000000000000000e+00
-4.269735717773437500e+01,-3.548387050628662109e+00,4.829999923706054688e+01,0.000000000000000000e+00,0.000000000000000000e+00,-1.000000000000000000e+00
-4.267304229736328125e+01,-3.870967626571655273e+00,4.829999923706054688e+01,0.000000000000000000e+00,0.000000000000000000e+00,-1.000000000000000000e+00
-4.264872741699218750e+01,-4.193548202514648438e+00,4.829999923706054688e+01,0.000000000000000000e+00,0.000000000000000000e+00,-1.000000000000000000e+00
-4.262441253662109375e+01,-4.516129016876220703e+00,4.829999923706054688e+01,0.000000000000000000e+00,0.000000000000000000e+00,-1.000000000000000000e+00
-4.260009765625000000e+01,-4.838709831237792969e+00,4.829999923706054688e+01,0.000000000000000000e+00,0.000000000000000000e+00,-1.000000000000000000e+00
-4.257578277587890625e+01,-5.161290168762207031e+00,4.829999923706054688e+01,0.000000000000000000e+00,0.000000000000000000e+00,-1.000000000000000000e+00
-4.255146789550781250e+01,-5.483870983123779297e+00,4.829999923706054688e+01,0.000000000000000000e+00,0.000000000000000000e+00,-1.000000000000000000e+00
-4.252715301513671875e+01,-5.806451797485351562e+00,4.829999923706054688e+01,0.000000000000000000e+00,0.000000000000000000e+00,-1.000000000000000000e+00
-4.250283813476562500e+01,-6.129032135009765625e+00,4.829999923706054688e+01,0.000000000000000000e+00,0.000000000000000000e+00,-1.000000000000000000e+00
-4.247852325439453125e+01,-6.451612949371337891e+00,4.829999923706054688e+01,0.000000000000000000e+00,0.000000000000000000e+00,-1.000000000000000000e+00
-4.245420837402343750e+01,-6.774193763732910156e+00,4.829999923706054688e+01,0.000000000000000000e+00,0.000000000000000000e+00,-1.000000000000000000e+00
-4.242988967895507812e+01,-7.096774101257324219e+00,4.829999923706054688e+01,0.000000000000000000e+00,0.000000000000000000e+00,-1.000000000000000000e+00
-4.240557479858398438e+01,-7.419354915618896484e+00,4.829999923706054688e+01,0.000000000000000000e+00,0.000000000000000000e+00,-1.000000000000000000e+00
-4.238125991821289062e+01,-7.741935253143310547e+00,4.829999923706054688e+01,0.000000000000000000e+00,0.000000000000000000e+00,-1.000000000000000000e+00
-4.235694503784179688e+01,-8.064516067504882812e+00,4.829999923706054688e+01,0.000000000000000000e+00,0.000000000000000000e+00,-1.000000000000000000e+00
-4.233263015747070312e+01,-8.387096405029296875e+00,4.829999923706054688e+01,0.000000000000000000e+00,0.000000000000000000e+00,-1.000000000000000000e+00
-4.230831527709960938e+01,-8.709677696228027344e+00,4.829999923706054688e+01,0.000000000000000000e+00,0.000000000000000000e+00,-1.000000000000000000e+00
-4.228400039672851562e+01,-9.032258033752441406e+00,4.829999923706054688e+01,0.000000000000000000e+00,0.000000000000000000e+00,-1.000000000000000000e+00
-4.225968551635742188e+01,-9.354838371276855469e+00,4.829999923706054688e+01,0.000000000000000000e+00,0.000000000000000000e+00,-1.000000000000000000e+00
-4.223537063598632812e+01,-9.677419662475585938e+00,4.829999923706054688e+01,0.000000000000000000e+00,0.000000000000000000e+00,-1.000000000000000000e+00
-4.221105575561523438e+01,-1.000000000000000000e+01,4.829999923706054688e+01,0.000000000000000000e+00,0.000000000000000000e+00,-1.000000000000000000e+00
-4.221105575561523438e+01,-1.000000000000000000e+01,4.829999923706054688e+01,0.000000000000000000e+00,0.000000000000000000e+00,-1.000000000000000000e+00
-4.218674087524414062e+01,-9.677419662475585938e+00,4.829999923706054688e+01,0.000000000000000000e+00,0.000000000000000000e+00,-1.000000000000000000e+00
-4.216242599487304688e+01,-9.354838371276855469e+00,4.829999923706054688e+01,0.000000000000000000e+00,0.000000000000000000e+00,-1.000000000000000000e+00
-4.213811111450195312e+01,-9.032258033752441406e+00,4.829999923706054688e+01,0.000000000000000000e+00,0.000000000000000000e+00,-1.000000000000000000e+00
-4.211379623413085938e+01,-8.709677696228027344e+00,4.829999923706054688e+01,0.000000000000000000e+00,0.000000000000000000e+00,-1.000000000000000000e+00
-4.208948135375976562e+01,-8.387096405029296875e+00,4.829999923706054688e+01,0.000000000000000000e+00,0.000000000000000000e+00,-1.000000000000000000e+00
-4.206516265869140625e+01,-8.064516067504882812e+00,4.829999923706054688e+01,0.000000000000000000e+00,0.000000000000000000e+00,-1.000000000000000000e+00
-4.204084777832031250e+01,-7.741935253143310547e+00,4.829999923706054688e+01,0.000000000000000000e+00,0.000000000000000000e+00,-1.000000000000000000e+00
-4.201653289794921875e+01,-7.419354915618896484e+00,4.829999923706054688e+01,0.000000000000000000e+00,0.000000000000000000e+00,-1.000000000000000000e+00
-4.199221801757812500e+01,-7.096774101257324219e+00,4.829999923706054688e+01,0.000000000000000000e+00,0.000000000000000000e+00,-1.000000000000000000e+00
-4.196790313720703125e+01,-6.774193763732910156e+00,4.829999923706054688e+01,0.000000000000000000e+00,0.000000000000000000e+00,-1.000000000000000000e+00
-4.194358825683593750e+01,-6.451612949371337891e+00,4.829999923706054688e+01,0.000000000000000000e+00,0.000000000000000000e+00,-1.000000000000000000e+00
-4.191927337646484375e+01,-6.129032135009765625e+00,4.829999923706054688e+01,0.000000000000000000e+00,0.000000000000000000e+00,-1.000000000000000000e+00
-4.189495849609375000e+01,-5.806451797485351562e+00,4.829999923706054688e+01,0.000000000000000000e+00,0.000000000000000000e+00,-1.000000000000000000e+00
-4.187064361572265625e+01,-5.483870983123779297e+00,4.829999923706054688e+01,0.000000000000000000e+00,0.000000000000000000e+00,-1.000000000000000000e+00
-4.184632873535156250e+01,-5.161290168762207031e+00,4.829999923706054688e+01,0.000000000000000000e+00,0.000000000000000000e+00,-1.000000000000000000e+00
-4.182201385498046875e+01,-4.838709831237792969e+00,4.829999923706054688e+01,0.000000000000000000e+00,0.000000000000000000e+00,-1.000000000000000000e+00
-4.179769897460937500e+01,-4.516129016876220703e+00,4.829999923706054688e+01,0.000000000000000000e+00,0.000000000000000000e+00,-1.000000000000000000e+00
-4.177338409423828125e+01,-4.193548202514648438e+00,4.829999923706054688e+01,0.000000000000000000e+00,0.000000000000000000e+00,-1.000000000000000000e+00
-4.174906921386718750e+01,-3.870967626571655273e+00,4.829999923706054688e+01,0.000000000000000000e+00,0.000000000000000000e+00,-1.000000000000000000e+00
-4.172475433349609375e+01,-3.548387050628662109e+00,4.829999923706054688e+01,0.000000000000000000e+00,0.000000000000000000e+00,-1.000000000000000000e+00
-4.170043945312500000e+01,-3.225806474685668945e+00,4.829999923706054688e+01,0.000000000000000000e+00,0.000000000000000000e+00,-1.000000000000000000e+00
-4.167612075805664062e+01,-2.903225898742675781e+00,4.829999923706054688e+01,0.000000000000000000e+00,0.000000000000000000e+00,-1.000000000000000000e+00
-4.165180587768554688e+01,-2.580645084381103516e+00,4.829999923706054688e+01,0.000000000000000000e+00,0.000000000000000000e+00,-1.000000000000000000e+00
-4.162749099731445312e+01,-2.258064508438110352e+00,4.829999923706054688e+01,0.000000000000000000e+00,0.000000000000000000e+00,-1.000000000000000000e+00
-4.160317611694335938e+01,-1.935483813285827637e+00,4.829999923706054688e+01,0.000000000000000000e+00,0.000000000000000000e+00,-1.000000000000000000e+00
-4.157886123657226562e+01,-1.612903237342834473e+00,4.829999923706054688e+01,0.000000000000000000e+00,0.000000000000000000e+00,-1.000000000000000000e+00
-4.155454635620117188e+01,-1.290322542190551758e+00,4.829999923706054688e+01,0.000000000000000000e+00,0.000000000000000000e+00,-1.000000000000000000e+00
-4.153023147583007812e+01,-9.677419066429138184e-01,4.829999923706054688e+01,0.000000000000000000e+00,0.000000000000000000e+00,-1.000000000000000000e+00
-4.150591659545898438e+01,-6.451612710952758789e-01,4.829999923706054688e+01,0.000000000000000000e+00,0.000000000000000000e+00,-1.000000000000000000e+00
-4.148160171508789062e+01,-3.225806355476379395e-01,4.829999923706054688e+01,0.000000000000000000e+00,0.000000000000000000e+00,-1.000000000000000000e+00
-4.195980072021484375e+01,0.000000000000000000e+00,4.829999923706054688e+01,0.000000000000000000e+00,0.000000000000000000e+00,-1.000000000000000000e+00
-4.193548202514648438e+01,3.225806355476379395e-01,4.829999923706054688e+01,0.000000000000000000e+00,0.000000000000000000e+00,-1.000000000000000000e+00
-4.191116714477539062e+01,6.451612710952758789e-01,4.829999923706054688e+01,0.000000000000000000e+00,0.000000000000000000e+00,-1.000000000000000000e+00
-4.188685226440429688e+01,9.677419066429138184e-01,4.829999923706054688e+01,0.000000000000000000e+00,0.000000000000000000e+00,-1.000000000000000000e+00
-4.186253738403320312e+01,1.290322542190551758e+00,4.829999923706054688e+01,0.000000000000000000e+00,0.000000000000000000e+00,-1.000000000000000000e+00
-4.183822250366210938e+01,1.612903237342834473e+00,4.829999923706054688e+01,0.000000000000000000e+00,0.000000000000000000e+00,-1.000000000000000000e+00
-4.181390762329101562e+01,1.935483813285827637e+00,4.829999923706054688e+01,0.000000000000000000e+00,0.000000000000000000e+00,-1.000000000000000000e+00
-4.178959274291992188e+01,2.258064508438110352e+00,4.829999923706054688e+01,0.000000000000000000e+00,0.000000000000000000e+00,-1.000000000000000000e+00
-4.176527786254882812e+01,2.580645084381103516e+00,4.829999923706054688e+01,0.000000000000000000e+00,0.000000000000000000e+00,-1.000000000000000000e+00
-4.174096298217773438e+01,2.903225898742675781e+00,4.829999923706054688e+01,0.000000000000000000e+00,0.000000000000000000e+00,-1.000000000000000000e+00
-4.171664810180664062e+01,3.225806474685668945e+00,4.829999923706054688e+01,0.000000000000000000e+00,0.000000000000000000e+00,-1.000000000000000000e+00
-4.169233322143554688e+01,3.548387050628662109e+00,4.829999923706054688e+01,0.000000000000000000e+00,0.000000000000000000e+00,-1.000000000000000000e+00
-4.166801834106445312e+01,3.870967626571655273e+00,4.829999923706054688e+01,0.000000000000000000e+00,0.000000000000000000e+00,-1.000000000000000000e+00
-4.164370346069335938e+01,4.193548202514648438e+00,4.829999923706054688e+01,0.000000000000000000e+00,0.000000000000000000e+00,-1.000000000000000000e+00
-4.161938858032226562e+01,4.516129016876220703e+00,4.829999923706054688e+01,0.000000000000000000e+00,0.000000000000000000e+00,-1.000000000000000000e+00
-4.159507369995117188e+01,4.838709831237792969e+00,4.829999923706054688e+01,0.000000000000000000e+00,0.000000000000000000e+00,-1.000000000000000000e+00
-4.157075881958007812e+01,5.161290168762207031e+00,4.829999923706054688e+01,0.000000000000000000e+00,0.000000000000000000e+00,-1.000000000000000000e+00
-4.154644012451171875e+01,5.483870983123779297e+00,4.829999923706054688e+01,0.000000000000000000e+00,0.000000000000000000e+00,-1.000000000000000000e+00
-4.152212524414062500e+01,5.806451797485351562e+00,4.829999923706054688e+01,0.000000000000000000e+00,0.000000000000000000e+00,-1.000000000000000000e+00
-4.149781036376953125e+01,6.129032135009765625e+00,4.829999923706054688e+01,0.000000000000000000e+00,0.000000000000000000e+00,-1.000000000000000000e+00
-4.147349548339843750e+01,6.451612949371337891e+00,4.829999923706054688e+01,0.000000000000000000e+00,0.000000000000000000e+00,-1.000000000000000000e+00
-4.144918060302734375e+01,6.774193763732910156e+00,4.829999923706054688e+01,0.000000000000000000e+00,0.000000000000000000e+00,-1.000000000000000000e+00
-4.142486572265625000e+01,7.096774101257324219e+00,4.829999923706054688e+01,0.000000000000000000e+00,0.000000000000000000e+00,-1.000000000000000000e+00
-4.140055084228515625e+01,7.419354915618896484e+00,4.829999923706054688e+01,0.000000000000000000e+00,0.000000000000000000e+00,-1.000000000000000000e+00
-4.137623596191406250e+01,7.741935253143310547e+00,4.829999923706054688e+01,0.000000000000000000e+00,0.000000000000000000e+00,-1.000000000000000000e+00
-4.135192108154296875e+01,8.064516067504882812e+00,4.829999923706054688e+01,0.000000000000000000e+00,0.000000000000000000e+00,-1.000000000000000000e+00
-4.132760620117187500e+01,8.387096405029296875e+00,4.829999923706054688e+01,0.000000000000000000e+00,0.000000000000000000e+00,-1.000000000000000000e+00
-4.130329132080078125e+01,8.709677696228027344e+00,4.829999923706054688e+01,0.000000000000000000e+00,0.000000000000000000e+00,-1.000000000000000000e+00
-4.127897644042968750e+01,9.032258033752441406e+00,4.829999923706054688e+01,0.000000000000000000e+00,0.000000000000000000e+00,-1.000000000000000000e+00
-4.125466156005859375e+01,9.354838371276855469e+00,4.829999923706054688e+01,0.000000000000000000e+00,0.000000000000000000e+00,-1.000000000000000000e+00
-4.123034667968750000e+01,9.677419662475585938e+00,4.829999923706054688e+01,0.000000000000000000e+00,0.000000000000000000e+00,-1.000000000000000000e+00
-4.120603179931640625e+01,1.000000000000000000e+01,4.829999923706054688e+01,0.000000000000000000e+00,0.000000000000000000e+00,-1.000000000000000000e+00
-4.120603179931640625e+01,1.000000000000000000e+01,4.829999923706054688e+01,0.000000000000000000e+00,0.000000000000000000e+00,-1.000000000000000000e+00
-4.118171691894531250e+01,9.677419662475585938e+00,4.829999923706054688e+01,0.000000000000000000e+00,0.000000000000000000e+00,-1.000000000000000000e+00
-4.115739822387695312e+01,9.354838371276855469e+00,4.829999923706054688e+01,0.000000000000000000e+00,0.000000000000000000e+00,-1.000000000000000000e+00
-4.113308334350585938e+01,9.032258033752441406e+00,4.829999923706054688e+01,0.000000000000000000e+00,0.000000000000000000e+00,-1.000000000000000000e+00
-4.110876846313476562e+01,8.709677696228027344e+00,4.829999923706054688e+01,0.000000000000000000e+00,0.000000000000000000e+00,-1.000000000000000000e+00
-4.108445358276367188e+01,8.387096405029296875e+00,4.829999923706054688e+01,0.000000000000000000e+00,0.000000000000000000e+00,-1.000000000000000000e+00
-4.106013870239257812e+01,8.064516067504882812e+00,4.829999923706054688e+01,0.000000000000000000e+00,0.000000000000000000e+00,-1.000000000000000000e+00
-4.103582382202148438e+01,7.741935253143310547e+00,4.829999923706054688e+01,0.000000000000000000e+00,0.000000000000000000e+00,-1.000000000000000000e+00
-4.101150894165039062e+01,7.419354915618896484e+00,4.829999923706054688e+01,0.000000000000000000e+00,0.000000000000000000e+00,-1.000000000000000000e+00
-4.098719406127929688e+01,7.096774101257324219e+00,4.829999923706054688e+01,0.000000000000000000e+00,0.000000000000000000e+00,-1.000000000000000000e+00
-4.096287918090820312e+01,6.774193763732910156e+00,4.829999923706054688e+01,0.000000000000000000e+00,0.000000000000000000e+00,-1.000000000000000000e+00
-4.093856430053710938e+01,6.451612949371337891e+00,4.829999923706054688e+01,0.000000000000000000e+00,0.000000000000000000e+00,-1.000000000000000000e+00
-4.091424942016601562e+01,6.129032135009765625e+00,4.829999923706054688e+01,0.000000000000000000e+00,0.000000000000000000e+00,-1.000000000000000000e+00
-4.088993453979492188e+01,5.806451797485351562e+00,4.829999923706054688e+01,0.000000000000000000e+00,0.000000000000000000e+00,-1.000000000000000000e+00
-4.086561965942382812e+01,5.483870983123779297e+00,4.829999923706054688e+01,0.000000000000000000e+00,0.000000000000000000e+00,-1.000000000000000000e+00
-4.084130477905273438e+01,5.161290168762207031e+00,4.829999923706054688e+01,0.000000000000000000e+00,0.000000000000000000e+00,-1.000000000000000000e+00
-4.081698989868164062e+01,4.838709831237792969e+00,4.829999923706054688e+01,0.000000000000000000e+00,0.000000000000000000e+00,-1.000000000000000000e+00
-4.079267120361328125e+01,4.516129016876220703e+00,4.829999923706054688e+01,0.000000000000000000e+00,0.000000000000000000e+00,-1.000000000000000000e+00
-4.076835632324218750e+01,4.193548202514648438e+00,4.829999923706054688e+01,0.000000000000000000e+00,0.000000000000000000e+00,-1.000000000000000000e+00
-4.074404144287109375e+01,3.870967626571655273e+00,4.829999923706054688e+01,0.000000000000000000e+00,0.000000000000000000e+00,-1.000000000000000000e+00
-4.071972656250000000e+01,3.548387050628662109e+00,4.829999923706054688e+01,0.000000000000000000e+00,0.000000000000000000e+00,-1.000000000000000000e+00
-4.069541168212890625e+01,3.225806474685668945e+00,4.829999923706054688e+01,0.000000000000000000e+00,0.000000000000000000e+00,-1.000000000000000000e+00
-4.067109680175781250e+01,2.903225898742675781e+00,4.829999923706054688e+01,0.000000000000000000e+00,0.000000000000000000e+00,-1.000000000000000000e+00
-4.064678192138671875e+01,2.580645084381103516e+00,4.829999923706054688e+01,0.000000000000000000e+00,0.000000000000000000e+00,-1.000000000000000000e+00
-4.062246704101562500e+01,2.258064508438110352e+00,4.829999923706054688e+01,0.000000000000000000e+00,0.000000000000000000e+00,-1.000000000000000000e+00
-4.059815216064453125e+01,1.935483813285827637e+00,4.829999923706054688e+01,0.000000000000000000e+00,0.000000000000000000e+00,-1.000000000000000000e+00
-4.057383728027343750e+01,1.612903237342834473e+00,4.829999923706054688e+01,0.000000000000000000e+00,0.000000000000000000e+00,-1.000000000000000000e+00
-4.054952239990234375e+01,1.290322542190551758e+00,4.829999923706054688e+01,0.000000000000000000e+00,0.000000000000000000e+00,-1.000000000000000000e+00
-4.052520751953125000e+01,9.677419066429138184e-01,4.829999923706054688e+01,0.000000000000000000e+00,0.000000000000000000e+00,-1.000000000000000000e+00
-4.050089263916015625e+01,6.451612710952758789e-01,4.829999923706054688e+01,0.000000000000000000e+00,0.000000000000000000e+00,-1.000000000000000000e+00
-4.047657775878906250e+01,3.225806355476379395e-01,4.829999923706054688e+01,0.000000000000000000e+00,0.000000000000000000e+00,-1.000000000000000000e+00
-4.095477294921875000e+01,0.000000000000000000e+00,4.829999923706054688e+01,0.000000000000000000e+00,0.000000000000000000e+00,-1.000000000000000000e+00
-4.093045806884765625e+01,-3.225806355476379395e-01,4.829999923706054688e+01,0.000000000000000000e+00,0.000000000000000000e+00,-1.000000000000000000e+00
-4.090614318847656250e+01,-6.451612710952758789e-01,4.829999923706054688e+01,0.000000000000000000e+00,0.000000000000000000e+00,-1.000000000000000000e+00
-4.088182830810546875e+01,-9.677419066429138184e-01,4.829999923706054688e+01,0.000000000000000000e+00,0.000000000000000000e+00,-1.000000000000000000e+00
-4.085751342773437500e+01,-1.290322542190551758e+00,4.829999923706054688e+01,0.000000000000000000e+00,0.000000000000000000e+00,-1.000000000000000000e+00
-4.083319854736328125e+01,-1.612903237342834473e+00,4.829999923706054688e+01,0.000000000000000000e+00,0.000000000000000000e+00,-1.000000000000000000e+00
-4.080888366699218750e+01,-1.935483813285827637e+00,4.829999923706054688e+01,0.000000000000000000e+00,0.000000000000000000e+00,-1.000000000000000000e+00
-4.078456878662109375e+01,-2.258064508438110352e+00,4.829999923706054688e+01,0.000000000000000000e+00,0.000000000000000000e+00,-1.000000000000000000e+00
-4.076025390625000000e+01,-2.580645084381103516e+00,4.829999923706054688e+01,0.000000000000000000e+00,0.000000000000000000e+00,-1.000000000000000000e+00
-4.073593902587890625e+01,-2.903225898742675781e+00,4.829999923706054688e+01,0.000000000000000000e+00,0.000000000000000000e+00,-1.000000000000000000e+00
-4.071162414550781250e+01,-3.225806474685668945e+00,4.829999923706054688e+01,0.000000000000000000e+00,0.000000000000000000e+00,-1.000000000000000000e+00
-4.068730926513671875e+01,-3.548387050628662109e+00,4.829999923706054688e+01,0.000000000000000000e+00,0.000000000000000000e+00,-1.000000000000000000e+00
-4.066299057006835938e+01,-3.870967626571655273e+00,4.829999923706054688e+01,0.000000000000000000e+00,0.000000000000000000e+00,-1.000000000000000000e+00
-4.063867568969726562e+01,-4.193548202514648438e+00,4.829999923706054688e+01,0.000000000000000000e+00,0.000000000000000000e+00,-1.000000000000000000e+00
-4.061436080932617188e+01,-4.516129016876220703e+00,4.829999923706054688e+01,0.000000000000000000e+00,0.000000000000000000e+00,-1.000000000000000000e+00
-4.059004592895507812e+01,-4.838709831237792969e+00,4.829999923706054688e+01,0.000000000000000000e+00,0.000000000000000000e+00,-1.000000000000000000e+00
-4.056573104858398438e+01,-5.161290168762207031e+00,4.829999923706054688e+01,0.000000000000000000e+00,0.000000000000000000e+00,-1.000000000000000000e+00
-4.054141616821289062e+01,-5.483870983123779297e+00,4.829999923706054688e+01,0.000000000000000000e+00,0.000000000000000000e+00,-1.000000000000000000e+00
-4.051710128784179688e+01,-5.806451797485351562e+00,4.829999923706054688e+01,0.000000000000000000e+00,0.000000000000000000e+00,-1.000000000000000000e+00
-4.049278640747070312e+01,-6.129032135009765625e+00,4.829999923706054688e+01,0.000000000000000000e+00,0.000000000000000000e+00,-1.000000000000000000e+00
-4.046847152709960938e+01,-6.451612949371337891e+00,4.829999923706054688e+01,0.000000000000000000e+00,0.000000000000000000e+00,-1.000000000000000000e+00
-4.044415664672851562e+01,-6.774193763732910156e+00,4.829999923706054688e+01,0.000000000000000000e+00,0.000000000000000000e+00,-1.000000000000000000e+00
-4.041984176635742188e+01,-7.096774101257324219e+00,4.829999923706054688e+01,0.000000000000000000e+00,0.000000000000000000e+00,-1.000000000000000000e+00
-4.039552688598632812e+01,-7.419354915618896484e+00,4.829999923706054688e+01,0.000000000000000000e+00,0.000000000000000000e+00,-1.000000000000000000e+00
-4.037121200561523438e+01,-7.741935253143310547e+00,4.829999923706054688e+01,0.000000000000000000e+00,0.000000000000000000e+00,-1.000000000000000000e+00
-4.034689712524414062e+01,-8.064516067504882812e+00,4.829999923706054688e+01,0.000000000000000000e+00,0.000000000000000000e+00,-1.000000000000000000e+00
-4.032258224487304688e+01,-8.387096405029296875e+00,4.829999923706054688e+01,0.000000000000000000e+00,0.000000000000000000e+00,-1.000000000000000000e+00
-4.029826736450195312e+01,-8.709677696228027344e+00,4.829999923706054688e+01,0.000000000000000000e+00,0.000000000000000000e+00,-1.000000000000000000e+00
-4.027394866943359375e+01,-9.032258033752441406e+00,4.829999923706054688e+01,0.000000000000000000e+00,0.000000000000000000e+00,-1.000000000000000000e+00
-4.024963378906250000e+01,-9.354838371276855469e+00,4.829999923706054688e+01,0.000000000000000000e+00,0.000000000000000000e+00,-1.000000000000000000e+00
-4.022531890869140625e+01,-9.677419662475585938e+00,4.829999923706054688e+01,0.000000000000000000e+00,0.000000000000000000e+00,-1.000000000000000000e+00
-4.020100402832031250e+01,-1.000000000000000000e+01,4.829999923706054688e+01,0.000000000000000000e+00,0.000000000000000000e+00,-1.000000000000000000e+00
-4.020100402832031250e+01,-1.000000000000000000e+01,4.829999923706054688e+01,0.000000000000000000e+00,0.000000000000000000e+00,-1.000000000000000000e+00
-4.017668914794921875e+01,-9.677419662475585938e+00,4.829999923706054688e+01,0.000000000000000000e+00,0.000000000000000000e+00,-1.000000000000000000e+00
-4.015237426757812500e+01,-9.354838371276855469e+00,4.829999923706054688e+01,0.000000000000000000e+00,0.000000000000000000e+00,-1.000000000000000000e+00
-4.012805938720703125e+01,-9.032258033752441406e+00,4.829999923706054688e+01,0.000000000000000000e+00,0.000000000000000000e+00,-1.000000000000000000e+00
-4.010374450683593750e+01,-8.709677696228027344e+00,4.829999923706054688e+01,0.000000000000000000e+00,0.000000000000000000e+00,-1.000000000000000000e+00
-4.007942962646484375e+01,-8.387096405029296875e+00,4.829999923706054688e+01,0.000000000000000000e+00,0.000000000000000000e+00,-1.000000000000000000e+00
-4.005511474609375000e+01,-8.064516067504882812e+00,4.829999923706054688e+01,0.000000000000000000e+00,0.000000000000000000e+00,-1.000000000000000000e+00
-4.003079986572265625e+01,-7.741935253143310547e+00,4.829999923706054688e+01,0.000000000000000000e+00,0.000000000000000000e+00,-1.000000000000000000e+00
-4.000648498535156250e+01,-7.419354915618896484e+00,4.829999923706054688e+01,0.000000000000000000e+00,0.000000000000000000e+00,-1.000000000000000000e+00
-3.998217010498046875e+01,-7.096774101257324219e+00,4.829999923706054688e+01,0.000000000000000000e+00,0.000000000000000000e+00,-1.000000000000000000e+00
-3.995785522460937500e+01,-6.774193763732910156e+00,4.829999923706054688e+01,0.000000000000000000e+00,0.000000000000000000e+00,-1.000000000000000000e+00
-3.993354034423828125e+01,-6.451612949371337891e+00,4.829999923706054688e+01,0.000000000000000000e+00,0.000000000000000000e+00,-1.000000000000000000e+00
-3.990922164916992188e+01,-6.129032135009765625e+00,4.829999923706054688e+01,0.000000000000000000e+00,0.000000000000000000e+00,-1.000000000000000000e+00
-3.988490676879882812e+01,-5.806451797485351562e+00,4.829999923706054688e+01,0.000000000000000000e+00,0.000000000000000000e+00,-1.000000000000000000e+00
-3.986059188842773438e+01,-5.483870983123779297e+00,4.829999923706054688e+01,0.000000000000000000e+00,0.000000000000000000e+00,-1.000000000000000000e+00
-3.983627700805664062e+01,-5.161290168762207031e+00,4.829999923706054688e+01,0.000000000000000000e+00,0.000000000000000000e+00,-1.000000000000000000e+00
-3.981196212768554688e+01,-4.838709831237792969e+00,4.829999923706054688e+01,0.000000000000000000e+00,0.000000000000000000e+00,-1.000000000000000000e+00
-3.978764724731445312e+01,-4.516129016876220703e+00,4.829999923706054688e+01,0.000000000000000000e+00,0.000000000000000000e+00,-1.000000000000000000e+00
-3.976333236694335938e+01,-4.193548202514648438e+00,4.829999923706054688e+01,0.000000000000000000e+00,0.000000000000000000e+00,-1.000000000000000000e+00
-3.973901748657226562e+01,-3.870967626571655273e+00,4.829999923706054688e+01,0.000000000000000000e+00,0.000000000000000000e+00,-1.000000000000000000e+00
-3.971470260620117188e+01,-3.548387050628662109e+00,4.829999923706054688e+01,0.000000000000000000e+00,0.000000000000000000e+00,-1.000000000000000000e+00
-3.969038772583007812e+01,-3.225806474685668945e+00,4.829999923706054688e+01,0.000000000000000000e+00,0.000000000000000000e+00,-1.000000000000000000e+00
-3.966607284545898438e+01,-2.903225898742675781e+00,4.829999923706054688e+01,0.000000000000000000e+00,0.000000000000000000e+00,-1.000000000000000000e+00
-3.964175796508789062e+01,-2.580645084381103516e+00,4.829999923706054688e+01,0.000000000000000000e+00,0.000000000000000000e+00,-1.000000000000000000e+00
-3.961744308471679688e+01,-2.258064508438110352e+00,4.829999923706054688e+01,0.000000000000000000e+00,0.000000000000000000e+00,-1.000000000000000000e+00
-3.959312820434570312e+01,-1.935483813285827637e+00,4.829999923706054688e+01,0.000000000000000000e+00,0.000000000000000000e+00,-1.000000000000000000e+00
-3.956881332397460938e+01,-1.612903237342834473e+00,4.829999923706054688e+01,0.000000000000000000e+00,0.000000000000000000e+00,-1.000000000000000000e+00
-3.954449844360351562e+01,-1.290322542190551758e+00,4.829999923706054688e+01,0.000000000000000000e+00,0.000000000000000000e+00,-1.000000000000000000e+00
-3.952017974853515625e+01,-9.677419066429138184e-01,4.829999923706054688e+01,0.000000000000000000e+00,0.000000000000000000e+00,-1.000000000000000000e+00
-3.949586486816406250e+01,-6.451612710952758789e-01,4.829999923706054688e+01,0.000000000000000000e+00,0.000000000000000000e+00,-1.000000000000000000e+00
-3.947154998779296875e+01,-3.225806355476379395e-01,4.829999923706054688e+01,0.000000000000000000e+00,0.000000000000000000e+00,-1.000000000000000000e+00
-3.994974899291992188e+01,0.000000000000000000e+00,4.829999923706054688e+01,0.000000000000000000e+00,0.000000000000000000e+00,-1.000000000000000000e+00
-3.992543411254882812e+01,3.225806355476379395e-01,4.829999923706054688e+01,0.000000000000000000e+00,0.000000000000000000e+00,-1.000000000000000000e+00
-3.990111923217773438e+01,6.451612710952758789e-01,4.829999923706054688e+01,0.000000000000000000e+00,0.000000000000000000e+00,-1.000000000000000000e+00
-3.987680435180664062e+01,9.677419066429138184e-01,4.829999923706054688e+01,0.000000000000000000e+00,0.000000000000000000e+00,-1.000000000000000000e+00
-3.985248947143554688e+01,1.290322542190551758e+00,4.829999923706054688e+01,0.000000000000000000e+00,0.000000000000000000e+00,-1.000000000000000000e+00
-3.982817459106445312e+01,1.612903237342834473e+00,4.829999923706054688e+01,0.000000000000000000e+00,0.000000000000000000e+00,-1.000000000000000000e+00
-3.980385971069335938e+01,1.935483813285827637e+00,4.829999923706054688e+01,0.000000000000000000e+00,0.000000000000000000e+00,-1.000000000000000000e+00
-3.977954101562500000e+01,2.258064508438110352e+00,4.829999923706054688e+01,0.000000000000000000e+00,0.000000000000000000e+00,-1.000000000000000000e+00
-3.975522613525390625e+01,2.580645084381103516e+00,4.829999923706054688e+01,0.000000000000000000e+00,0.000000000000000000e+00,-1.000000000000000000e+00
-3.973091125488281250e+01,2.903225898742675781e+00,4.829999923706054688e+01,0.000000000000000000e+00,0.000000000000000000e+00,-1.000000000000000000e+00
-3.970659637451171875e+01,3.225806474685668945e+00,4.829999923706054688e+01,0.000000000000000000e+00,0.000000000000000000e+00,-1.000000000000000000e+00
-3.968228149414062500e+01,3.548387050628662109e+00,4.829999923706054688e+01,0.000000000000000000e+00,0.000000000000000000e+00,-1.000000000000000000e+00
-3.965796661376953125e+01,3.870967626571655273e+00,4.829999923706054688e+01,0.000000000000000000e+00,0.000000000000000000e+00,-1.000000000000000000e+00
-3.963365173339843750e+01,4.193548202514648438e+00,4.829999923706054688e+01,0.000000000000000000e+00,0.000000000000000000e+00,-1.000000000000000000e+00
-3.960933685302734375e+01,4.516129016876220703e+00,4.829999923706054688e+01,0.000000000000000000e+00,0.000000000000000000e+00,-1.000000000000000000e+00
-3.958502197265625000e+01,4.838709831237792969e+00,4.829999923706054688e+01,0.000000000000000000e+00,0.000000000000000000e+00,-1.000000000000000000e+00
-3.956070709228515625e+01,5.161290168762207031e+00,4.829999923706054688e+01,0.000000000000000000e+00,0.000000000000000000e+00,-1.000000000000000000e+00
-3.953639221191406250e+01,5.483870983123779297e+00,4.829999923706054688e+01,0.000000000000000000e+00,0.000000000000000000e+00,-1.000000000000000000e+00
-3.951207733154296875e+01,5.806451797485351562e+00,4.829999923706054688e+01,0.000000000000000000e+00,0.000000000000000000e+00,-1.000000000000000000e+00
-3.948776245117187500e+01,6.129032135009765625e+00,4.829999923706054688e+01,0.000000000000000000e+00,0.000000000000000000e+00,-1.000000000000000000e+00
-3.946344757080078125e+01,6.451612949371337891e+00,4.829999923706054688e+01,0.000000000000000000e+00,0.000000000000000000e+00,-1.000000000000000000e+00
-3.943913269042968750e+01,6.774193763732910156e+00,4.829999923706054688e+01,0.000000000000000000e+00,0.000000000000000000e+00,-1.000000000000000000e+00
-3.941481781005859375e+01,7.096774101257324219e+00,4.829999923706054688e+01,0.000000000000000000e+00,0.000000000000000000e+00,-1.000000000000000000e+00
-3.939049911499023438e+01,7.419354915618896484e+00,4.829999923706054688e+01,0.000000000000000000e+00,0.000000000000000000e+00,-1.000000000000000000e+00
-3.936618423461914062e+01,7.741935253143310547e+00,4.829999923706054688e+01,0.000000000000000000e+00,0.000000000000000000e+00,-1.000000000000000000e+00
-3.934186935424804688e+01,8.064516067504882812e+00,4.829999923706054688e+01,0.000000000000000000e+00,0.000000000000000000e+00,-1.000000000000000000e+00
-3.931755447387695312e+01,8.387096405029296875e+00,4.829999923706054688e+01,0.000000000000000000e+00,0.000000000000000000e+00,-1.000000000000000000e+00
-3.929323959350585938e+01,8.709677696228027344e+00,4.829999923706054688e+01,0.000000000000000000e+00,0.000000000000000000e+00,-1.000000000000000000e+00
-3.926892471313476562e+01,9.032258033752441406e+00,4.829999923706054688e+01,0.000000000000000000e+00,0.000000000000000000e+00,-1.000000000000000000e+00
-3.924460983276367188e+01,9.354838371276855469e+00,4.829999923706054688e+01,0.000000000000000000e+00,0.000000000000000000e+00,-1.000000000000000000e+00
-3.922029495239257812e+01,9.677419662475585938e+00,4.829999923706054688e+01,0.000000000000000000e+00,0.000000000000000000e+00,-1.000000000000000000e+00
-3.919598007202148438e+01,1.000000000000000000e+01,4.829999923706054688e+01,0.000000000000000000e+00,0.000000000000000000e+00,-1.000000000000000000e+00
-3.919598007202148438e+01,1.000000000000000000e+01,4.829999923706054688e+01,0.000000000000000000e+00,0.000000000000000000e+00,-1.000000000000000000e+00
-3.917166519165039062e+01,9.677419662475585938e+00,4.829999923706054688e+01,0.000000000000000000e+00,0.000000000000000000e+00,-1.000000000000000000e+00
-3.914735031127929688e+01,9.354838371276855469e+00,4.829999923706054688e+01,0.000000000000000000e+00,0.000000000000000000e+00,-1.000000000000000000e+00
-3.912303543090820312e+01,9.032258033752441406e+00,4.829999923706054688e+01,0.000000000000000000e+00,0.000000000000000000e+00,-1.000000000000000000e+00
-3.909872055053710938e+01,8.709677696228027344e+00,4.829999923706054688e+01,0.000000000000000000e+00,0.000000000000000000e+00,-1.000000000000000000e+00
-3.907440567016601562e+01,8.387096405029296875e+00,4.829999923706054688e+01,0.000000000000000000e+00,0.000000000000000000e+00,-1.000000000000000000e+00
-3.905009078979492188e+01,8.064516067504882812e+00,4.829999923706054688e+01,0.000000000000000000e+00,0.000000000000000000e+00,-1.000000000000000000e+00
-3.902577590942382812e+01,7.741935253143310547e+00,4.829999923706054688e+01,0.000000000000000000e+00,0.000000000000000000e+00,-1.000000000000000000e+00
-3.900145721435546875e+01,7.419354915618896484e+00,4.829999923706054688e+01,0.000000000000000000e+00,0.000000000000000000e+00,-1.000000000000000000e+00
-3.897714233398437500e+01,7.096774101257324219e+00,4.829999923706054688e+01,0.000000000000000000e+00,0.000000000000000000e+00,-1.000000000000000000e+00
-3.895282745361328125e+01,6.774193763732910156e+00,4.829999923706054688e+01,0.000000000000000000e+00,0.000000000000000000e+00,-1.000000000000000000e+00
-3.892851257324218750e+01,6.451612949371337891e+00,4.829999923706054688e+01,0.000000000000000000e+00,0.000000000000000000e+00,-1.000000000000000000e+00
-3.890419769287109375e+01,6.129032135009765625e+00,4.829999923706054688e+01,0.000000000000000000e+00,0.000000000000000000e+00,-1.000000000000000000e+00
-3.887988281250000000e+01,5.806451797485351562e+00,4.829999923706054688e+01,0.000000000000000000e+00,0.000000000000000000e+00,-1.000000000000000000e+00
-3.885556793212890625e+01,5.483870983123779297e+00,4.829999923706054688e+01,0.000000000000000000e+00,0.000000000000000000e+00,-1.000000000000000000e+00
-3.883125305175781250e+01,5.161290168762207031e+00,4.829999923706054688e+01,0.000000000000000000e+00,0.000000000000000000e+00,-1.000000000000000000e+00
-3.880693817138671875e+01,4.838709831237792969e+00,4.829999923706054688e+01,0.000000000000000000e+00,0.000000000000000000e+00,-1.000000000000000000e+00
-3.878262329101562500e+01,4.516129016876220703e+00,4.829999923706054688e+01,0.000000000000000000e+00,0.000000000000000000e+00,-1.000000000000000000e+00
-3.875830841064453125e+01,4.193548202514648438e+00,4.829999923706054688e+01,0.000000000000000000e+00,0.000000000000000000e+00,-1.000000000000000000e+00
-3.873399353027343750e+01,3.870967626571655273e+00,4.829999923706054688e+01,0.000000000000000000e+00,0.000000000000000000e+00,-1.000000000000000000e+00
-3.870967864990234375e+01,3.548387050628662109e+00,4.829999923706054688e+01,0.000000000000000000e+00,0.000000000000000000e+00,-1.000000000000000000e+00
-3.868536376953125000e+01,3.225806474685668945e+00,4.829999923706054688e+01,0.000000000000000000e+00,0.000000000000000000e+00,-1.000000000000000000e+00
-3.866104888916015625e+01,2.903225898742675781e+00,4.829999923706054688e+01,0.000000000000000000e+00,0.000000000000000000e+00,-1.000000000000000000e+00
-3.863673019409179688e+01,2.580645084381103516e+00,4.829999923706054688e+01,0.000000000000000000e+00,0.000000000000000000e+00,-1.000000000000000000e+00
-3.861241531372070312e+01,2.258064508438110352e+00,4.829999923706054688e+01,0.000000000000000000e+00,0.000000000000000000e+00,-1.000000000000000000e+00
-3.858810043334960938e+01,1.935483813285827637e+00,4.829999923706054688e+01,0.000000000000000000e+00,0.000000000000000000e+00,-1.000000000000000000e+00
-3.856378555297851562e+01,1.612903237342834473e+00,4.829999923706054688e+01,0.000000000000000000e+00,0.000000000000000000e+00,-1.000000000000000000e+00
-3.853947067260742188e+01,1.290322542190551758e+00,4.829999923706054688e+01,0.000000000000000000e+00,0.000000000000000000e+00,-1.000000000000000000e+00
-3.851515579223632812e+01,9.677419066429138184e-01,4.829999923706054688e+01,0.000000000000000000e+00,0.000000000000000000e+00,-1.000000000000000000e+00
-3.849084091186523438e+01,6.451612710952758789e-01,4.829999923706054688e+01,0.000000000000000000e+00,0.000000000000000000e+00,-1.000000000000000000e+00
-3.846652603149414062e+01,3.225806355476379395e-01,4.829999923706054688e+01,0.000000000000000000e+00,0.000000000000000000e+00,-1.000000000000000000e+00
-3.894472503662109375e+01,0.000000000000000000e+00,4.829999923706054688e+01,0.000000000000000000e+00,0.000000000000000000e+00,-1.000000000000000000e+00
-3.892041015625000000e+01,-3.225806355476379395e-01,4.829999923706054688e+01,0.000000000000000000e+00,0.000000000000000000e+00,-1.000000000000000000e+00
-3.889609527587890625e+01,-6.451612710952758789e-01,4.829999923706054688e+01,0.000000000000000000e+00,0.000000000000000000e+00,-1.000000000000000000e+00
-3.887177658081054688e+01,-9.677419066429138184e-01,4.829999923706054688e+01,0.000000000000000000e+00,0.000000000000000000e+00,-1.000000000000000000e+00
-3.884746170043945312e+01,-1.290322542190551758e+00,4.829999923706054688e+01,0.000000000000000000e+00,0.000000000000000000e+00,-1.000000000000000000e+00
-3.882314682006835938e+01,-1.612903237342834473e+00,4.829999923706054688e+01,0.000000000000000000e+00,0.000000000000000000e+00,-1.000000000000000000e+00
-3.879883193969726562e+01,-1.935483813285827637e+00,4.829999923706054688e+01,0.000000000000000000e+00,0.000000000000000000e+00,-1.000000000000000000e+00
-3.877451705932617188e+01,-2.258064508438110352e+00,4.829999923706054688e+01,0.000000000000000000e+00,0.000000000000000000e+00,-1.000000000000000000e+00
-3.875020217895507812e+01,-2.580645084381103516e+00,4.829999923706054688e+01,0.000000000000000000e+00,0.000000000000000000e+00,-1.000000000000000000e+00
-3.872588729858398438e+01,-2.903225898742675781e+00,4.829999923706054688e+01,0.000000000000000000e+00,0.000000000000000000e+00,-1.000000000000000000e+00
-3.870157241821289062e+01,-3.225806474685668945e+00,4.829999923706054688e+01,0.000000000000000000e+00,0.000000000000000000e+00,-1.000000000000000000e+00
-3.867725753784179688e+01,-3.548387050628662109e+00,4.829999923706054688e+01,0.000000000000000000e+00,0.000000000000000000e+00,-1.000000000000000000e+00
-3.865294265747070312e+01,-3.870967626571655273e+00,4.829999923706054688e+01,0.000000000000000000e+00,0.000000000000000000e+00,-1.000000000000000000e+00
-3.862862777709960938e+01,-4.193548202514648438e+00,4.829999923706054688e+01,0.000000000000000000e+00,0.000000000000000000e+00,-1.000000000000000000e+00
-3.860431289672851562e+01,-4.516129016876220703e+00,4.829999923706054688e+01,0.000000000000000000e+00,0.000000000000000000e+00,-1.000000000000000000e+00
-3.857999801635742188e+01,-4.838709831237792969e+00,4.829999923706054688e+01,0.000000000000000000e+00,0.000000000000000000e+00,-1.000000000000000000e+00
-3.855568313598632812e+01,-5.161290168762207031e+00,4.829999923706054688e+01,0.000000000000000000e+00,0.000000000000000000e+00,-1.000000000000000000e+00
-3.853136825561523438e+01,-5.483870983123779297e+00,4.829999923706054688e+01,0.000000000000000000e+00,0.000000000000000000e+00,-1.000000000000000000e+00
-3.850704956054687500e+01,-5.806451797485351562e+00,4.829999923706054688e+01,0.000000000000000000e+00,0.000000000000000000e+00,-1.000000000000000000e+00
-3.848273468017578125e+01,-6.129032135009765625e+00,4.829999923706054688e+01,0.000000000000000000e+00,0.000000000000000000e+00,-1.000000000000000000e+00
-3.845841979980468750e+01,-6.451612949371337891e+00,4.829999923706054688e+01,0.000000000000000000e+00,0.000000000000000000e+00,-1.000000000000000000e+00
-3.843410491943359375e+01,-6.774193763732910156e+00,4.829999923706054688e+01,0.000000000000000000e+00,0.000000000000000000e+00,-1.000000000000000000e+00
-3.840979003906250000e+01,-7.096774101257324219e+00,4.829999923706054688e+01,0.000000000000000000e+00,0.000000000000000000e+00,-1.000000000000000000e+00
-3.838547515869140625e+01,-7.419354915618896484e+00,4.829999923706054688e+01,0.000000000000000000e+00,0.000000000000000000e+00,-1.000000000000000000e+00
-3.836116027832031250e+01,-7.741935253143310547e+00,4.829999923706054688e+01,0.000000000000000000e+00,0.000000000000000000e+00,-1.000000000000000000e+00
-3.833684539794921875e+01,-8.064516067504882812e+00,4.829999923706054688e+01,0.000000000000000000e+00,0.000000000000000000e+00,-1.000000000000000000e+00
-3.831253051757812500e+01,-8.387096405029296875e+00,4.829999923706054688e+01,0.000000000000000000e+00,0.000000000000000000e+00,-1.000000000000000000e+00
-3.828821563720703125e+01,-8.709677696228027344e+00,4.829999923706054688e+01,0.000000000000000000e+00,0.000000000000000000e+00,-1.000000000000000000e+00
-3.826390075683593750e+01,-9.032258033752441406e+00,4.829999923706054688e+01,0.000000000000000000e+00,0.000000000000000000e+00,-1.000000000000000000e+00
-3.823958587646484375e+01,-9.354838371276855469e+00,4.829999923706054688e+01,0.000000000000000000e+00,0.000000000000000000e+00,-1.000000000000000000e+00
-3.821527099609375000e+01,-9.677419662475585938e+00,4.829999923706054688e+01,0.000000000000000000e+00,0.000000000000000000e+00,-1.000000000000000000e+00
-3.819095611572265625e+01,-1.000000000000000000e+01,4.829999923706054688e+01,0.000000000000000000e+00,0.000000000000000000e+00,-1.000000000000000000e+00
-3.819095611572265625e+01,-1.000000000000000000e+01,4.829999923706054688e+01,0.000000000000000000e+00,0.000000000000000000e+00,-1.000000000000000000e+00
-3.816664123535156250e+01,-9.677419662475585938e+00,4.829999923706054688e+01,0.000000000000000000e+00,0.000000000000000000e+00,-1.000000000000000000e+00
-3.814232635498046875e+01,-9.354838371276855469e+00,4.829999923706054688e+01,0.000000000000000000e+00,0.000000000000000000e+00,-1.000000000000000000e+00
-3.811800765991210938e+01,-9.032258033752441406e+00,4.829999923706054688e+01,0.000000000000000000e+00,0.000000000000000000e+00,-1.000000000000000000e+00
-3.809369277954101562e+01,-8.709677696228027344e+00,4.829999923706054688e+01,0.000000000000000000e+00,0.000000000000000000e+00,-1.000000000000000000e+00
-3.806937789916992188e+01,-8.387096405029296875e+00,4.829999923706054688e+01,0.000000000000000000e+00,0.000000000000000000e+00,-1.000000000000000000e+00
-3.804506301879882812e+01,-8.064516067504882812e+00,4.829999923706054688e+01,0.000000000000000000e+00,0.000000000000000000e+00,-1.000000000000000000e+00
-3.802074813842773438e+01,-7.741935253143310547e+00,4.829999923706054688e+01,0.000000000000000000e+00,0.000000000000000000e+00,-1.000000000000000000e+00
-3.799643325805664062e+01,-7.419354915618896484e+00,4.829999923706054688e+01,0.000000000000000000e+00,0.000000000000000000e+00,-1.000000000000000000e+00
-3.797211837768554688e+01,-7.096774101257324219e+00,4.829999923706054688e+01,0.000000000000000000e+00,0.000000000000000000e+00,-1.000000000000000000e+00
-3.794780349731445312e+01,-6.774193763732910156e+00,4.829999923706054688e+01,0.000000000000000000e+00,0.000000000000000000e+00,-1.000000000000000000e+00
-3.792348861694335938e+01,-6.451612949371337891e+00,4.829999923706054688e+01,0.000000000000000000e+00,0.000000000000000000e+00,-1.000000000000000000e+00
-3.789917373657226562e+01,-6.129032135009765625e+00,4.829999923706054688e+01,0.000000000000000000e+00,0.000000000000000000e+00,-1.000000000000000000e+00
-3.787485885620117188e+01,-5.806451797485351562e+00,4.829999923706054688e+01,0.000000000000000000e+00,0.000000000000000000e+00,-1.000000000000000000e+00
-3.785054397583007812e+01,-5.483870983123779297e+00,4.829999923706054688e+01,0.000000000000000000e+00,0.000000000000000000e+00,-1.000000000000000000e+00
-3.782622909545898438e+01,-5.161290168762207031e+00,4.829999923706054688e+01,0.000000000000000000e+00,0.000000000000000000e+00,-1.000000000000000000e+00
-3.780191421508789062e+01,-4.838709831237792969e+00,4.829999923706054688e+01,0.000000000000000000e+00,0.000000000000000000e+00,-1.000000000000000000e+00
-3.777759933471679688e+01,-4.516129016876220703e+00,4.829999923706054688e+01,0.000000000000000000e+00,0.000000000000000000e+00,-1.000000000000000000e+00
-3.775328063964843750e+01,-4.193548202514648438e+00,4.829999923706054688e+01,0.000000000000000000e+00,0.000000000000000000e+00,-1.000000000000000000e+00
-3.772896575927734375e+01,-3.870967626571655273e+00,4.829999923706054688e+01,0.000000000000000000e+00,0.000000000000000000e+00,-1.000000000000000000e+00
-3.770465087890625000e+01,-3.548387050628662109e+00,4.829999923706054688e+01,0.000000000000000000e+00,0.000000000000000000e+00,-1.000000000000000000e+00
-3.768033599853515625e+01,-3.225806474685668945e+00,4.829999923706054688e+01,0.000000000000000000e+00,0.000000000000000000e+00,-1.000000000000000000e+00
-3.765602111816406250e+01,-2.903225898742675781e+00,4.829999923706054688e+01,0.000000000000000000e+00,0.000000000000000000e+00,-1.000000000000000000e+00
-3.763170623779296875e+01,-2.580645084381103516e+00,4.829999923706054688e+01,0.000000000000000000e+00,0.000000000000000000e+00,-1.000000000000000000e+00
-3.760739135742187500e+01,-2.258064508438110352e+00,4.829999923706054688e+01,0.000000000000000000e+00,0.000000000000000000e+00,-1.000000000000000000e+00
-3.758307647705078125e+01,-1.935483813285827637e+00,4.829999923706054688e+01,0.000000000000000000e+00,0.000000000000000000e+00,-1.000000000000000000e+00
-3.755876159667968750e+01,-1.612903237342834473e+00,4.829999923706054688e+01,0.000000000000000000e+00,0.000000000000000000e+00,-1.000000000000000000e+00
-3.753444671630859375e+01,-1.290322542190551758e+00,4.829999923706054688e+01,0.000000000000000000e+00,0.000000000000000000e+00,-1.000000000000000000e+00
-3.751013183593750000e+01,-9.677419066429138184e-01,4.829999923706054688e+01,0.000000000000000000e+00,0.000000000000000000e+00,-1.000000000000000000e+00
-3.748581695556640625e+01,-6.451612710952758789e-01,4.829999923706054688e+01,0.000000000000000000e+00,0.000000000000000000e+00,-1.000000000000000000e+00
-3.746150207519531250e+01,-3.225806355476379395e-01,4.829999923706054688e+01,0.000000000000000000e+00,0.000000000000000000e+00,-1.000000000000000000e+00
-3.793969726562500000e+01,0.000000000000000000e+00,4.829999923706054688e+01,0.000000000000000000e+00,0.000000000000000000e+00,-1.000000000000000000e+00
-3.791538238525390625e+01,3.225806355476379395e-01,4.829999923706054688e+01,0.000000000000000000e+00,0.000000000000000000e+00,-1.000000000000000000e+00
-3.789106750488281250e+01,6.451612710952758789e-01,4.829999923706054688e+01,0.000000000000000000e+00,0.000000000000000000e+00,-1.000000000000000000e+00
-3.786675262451171875e+01,9.677419066429138184e-01,4.829999923706054688e+01,0.000000000000000000e+00,0.000000000000000000e+00,-1.000000000000000000e+00
-3.784243774414062500e+01,1.290322542190551758e+00,4.829999923706054688e+01,0.000000000000000000e+00,0.000000000000000000e+00,-1.000000000000000000e+00
-3.781812286376953125e+01,1.612903237342834473e+00,4.829999923706054688e+01,0.000000000000000000e+00,0.000000000000000000e+00,-1.000000000000000000e+00
-3.779380798339843750e+01,1.935483813285827637e+00,4.829999923706054688e+01,0.000000000000000000e+00,0.000000000000000000e+00,-1.000000000000000000e+00
-3.776949310302734375e+01,2.258064508438110352e+00,4.829999923706054688e+01,0.000000000000000000e+00,0.000000000000000000e+00,-1.000000000000000000e+00
-3.774517822265625000e+01,2.580645084381103516e+00,4.829999923706054688e+01,0.000000000000000000e+00,0.000000000000000000e+00,-1.000000000000000000e+00
-3.772086334228515625e+01,2.903225898742675781e+00,4.829999923706054688e+01,0.000000000000000000e+00,0.000000000000000000e+00,-1.000000000000000000e+00
-3.769654846191406250e+01,3.225806474685668945e+00,4.829999923706054688e+01,0.000000000000000000e+00,0.000000000000000000e+00,-1.000000000000000000e+00
-3.767223358154296875e+01,3.548387050628662109e+00,4.829999923706054688e+01,0.000000000000000000e+00,0.000000000000000000e+00,-1.000000000000000000e+00
-3.764791870117187500e+01,3.870967626571655273e+00,4.829999923706054688e+01,0.000000000000000000e+00,0.000000000000000000e+00,-1.000000000000000000e+00
-3.762360000610351562e+01,4.193548202514648438e+00,4.829999923706054688e+01,0.000000000000000000e+00,0.000000000000000000e+00,-1.000000000000000000e+00
-3.759928512573242188e+01,4.516129016876220703e+00,4.829999923706054688e+01,0.000000000000000000e+00,0.000000000000000000e+00,-1.000000000000000000e+00
-3.757497024536132812e+01,4.838709831237792969e+00,4.829999923706054688e+01,0.000000000000000000e+00,0.000000000000000000e+00,-1.000000000000000000e+00
-3.755065536499023438e+01,5.161290168762207031e+00,4.829999923706054688e+01,0.000000000000000000e+00,0.000000000000000000e+00,-1.000000000000000000e+00
-3.752634048461914062e+01,5.483870983123779297e+00,4.829999923706054688e+01,0.000000000000000000e+00,0.000000000000000000e+00,-1.000000000000000000e+00
-3.750202560424804688e+01,5.806451797485351562e+00,4.829999923706054688e+01,0.000000000000000000e+00,0.000000000000000000e+00,-1.000000000000000000e+00
-3.747771072387695312e+01,6.129032135009765625e+00,4.829999923706054688e+01,0.000000000000000000e+00,0.000000000000000000e+00,-1.000000000000000000e+00
-3.745339584350585938e+01,6.451612949371337891e+00,4.829999923706054688e+01,0.000000000000000000e+00,0.000000000000000000e+00,-1.000000000000000000e+00
-3.742908096313476562e+01,6.774193763732910156e+00,4.829999923706054688e+01,0.000000000000000000e+00,0.000000000000000000e+00,-1.000000000000000000e+00
-3.740476608276367188e+01,7.096774101257324219e+00,4.829999923706054688e+01,0.000000000000000000e+00,0.000000000000000000e+00,-1.000000000000000000e+00
-3.738045120239257812e+01,7.419354915618896484e+00,4.829999923706054688e+01,0.000000000000000000e+00,0.000000000000000000e+00,-1.000000000000000000e+00
-3.735613632202148438e+01,7.741935253143310547e+00,4.829999923706054688e+01,0.000000000000000000e+00,0.000000000000000000e+00,-1.000000000000000000e+00
-3.733182144165039062e+01,8.064516067504882812e+00,4.829999923706054688e+01,0.000000000000000000e+00,0.000000000000000000e+00,-1.000000000000000000e+00
-3.730750656127929688e+01,8.387096405029296875e+00,4.829999923706054688e+01,0.000000000000000000e+00,0.000000000000000000e+00,-1.000000000000000000e+00
-3.728319168090820312e+01,8.709677696228027344e+00,4.829999923706054688e+01,0.000000000000000000e+00,0.000000000000000000e+00,-1.000000000000000000e+00
-3.725887680053710938e+01,9.032258033752441406e+00,4.829999923706054688e+01,0.000000000000000000e+00,0.000000000000000000e+00,-1.000000000000000000e+00
-3.723455810546875000e+01,9.354838371276855469e+00,4.829999923706054688e+01,0.000000000000000000e+00,0.000000000000000000e+00,-1.000000000000000000e+00
-3.721024322509765625e+01,9.677419662475585938e+00,4.829999923706054688e+01,0.000000000000000000e+00,0.000000000000000000e+00,-1.000000000000000000e+00
-3.718592834472656250e+01,1.000000000000000000e+01,4.829999923706054688e+01,0.000000000000000000e+00,0.000000000000000000e+00,-1.000000000000000000e+00
-3.718592834472656250e+01,1.000000000000000000e+01,4.829999923706054688e+01,0.000000000000000000e+00,0.000000000000000000e+00,-1.000000000000000000e+00
-3.716161346435546875e+01,9.677419662475585938e+00,4.829999923706054688e+01,0.000000000000000000e+00,0.000000000000000000e+00,-1.000000000000000000e+00
-3.713729858398437500e+01,9.354838371276855469e+00,4.829999923706054688e+01,0.000000000000000000e+00,0.000000000000000000e+00,-1.000000000000000000e+00
-3.711298370361328125e+01,9.032258033752441406e+00,4.829999923706054688e+01,0.000000000000000000e+00,0.000000000000000000e+00,-1.000000000000000000e+00
-3.708866882324218750e+01,8.709677696228027344e+00,4.829999923706054688e+01,0.000000000000000000e+00,0.000000000000000000e+00,-1.000000000000000000e+00
-3.706435394287109375e+01,8.387096405029296875e+00,4.829999923706054688e+01,0.000000000000000000e+00,0.000000000000000000e+00,-1.000000000000000000e+00
-3.704003906250000000e+01,8.064516067504882812e+00,4.829999923706054688e+01,0.000000000000000000e+00,0.000000000000000000e+00,-1.000000000000000000e+00
-3.701572418212890625e+01,7.741935253143310547e+00,4.829999923706054688e+01,0.000000000000000000e+00,0.000000000000000000e+00,-1.000000000000000000e+00
-3.699140930175781250e+01,7.419354915618896484e+00,4.829999923706054688e+01,0.000000000000000000e+00,0.000000000000000000e+00,-1.000000000000000000e+00
-3.696709442138671875e+01,7.096774101257324219e+00,4.829999923706054688e+01,0.000000000000000000e+00,0.000000000000000000e+00,-1.000000000000000000e+00
-3.694277954101562500e+01,6.774193763732910156e+00,4.829999923706054688e+01,0.000000000000000000e+00,0.000000000000000000e+00,-1.000000000000000000e+00
-3.691846466064453125e+01,6.451612949371337891e+00,4.829999923706054688e+01,0.000000000000000000e+00,0.000000000000000000e+00,-1.000000000000000000e+00
-3.689414978027343750e+01,6.129032135009765625e+00,4.829999923706054688e+01,0.000000000000000000e+00,0.000000000000000000e+00,-1.000000000000000000e+00
-3.686983489990234375e+01,5.806451797485351562e+00,4.829999923706054688e+01,0.000000000000000000e+00,0.000000000000000000e+00,-1.000000000000000000e+00
-3.684551620483398438e+01,5.483870983123779297e+00,4.829999923706054688e+01,0.000000000000000000e+00,0.000000000000000000e+00,-1.000000000000000000e+00
-3.682120132446289062e+01,5.161290168762207031e+00,4.829999923706054688e+01,0.000000000000000000e+00,0.000000000000000000e+00,-1.000000000000000000e+00
-3.679688644409179688e+01,4.838709831237792969e+00,4.829999923706054688e+01,0.000000000000000000e+00,0.000000000000000000e+00,-1.000000000000000000e+00
-3.677257156372070312e+01,4.516129016876220703e+00,4.829999923706054688e+01,0.000000000000000000e+00,0.000000000000000000e+00,-1.000000000000000000e+00
-3.674825668334960938e+01,4.193548202514648438e+00,4.829999923706054688e+01,0.000000000000000000e+00,0.000000000000000000e+00,-1.000000000000000000e+00
-3.672394180297851562e+01,3.870967626571655273e+00,4.829999923706054688e+01,0.000000000000000000e+00,0.000000000000000000e+00,-1.000000000000000000e+00
-3.669962692260742188e+01,3.548387050628662109e+00,4.829999923706054688e+01,0.000000000000000000e+00,0.000000000000000000e+00,-1.000000000000000000e+00
-3.667531204223632812e+01,3.225806474685668945e+00,4.829999923706054688e+01,0.000000000000000000e+00,0.000000000000000000e+00,-1.000000000000000000e+00
-3.665099716186523438e+01,2.903225898742675781e+00,4.829999923706054688e+01,0.000000000000000000e+00,0.000000000000000000e+00,-1.000000000000000000e+00
-3.662668228149414062e+01,2.580645084381103516e+00,4.829999923706054688e+01,0.000000000000000000e+00,0.000000000000000000e+00,-1.000000000000000000e+00
-3.660236740112304688e+01,2.258064508438110352e+00,4.829999923706054688e+01,0.000000000000000000e+00,0.000000000000000000e+00,-1.000000000000000000e+00
-3.657805252075195312e+01,1.935483813285827637e+00,4.829999923706054688e+01,0.000000000000000000e+00,0.000000000000000000e+00,-1.000000000000000000e+00
-3.655373764038085938e+01,1.612903237342834473e+00,4.829999923706054688e+01,0.000000000000000000e+00,0.000000000000000000e+00,-1.000000000000000000e+00
-3.652942276000976562e+01,1.290322542190551758e+00,4.829999923706054688e+01,0.000000000000000000e+00,0.000000000000000000e+00,-1.000000000000000000e+00
-3.650510787963867188e+01,9.677419066429138184e-01,4.829999923706054688e+01,0.000000000000000000e+00,0.000000000000000000e+00,-1.000000000000000000e+00
-3.648078918457031250e+01,6.451612710952758789e-01,4.829999923706054688e+01,0.000000000000000000e+00,0.000000000000000000e+00,-1.000000000000000000e+00
-3.645647430419921875e+01,3.225806355476379395e-01,4.829999923706054688e+01,0.000000000000000000e+00,0.000000000000000000e+00,-1.000000000000000000e+00
-3.693467330932617188e+01,0.000000000000000000e+00,4.829999923706054688e+01,0.000000000000000000e+00,0.000000000000000000e+00,-1.000000000000000000e+00
-3.691035842895507812e+01,-3.225806355476379395e-01,4.829999923706054688e+01,0.000000000000000000e+00,0.000000000000000000e+00,-1.000000000000000000e+00
-3.688604354858398438e+01,-6.451612710952758789e-01,4.829999923706054688e+01,0.000000000000000000e+00,0.000000000000000000e+00,-1.000000000000000000e+00
-3.686172866821289062e+01,-9.677419066429138184e-01,4.829999923706054688e+01,0.000000000000000000e+00,0.000000000000000000e+00,-1.000000000000000000e+00
-3.683741378784179688e+01,-1.290322542190551758e+00,4.829999923706054688e+01,0.000000000000000000e+00,0.000000000000000000e+00,-1.000000000000000000e+00
-3.681309890747070312e+01,-1.612903237342834473e+00,4.829999923706054688e+01,0.000000000000000000e+00,0.000000000000000000e+00,-1.000000000000000000e+00
-3.678878402709960938e+01,-1.935483813285827637e+00,4.829999923706054688e+01,0.000000000000000000e+00,0.000000000000000000e+00,-1.000000000000000000e+00
-3.676446914672851562e+01,-2.258064508438110352e+00,4.829999923706054688e+01,0.000000000000000000e+00,0.000000000000000000e+00,-1.000000000000000000e+00
-3.674015426635742188e+01,-2.580645084381103516e+00,4.829999923706054688e+01,0.000000000000000000e+00,0.000000000000000000e+00,-1.000000000000000000e+00
-3.671583557128906250e+01,-2.903225898742675781e+00,4.829999923706054688e+01,0.000000000000000000e+00,0.000000000000000000e+00,-1.000000000000000000e+00
-3.669152069091796875e+01,-3.225806474685668945e+00,4.829999923706054688e+01,0.000000000000000000e+00,0.000000000000000000e+00,-1.000000000000000000e+00
-3.666720581054687500e+01,-3.548387050628662109e+00,4.829999923706054688e+01,0.000000000000000000e+00,0.000000000000000000e+00,-1.000000000000000000e+00
-3.664289093017578125e+01,-3.870967626571655273e+00,4.829999923706054688e+01,0.000000000000000000e+00,0.000000000000000000e+00,-1.000000000000000000e+00
-3.661857604980468750e+01,-4.193548202514648438e+00,4.829999923706054688e+01,0.000000000000000000e+00,0.000000000000000000e+00,-1.000000000000000000e+00
-3.659426116943359375e+01,-4.516129016876220703e+00,4.829999923706054688e+01,0.000000000000000000e+00,0.000000000000000000e+00,-1.000000000000000000e+00
-3.656994628906250000e+01,-4.838709831237792969e+00,4.829999923706054688e+01,0.000000000000000000e+00,0.000000000000000000e+00,-1.000000000000000000e+00
-3.654563140869140625e+01,-5.161290168762207031e+00,4.829999923706054688e+01,0.000000000000000000e+00,0.000000000000000000e+00,-1.000000000000000000e+00
-3.652131652832031250e+01,-5.483870983123779297e+00,4.829999923706054688e+01,0.000000000000000000e+00,0.000000000000000000e+00,-1.000000000000000000e+00
-3.649700164794921875e+01,-5.806451797485351562e+00,4.829999923706054688e+01,0.000000000000000000e+00,0.000000000000000000e+00,-1.000000000000000000e+00
-3.647268676757812500e+01,-6.129032135009765625e+00,4.829999923706054688e+01,0.000000000000000000e+00,0.000000000000000000e+00,-1.000000000000000000e+00
-3.644837188720703125e+01,-6.451612949371337891e+00,4.829999923706054688e+01,0.000000000000000000e+00,0.000000000000000000e+00,-1.000000000000000000e+00
-3.642405700683593750e+01,-6.774193763732910156e+00,4.829999923706054688e+01,0.000000000000000000e+00,0.000000000000000000e+00,-1.000000000000000000e+00
-3.639974212646484375e+01,-7.096774101257324219e+00,4.829999923706054688e+01,0.000000000000000000e+00,0.000000000000000000e+00,-1.000000000000000000e+00
-3.637542724609375000e+01,-7.419354915618896484e+00,4.829999923706054688e+01,0.000000000000000000e+00,0.000000000000000000e+00,-1.000000000000000000e+00
-3.635110855102539062e+01,-7.741935253143310547e+00,4.829999923706054688e+01,0.000000000000000000e+00,0.000000000000000000e+00,-1.000000000000000000e+00
-3.632679367065429688e+01,-8.064516067504882812e+00,4.829999923706054688e+01,0.000000000000000000e+00,0.000000000000000000e+00,-1.000000000000000000e+00
-3.630247879028320312e+01,-8.387096405029296875e+00,4.829999923706054688e+01,0.000000000000000000e+00,0.000000000000000000e+00,-1.000000000000000000e+00
-3.627816390991210938e+01,-8.709677696228027344e+00,4.829999923706054688e+01,0.000000000000000000e+00,0.000000000000000000e+00,-1.000000000000000000e+00
-3.625384902954101562e+01,-9.032258033752441406e+00,4.829999923706054688e+01,0.000000000000000000e+00,0.000000000000000000e+00,-1.000000000000000000e+00
-3.622953414916992188e+01,-9.354838371276855469e+00,4.829999923706054688e+01,0.000000000000000000e+00,0.000000000000000000e+00,-1.000000000000000000e+00
-3.620521926879882812e+01,-9.677419662475585938e+00,4.829999923706054688e+01,0.000000000000000000e+00,0.000000000000000000e+00,-1.000000000000000000e+00
-3.618090438842773438e+01,-1.000000000000000000e+01,4.829999923706054688e+01,0.000000000000000000e+00,0.000000000000000000e+00,-1.000000000000000000e+00
-3.618090438842773438e+01,-1.000000000000000000e+01,4.829999923706054688e+01,0.000000000000000000e+00,0.000000000000000000e+00,-1.000000000000000000e+00
-3.615658950805664062e+01,-9.677419662475585938e+00,4.829999923706054688e+01,0.000000000000000000e+00,0.000000000000000000e+00,-1.000000000000000000e+00
-3.613227462768554688e+01,-9.354838371276855469e+00,4.829999923706054688e+01,0.000000000000000000e+00,0.000000000000000000e+00,-1.000000000000000000e+00
-3.610795974731445312e+01,-9.032258033752441406e+00,4.829999923706054688e+01,0.000000000000000000e+00,0.000000000000000000e+00,-1.000000000000000000e+00
-3.608364486694335938e+01,-8.709677696228027344e+00,4.829999923706054688e+01,0.000000000000000000e+00,0.000000000000000000e+00,-1.000000000000000000e+00
-3.605932998657226562e+01,-8.387096405029296875e+00,4.829999923706054688e+01,0.000000000000000000e+00,0.000000000000000000e+00,-1.000000000000000000e+00
-3.603501510620117188e+01,-8.064516067504882812e+00,4.829999923706054688e+01,0.000000000000000000e+00,0.000000000000000000e+00,-1.000000000000000000e+00
-3.601070022583007812e+01,-7.741935253143310547e+00,4.829999923706054688e+01,0.000000000000000000e+00,0.000000000000000000e+00,-1.000000000000000000e+00
-3.598638534545898438e+01,-7.419354915618896484e+00,4.829999923706054688e+01,0.000000000000000000e+00,0.000000000000000000e+00,-1.000000000000000000e+00
-3.596206665039062500e+01,-7.096774101257324219e+00,4.829999923706054688e+01,0.000000000000000000e+00,0.000000000000000000e+00,-1.000000000000000000e+00
-3.593775177001953125e+01,-6.774193763732910156e+00,4.829999923706054688e+01,0.000000000000000000e+00,0.000000000000000000e+00,-1.000000000000000000e+00
-3.591343688964843750e+01,-6.451612949371337891e+00,4.829999923706054688e+01,0.000000000000000000e+00,0.000000000000000000e+00,-1.000000000000000000e+00
-3.588912200927734375e+01,-6.129032135009765625e+00,4.829999923706054688e+01,0.000000000000000000e+00,0.000000000000000000e+00,-1.000000000000000000e+00
-3.586480712890625000e+01,-5.806451797485351562e+00,4.829999923706054688e+01,0.000000000000000000e+00,0.000000000000000000e+00,-1.000000000000000000e+00
-3.584049224853515625e+01,-5.483870983123779297e+00,4.829999923706054688e+01,0.000000000000000000e+00,0.000000000000000000e+00,-1.000000000000000000e+00
-3.581617736816406250e+01,-5.161290168762207031e+00,4.829999923706054688e+01,0.000000000000000000e+00,0.000000000000000000e+00,-1.000000000000000000e+00
-3.579186248779296875e+01,-4.838709831237792969e+00,4.829999923706054688e+01,0.000000000000000000e+00,0.000000000000000000e+00,-1.000000000000000000e+00
-3.576754760742187500e+01,-4.516129016876220703e+00,4.829999923706054688e+01,0.000000000000000000e+00,0.000000000000000000e+00,-1.000000000000000000e+00
-3.574323272705078125e+01,-4.193548202514648438e+00,4.829999923706054688e+01,0.000000000000000000e+00,0.000000000000000000e+00,-1.000000000000000000e+00
-3.571891784667968750e+01,-3.870967626571655273e+00,4.829999923706054688e+01,0.000000000000000000e+00,0.000000000000000000e+00,-1.000000000000000000e+00
-3.569460296630859375e+01,-3.548387050628662109e+00,4.829999923706054688e+01,0.000000000000000000e+00,0.000000000000000000e+00,-1.000000000000000000e+00
-3.567028808593750000e+01,-3.225806474685668945e+00,4.829999923706054688e+01,0.000000000000000000e+00,0.000000000000000000e+00,-1.000000000000000000e+00
-3.564597320556640625e+01,-2.903225898742675781e+00,4.829999923706054688e+01,0.000000000000000000e+00,0.000000000000000000e+00,-1.000000000000000000e+00
-3.562165832519531250e+01,-2.580645084381103516e+00,4.829999923706054688e+01,0.000000000000000000e+00,0.000000000000000000e+00,-1.000000000000000000e+00
-3.559734344482421875e+01,-2.258064508438110352e+00,4.829999923706054688e+01,0.000000000000000000e+00,0.000000000000000000e+00,-1.000000000000000000e+00
-3.557302474975585938e+01,-1.935483813285827637e+00,4.829999923706054688e+01,0.000000000000000000e+00,0.000000000000000000e+00,-1.000000000000000000e+00
-3.554870986938476562e+01,-1.612903237342834473e+00,4.829999923706054688e+01,0.000000000000000000e+00,0.000000000000000000e+00,-1.000000000000000000e+00
-3.552439498901367188e+01,-1.290322542190551758e+00,4.829999923706054688e+01,0.000000000000000000e+00,0.000000000000000000e+00,-1.000000000000000000e+00
-3.550008010864257812e+01,-9.677419066429138184e-01,4.829999923706054688e+01,0.000000000000000000e+00,0.000000000000000000e+00,-1.000000000000000000e+00
-3.547576522827148438e+01,-6.451612710952758789e-01,4.829999923706054688e+01,0.000000000000000000e+00,0.000000000000000000e+00,-1.000000000000000000e+00
-3.545145034790039062e+01,-3.225806355476379395e-01,4.829999923706054688e+01,0.000000000000000000e+00,0.000000000000000000e+00,-1.000000000000000000e+00
-3.592964935302734375e+01,0.000000000000000000e+00,4.829999923706054688e+01,0.000000000000000000e+00,0.000000000000000000e+00,-1.000000000000000000e+00
-3.590533447265625000e+01,3.225806355476379395e-01,4.829999923706054688e+01,0.000000000000000000e+00,0.000000000000000000e+00,-1.000000000000000000e+00
-3.588101959228515625e+01,6.451612710952758789e-01,4.829999923706054688e+01,0.000000000000000000e+00,0.000000000000000000e+00,-1.000000000000000000e+00
-3.585670471191406250e+01,9.677419066429138184e-01,4.829999923706054688e+01,0.000000000000000000e+00,0.000000000000000000e+00,-1.000000000000000000e+00
-3.583238601684570312e+01,1.290322542190551758e+00,4.829999923706054688e+01,0.000000000000000000e+00,0.000000000000000000e+00,-1.000000000000000000e+00
-3.580807113647460938e+01,1.612903237342834473e+00,4.829999923706054688e+01,0.000000000000000000e+00,0.000000000000000000e+00,-1.000000000000000000e+00
-3.578375625610351562e+01,1.935483813285827637e+00,4.829999923706054688e+01,0.000000000000000000e+00,0.000000000000000000e+00,-1.000000000000000000e+00
-3.575944137573242188e+01,2.258064508438110352e+00,4.829999923706054688e+01,0.000000000000000000e+00,0.000000000000000000e+00,-1.000000000000000000e+00
-3.573512649536132812e+01,2.580645084381103516e+00,4.829999923706054688e+01,0.000000000000000000e+00,0.000000000000000000e+00,-1.000000000000000000e+00
-3.571081161499023438e+01,2.903225898742675781e+00,4.829999923706054688e+01,0.000000000000000000e+00,0.000000000000000000e+00,-1.000000000000000000e+00
-3.568649673461914062e+01,3.225806474685668945e+00,4.829999923706054688e+01,0.000000000000000000e+00,0.000000000000000000e+00,-1.000000000000000000e+00
-3.566218185424804688e+01,3.548387050628662109e+00,4.829999923706054688e+01,0.000000000000000000e+00,0.000000000000000000e+00,-1.000000000000000000e+00
-3.563786697387695312e+01,3.870967626571655273e+00,4.829999923706054688e+01,0.000000000000000000e+00,0.000000000000000000e+00,-1.000000000000000000e+00
-3.561355209350585938e+01,4.193548202514648438e+00,4.829999923706054688e+01,0.000000000000000000e+00,0.000000000000000000e+00,-1.000000000000000000e+00
-3.558923721313476562e+01,4.516129016876220703e+00,4.829999923706054688e+01,0.000000000000000000e+00,0.000000000000000000e+00,-1.000000000000000000e+00
-3.556492233276367188e+01,4.838709831237792969e+00,4.829999923706054688e+01,0.000000000000000000e+00,0.000000000000000000e+00,-1.000000000000000000e+00
-3.554060745239257812e+01,5.161290168762207031e+00,4.829999923706054688e+01,0.000000000000000000e+00,0.000000000000000000e+00,-1.000000000000000000e+00
-3.551629257202148438e+01,5.483870983123779297e+00,4.829999923706054688e+01,0.000000000000000000e+00,0.000000000000000000e+00,-1.000000000000000000e+00
-3.549197769165039062e+01,5.806451797485351562e+00,4.829999923706054688e+01,0.000000000000000000e+00,0.000000000000000000e+00,-1.000000000000000000e+00
-3.546765899658203125e+01,6.129032135009765625e+00,4.829999923706054688e+01,0.000000000000000000e+00,0.000000000000000000e+00,-1.000000000000000000e+00
-3.544334411621093750e+01,6.451612949371337891e+00,4.829999923706054688e+01,0.000000000000000000e+00,0.000000000000000000e+00,-1.000000000000000000e+00
-3.541902923583984375e+01,6.774193763732910156e+00,4.829999923706054688e+01,0.000000000000000000e+00,0.000000000000000000e+00,-1.000000000000000000e+00
-3.539471435546875000e+01,7.096774101257324219e+00,4.829999923706054688e+01,0.000000000000000000e+00,0.000000000000000000e+00,-1.000000000000000000e+00
-3.537039947509765625e+01,7.419354915618896484e+00,4.829999923706054688e+01,0.000000000000000000e+00,0.000000000000000000e+00,-1.000000000000000000e+00
-3.534608459472656250e+01,7.741935253143310547e+00,4.829999923706054688e+01,0.000000000000000000e+00,0.000000000000000000e+00,-1.000000000000000000e+00
-3.532176971435546875e+01,8.064516067504882812e+00,4.829999923706054688e+01,0.000000000000000000e+00,0.000000000000000000e+00,-1.000000000000000000e+00
-3.529745483398437500e+01,8.387096405029296875e+00,4.829999923706054688e+01,0.000000000000000000e+00,0.000000000000000000e+00,-1.000000000000000000e+00
-3.527313995361328125e+01,8.709677696228027344e+00,4.829999923706054688e+01,0.000000000000000000e+00,0.000000000000000000e+00,-1.000000000000000000e+00
-3.524882507324218750e+01,9.032258033752441406e+00,4.829999923706054688e+01,0.000000000000000000e+00,0.000000000000000000e+00,-1.000000000000000000e+00
-3.522451019287109375e+01,9.354838371276855469e+00,4.829999923706054688e+01,0.000000000000000000e+00,0.000000000000000000e+00,-1.000000000000000000e+00
-3.520019531250000000e+01,9.677419662475585938e+00,4.829999923706054688e+01,0.000000000000000000e+00,0.000000000000000000e+00,-1.000000000000000000e+00
-3.517588043212890625e+01,1.000000000000000000e+01,4.829999923706054688e+01,0.000000000000000000e+00,0.000000000000000000e+00,-1.000000000000000000e+00
-3.517588043212890625e+01,1.000000000000000000e+01,4.829999923706054688e+01,0.000000000000000000e+00,0.000000000000000000e+00,-1.000000000000000000e+00
-3.515156555175781250e+01,9.677419662475585938e+00,4.829999923706054688e+01,0.000000000000000000e+00,0.000000000000000000e+00,-1.000000000000000000e+00
-3.512725067138671875e+01,9.354838371276855469e+00,4.829999923706054688e+01,0.000000000000000000e+00,0.000000000000000000e+00,-1.000000000000000000e+00
-3.510293579101562500e+01,9.032258033752441406e+00,4.829999923706054688e+01,0.000000000000000000e+00,0.000000000000000000e+00,-1.000000000000000000e+00
-3.507861709594726562e+01,8.709677696228027344e+00,4.829999923706054688e+01,0.000000000000000000e+00,0.000000000000000000e+00,-1.000000000000000000e+00
-3.505430221557617188e+01,8.387096405029296875e+00,4.829999923706054688e+01,0.000000000000000000e+00,0.000000000000000000e+00,-1.000000000000000000e+00
-3.502998733520507812e+01,8.064516067504882812e+00,4.829999923706054688e+01,0.000000000000000000e+00,0.000000000000000000e+00,-1.000000000000000000e+00
-3.500567245483398438e+01,7.741935253143310547e+00,4.829999923706054688e+01,0.000000000000000000e+00,0.000000000000000000e+00,-1.000000000000000000e+00
-3.498135757446289062e+01,7.419354915618896484e+00,4.829999923706054688e+01,0.000000000000000000e+00,0.000000000000000000e+00,-1.000000000000000000e+00
-3.495704269409179688e+01,7.096774101257324219e+00,4.829999923706054688e+01,0.000000000000000000e+00,0.000000000000000000e+00,-1.000000000000000000e+00
-3.493272781372070312e+01,6.774193763732910156e+00,4.829999923706054688e+01,0.000000000000000000e+00,0.000000000000000000e+00,-1.000000000000000000e+00
-3.490841293334960938e+01,6.451612949371337891e+00,4.829999923706054688e+01,0.000000000000000000e+00,0.000000000000000000e+00,-1.000000000000000000e+00
-3.488409805297851562e+01,6.129032135009765625e+00,4.829999923706054688e+01,0.000000000000000000e+00,0.000000000000000000e+00,-1.000000000000000000e+00
-3.485978317260742188e+01,5.806451797485351562e+00,4.829999923706054688e+01,0.000000000000000000e+00,0.000000000000000000e+00,-1.000000000000000000e+00
-3.483546829223632812e+01,5.483870983123779297e+00,4.829999923706054688e+01,0.000000000000000000e+00,0.000000000000000000e+00,-1.000000000000000000e+00
-3.481115341186523438e+01,5.161290168762207031e+00,4.829999923706054688e+01,0.000000000000000000e+00,0.000000000000000000e+00,-1.000000000000000000e+00
-3.478683853149414062e+01,4.838709831237792969e+00,4.829999923706054688e+01,0.000000000000000000e+00,0.000000000000000000e+00,-1.000000000000000000e+00
-3.476252365112304688e+01,4.516129016876220703e+00,4.829999923706054688e+01,0.000000000000000000e+00,0.000000000000000000e+00,-1.000000000000000000e+00
-3.473820877075195312e+01,4.193548202514648438e+00,4.829999923706054688e+01,0.000000000000000000e+00,0.000000000000000000e+00,-1.000000000000000000e+00
-3.471389389038085938e+01,3.870967626571655273e+00,4.829999923706054688e+01,0.000000000000000000e+00,0.000000000000000000e+00,-1.000000000000000000e+00
-3.468957519531250000e+01,3.548387050628662109e+00,4.829999923706054688e+01,0.000000000000000000e+00,0.000000000000000000e+00,-1.000000000000000000e+00
-3.466526031494140625e+01,3.225806474685668945e+00,4.829999923706054688e+01,0.000000000000000000e+00,0.000000000000000000e+00,-1.000000000000000000e+00
-3.464094543457031250e+01,2.903225898742675781e+00,4.829999923706054688e+01,0.000000000000000000e+00,0.000000000000000000e+00,-1.000000000000000000e+00
-3.461663055419921875e+01,2.580645084381103516e+00,4.829999923706054688e+01,0.000000000000000000e+00,0.000000000000000000e+00,-1.000000000000000000e+00
-3.459231567382812500e+01,2.258064508438110352e+00,4.829999923706054688e+01,0.000000000000000000e+00,0.000000000000000000e+00,-1.000000000000000000e+00
-3.456800079345703125e+01,1.935483813285827637e+00,4.829999923706054688e+01,0.000000000000000000e+00,0.000000000000000000e+00,-1.000000000000000000e+00
-3.454368591308593750e+01,1.612903237342834473e+00,4.829999923706054688e+01,0.000000000000000000e+00,0.000000000000000000e+00,-1.000000000000000000e+00
-3.451937103271484375e+01,1.290322542190551758e+00,4.829999923706054688e+01,0.000000000000000000e+00,0.000000000000000000e+00,-1.000000000000000000e+00
-3.449505615234375000e+01,9.677419066429138184e-01,4.829999923706054688e+01,0.000000000000000000e+00,0.000000000000000000e+00,-1.000000000000000000e+00
-3.447074127197265625e+01,6.451612710952758789e-01,4.829999923706054688e+01,0.000000000000000000e+00,0.000000000000000000e+00,-1.000000000000000000e+00
-3.444642639160156250e+01,3.225806355476379395e-01,4.829999923706054688e+01,0.000000000000000000e+00,0.000000000000000000e+00,-1.000000000000000000e+00
-3.492462158203125000e+01,0.000000000000000000e+00,4.829999923706054688e+01,0.000000000000000000e+00,0.000000000000000000e+00,-1.000000000000000000e+00
-3.490030670166015625e+01,-3.225806355476379395e-01,4.829999923706054688e+01,0.000000000000000000e+00,0.000000000000000000e+00,-1.000000000000000000e+00
-3.487599182128906250e+01,-6.451612710952758789e-01,4.829999923706054688e+01,0.000000000000000000e+00,0.000000000000000000e+00,-1.000000000000000000e+00
-3.485167694091796875e+01,-9.677419066429138184e-01,4.829999923706054688e+01,0.000000000000000000e+00,0.000000000000000000e+00,-1.000000000000000000e+00
-3.482736206054687500e+01,-1.290322542190551758e+00,4.829999923706054688e+01,0.000000000000000000e+00,0.000000000000000000e+00,-1.000000000000000000e+00
-3.480304718017578125e+01,-1.612903237342834473e+00,4.829999923706054688e+01,0.000000000000000000e+00,0.000000000000000000e+00,-1.000000000000000000e+00
-3.477873229980468750e+01,-1.935483813285827637e+00,4.829999923706054688e+01,0.000000000000000000e+00,0.000000000000000000e+00,-1.000000000000000000e+00
-3.475441741943359375e+01,-2.258064508438110352e+00,4.829999923706054688e+01,0.000000000000000000e+00,0.000000000000000000e+00,-1.000000000000000000e+00
-3.473010253906250000e+01,-2.580645084381103516e+00,4.829999923706054688e+01,0.000000000000000000e+00,0.000000000000000000e+00,-1.000000000000000000e+00
-3.470578765869140625e+01,-2.903225898742675781e+00,4.829999923706054688e+01,0.000000000000000000e+00,0.000000000000000000e+00,-1.000000000000000000e+00
-3.468147277832031250e+01,-3.225806474685668945e+00,4.829999923706054688e+01,0.000000000000000000e+00,0.000000000000000000e+00,-1.000000000000000000e+00
-3.465715789794921875e+01,-3.548387050628662109e+00,4.829999923706054688e+01,0.000000000000000000e+00,0.000000000000000000e+00,-1.000000000000000000e+00
-3.463284301757812500e+01,-3.870967626571655273e+00,4.829999923706054688e+01,0.000000000000000000e+00,0.000000000000000000e+00,-1.000000000000000000e+00
-3.460852813720703125e+01,-4.193548202514648438e+00,4.829999923706054688e+01,0.000000000000000000e+00,0.000000000000000000e+00,-1.000000000000000000e+00
-3.458421325683593750e+01,-4.516129016876220703e+00,4.829999923706054688e+01,0.000000000000000000e+00,0.000000000000000000e+00,-1.000000000000000000e+00
-3.455989456176757812e+01,-4.838709831237792969e+00,4.829999923706054688e+01,0.000000000000000000e+00,0.000000000000000000e+00,-1.000000000000000000e+00
-3.453557968139648438e+01,-5.161290168762207031e+00,4.829999923706054688e+01,0.000000000000000000e+00,0.000000000000000000e+00,-1.000000000000000000e+00
-3.451126480102539062e+01,-5.483870983123779297e+00,4.829999923706054688e+01,0.000000000000000000e+00,0.000000000000000000e+00,-1.000000000000000000e+00
-3.448694992065429688e+01,-5.806451797485351562e+00,4.829999923706054688e+01,0.000000000000000000e+00,0.000000000000000000e+00,-1.000000000000000000e+00
-3.446263504028320312e+01,-6.129032135009765625e+00,4.829999923706054688e+01,0.000000000000000000e+00,0.000000000000000000e+00,-1.000000000000000000e+00
-3.443832015991210938e+01,-6.451612949371337891e+00,4.829999923706054688e+01,0.000000000000000000e+00,0.000000000000000000e+00,-1.000000000000000000e+00
-3.441400527954101562e+01,-6.774193763732910156e+00,4.829999923706054688e+01,0.000000000000000000e+00,0.000000000000000000e+00,-1.000000000000000000e+00
-3.438969039916992188e+01,-7.096774101257324219e+00,4.829999923706054688e+01,0.000000000000000000e+00,0.000000000000000000e+00,-1.000000000000000000e+00
-3.436537551879882812e+01,-7.419354915618896484e+00,4.829999923706054688e+01,0.000000000000000000e+00,0.000000000000000000e+00,-1.000000000000000000e+00
-3.434106063842773438e+01,-7.741935253143310547e+00,4.829999923706054688e+01,0.000000000000000000e+00,0.000000000000000000e+00,-1.000000000000000000e+00
-3.431674575805664062e+01,-8.064516067504882812e+00,4.829999923706054688e+01,0.000000000000000000e+00,0.000000000000000000e+00,-1.000000000000000000e+00
-3.429243087768554688e+01,-8.387096405029296875e+00,4.829999923706054688e+01,0.000000000000000000e+00,0.000000000000000000e+00,-1.000000000000000000e+00
-3.426811599731445312e+01,-8.709677696228027344e+00,4.829999923706054688e+01,0.000000000000000000e+00,0.000000000000000000e+00,-1.000000000000000000e+00
-3.424380111694335938e+01,-9.032258033752441406e+00,4.829999923706054688e+01,0.000000000000000000e+00,0.000000000000000000e+00,-1.000000000000000000e+00
-3.421948623657226562e+01,-9.354838371276855469e+00,4.829999923706054688e+01,0.000000000000000000e+00,0.000000000000000000e+00,-1.000000000000000000e+00
-3.419516754150390625e+01,-9.677419662475585938e+00,4.829999923706054688e+01,0.000000000000000000e+00,0.000000000000000000e+00,-1.000000000000000000e+00
-3.417085266113281250e+01,-1.000000000000000000e+01,4.829999923706054688e+01,0.000000000000000000e+00,0.000000000000000000e+00,-1.000000000000000000e+00
-3.417085266113281250e+01,-1.000000000000000000e+01,4.829999923706054688e+01,0.000000000000000000e+00,0.000000000000000000e+00,-1.000000000000000000e+00
-3.414653778076171875e+01,-9.677419662475585938e+00,4.829999923706054688e+01,0.000000000000000000e+00,0.000000000000000000e+00,-1.000000000000000000e+00
-3.412222290039062500e+01,-9.354838371276855469e+00,4.829999923706054688e+01,0.000000000000000000e+00,0.000000000000000000e+00,-1.000000000000000000e+00
-3.409790802001953125e+01,-9.032258033752441406e+00,4.829999923706054688e+01,0.000000000000000000e+00,0.000000000000000000e+00,-1.000000000000000000e+00
-3.407359313964843750e+01,-8.709677696228027344e+00,4.829999923706054688e+01,0.000000000000000000e+00,0.000000000000000000e+00,-1.000000000000000000e+00
-3.404927825927734375e+01,-8.387096405029296875e+00,4.829999923706054688e+01,0.000000000000000000e+00,0.000000000000000000e+00,-1.000000000000000000e+00
-3.402496337890625000e+01,-8.064516067504882812e+00,4.829999923706054688e+01,0.000000000000000000e+00,0.000000000000000000e+00,-1.000000000000000000e+00
-3.400064849853515625e+01,-7.741935253143310547e+00,4.829999923706054688e+01,0.000000000000000000e+00,0.000000000000000000e+00,-1.000000000000000000e+00
-3.397633361816406250e+01,-7.419354915618896484e+00,4.829999923706054688e+01,0.000000000000000000e+00,0.000000000000000000e+00,-1.000000000000000000e+00
-3.395201873779296875e+01,-7.096774101257324219e+00,4.829999923706054688e+01,0.000000000000000000e+00,0.000000000000000000e+00,-1.000000000000000000e+00
-3.392770385742187500e+01,-6.774193763732910156e+00,4.829999923706054688e+01,0.000000000000000000e+00,0.000000000000000000e+00,-1.000000000000000000e+00
-3.390338897705078125e+01,-6.451612949371337891e+00,4.829999923706054688e+01,0.000000000000000000e+00,0.000000000000000000e+00,-1.000000000000000000e+00
-3.387907409667968750e+01,-6.129032135009765625e+00,4.829999923706054688e+01,0.000000000000000000e+00,0.000000000000000000e+00,-1.000000000000000000e+00
-3.385475921630859375e+01,-5.806451797485351562e+00,4.829999923706054688e+01,0.000000000000000000e+00,0.000000000000000000e+00,-1.000000000000000000e+00
-3.383044433593750000e+01,-5.483870983123779297e+00,4.829999923706054688e+01,0.000000000000000000e+00,0.000000000000000000e+00,-1.000000000000000000e+00
-3.380612564086914062e+01,-5.161290168762207031e+00,4.829999923706054688e+01,0.000000000000000000e+00,0.000000000000000000e+00,-1.000000000000000000e+00
-3.378181076049804688e+01,-4.838709831237792969e+00,4.829999923706054688e+01,0.000000000000000000e+00,0.000000000000000000e+00,-1.000000000000000000e+00
-3.375749588012695312e+01,-4.516129016876220703e+00,4.829999923706054688e+01,0.000000000000000000e+00,0.000000000000000000e+00,-1.000000000000000000e+00
-3.373318099975585938e+01,-4.193548202514648438e+00,4.829999923706054688e+01,0.000000000000000000e+00,0.000000000000000000e+00,-1.000000000000000000e+00
-3.370886611938476562e+01,-3.870967626571655273e+00,4.829999923706054688e+01,0.000000000000000000e+00,0.000000000000000000e+00,-1.000000000000000000e+00
-3.368455123901367188e+01,-3.548387050628662109e+00,4.829999923706054688e+01,0.000000000000000000e+00,0.000000000000000000e+00,-1.000000000000000000e+00
-3.366023635864257812e+01,-3.225806474685668945e+00,4.829999923706054688e+01,0.000000000000000000e+00,0.000000000000000000e+00,-1.000000000000000000e+00
-3.363592147827148438e+01,-2.903225898742675781e+00,4.829999923706054688e+01,0.000000000000000000e+00,0.000000000000000000e+00,-1.000000000000000000e+00
-3.361160659790039062e+01,-2.580645084381103516e+00,4.829999923706054688e+01,0.000000000000000000e+00,0.000000000000000000e+00,-1.000000000000000000e+00
-3.358729171752929688e+01,-2.258064508438110352e+00,4.829999923706054688e+01,0.000000000000000000e+00,0.000000000000000000e+00,-1.000000000000000000e+00
-3.356297683715820312e+01,-1.935483813285827637e+00,4.829999923706054688e+01,0.000000000000000000e+00,0.000000000000000000e+00,-1.000000000000000000e+00
-3.353866195678710938e+01,-1.612903237342834473e+00,4.829999923706054688e+01,0.000000000000000000e+00,0.000000000000000000e+00,-1.000000000000000000e+00
-3.351434707641601562e+01,-1.290322542190551758e+00,4.829999923706054688e+01,0.000000000000000000e+00,0.000000000000000000e+00,-1.000000000000000000e+00
-3.349003219604492188e+01,-9.677419066429138184e-01,4.829999923706054688e+01,0.000000000000000000e+00,0.000000000000000000e+00,-1.000000000000000000e+00
-3.346571731567382812e+01,-6.451612710952758789e-01,4.829999923706054688e+01,0.000000000000000000e+00,0.000000000000000000e+00,-1.000000000000000000e+00
-3.344140243530273438e+01,-3.225806355476379395e-01,4.829999923706054688e+01,0.000000000000000000e+00,0.000000000000000000e+00,-1.000000000000000000e+00
-3.391959762573242188e+01,0.000000000000000000e+00,4.829999923706054688e+01,0.000000000000000000e+00,0.000000000000000000e+00,-1.000000000000000000e+00
-3.389528274536132812e+01,3.225806355476379395e-01,4.829999923706054688e+01,0.000000000000000000e+00,0.000000000000000000e+00,-1.000000000000000000e+00
-3.387096786499023438e+01,6.451612710952758789e-01,4.829999923706054688e+01,0.000000000000000000e+00,0.000000000000000000e+00,-1.000000000000000000e+00
-3.384665298461914062e+01,9.677419066429138184e-01,4.829999923706054688e+01,0.000000000000000000e+00,0.000000000000000000e+00,-1.000000000000000000e+00
-3.382233810424804688e+01,1.290322542190551758e+00,4.829999923706054688e+01,0.000000000000000000e+00,0.000000000000000000e+00,-1.000000000000000000e+00
-3.379802322387695312e+01,1.612903237342834473e+00,4.829999923706054688e+01,0.000000000000000000e+00,0.000000000000000000e+00,-1.000000000000000000e+00
-3.377370834350585938e+01,1.935483813285827637e+00,4.829999923706054688e+01,0.000000000000000000e+00,0.000000000000000000e+00,-1.000000000000000000e+00
-3.374939346313476562e+01,2.258064508438110352e+00,4.829999923706054688e+01,0.000000000000000000e+00,0.000000000000000000e+00,-1.000000000000000000e+00
-3.372507858276367188e+01,2.580645084381103516e+00,4.829999923706054688e+01,0.000000000000000000e+00,0.000000000000000000e+00,-1.000000000000000000e+00
-3.370076370239257812e+01,2.903225898742675781e+00,4.829999923706054688e+01,0.000000000000000000e+00,0.000000000000000000e+00,-1.000000000000000000e+00
-3.367644500732421875e+01,3.225806474685668945e+00,4.829999923706054688e+01,0.000000000000000000e+00,0.000000000000000000e+00,-1.000000000000000000e+00
-3.365213012695312500e+01,3.548387050628662109e+00,4.829999923706054688e+01,0.000000000000000000e+00,0.000000000000000000e+00,-1.000000000000000000e+00
-3.362781524658203125e+01,3.870967626571655273e+00,4.829999923706054688e+01,0.000000000000000000e+00,0.000000000000000000e+00,-1.000000000000000000e+00
-3.360350036621093750e+01,4.193548202514648438e+00,4.829999923706054688e+01,0.000000000000000000e+00,0.000000000000000000e+00,-1.000000000000000000e+00
-3.357918548583984375e+01,4.516129016876220703e+00,4.829999923706054688e+01,0.000000000000000000e+00,0.000000000000000000e+00,-1.000000000000000000e+00
-3.355487060546875000e+01,4.838709831237792969e+00,4.829999923706054688e+01,0.000000000000000000e+00,0.000000000000000000e+00,-1.000000000000000000e+00
-3.353055572509765625e+01,5.161290168762207031e+00,4.829999923706054688e+01,0.000000000000000000e+00,0.000000000000000000e+00,-1.000000000000000000e+00
-3.350624084472656250e+01,5.483870983123779297e+00,4.829999923706054688e+01,0.000000000000000000e+00,0.000000000000000000e+00,-1.000000000000000000e+00
-3.348192596435546875e+01,5.806451797485351562e+00,4.829999923706054688e+01,0.000000000000000000e+00,0.000000000000000000e+00,-1.000000000000000000e+00
-3.345761108398437500e+01,6.129032135009765625e+00,4.829999923706054688e+01,0.000000000000000000e+00,0.000000000000000000e+00,-1.000000000000000000e+00
-3.343329620361328125e+01,6.451612949371337891e+00,4.829999923706054688e+01,0.000000000000000000e+00,0.000000000000000000e+00,-1.000000000000000000e+00
-3.340898132324218750e+01,6.774193763732910156e+00,4.829999923706054688e+01,0.000000000000000000e+00,0.000000000000000000e+00,-1.000000000000000000e+00
-3.338466644287109375e+01,7.096774101257324219e+00,4.829999923706054688e+01,0.000000000000000000e+00,0.000000000000000000e+00,-1.000000000000000000e+00
-3.336035156250000000e+01,7.419354915618896484e+00,4.829999923706054688e+01,0.000000000000000000e+00,0.000000000000000000e+00,-1.000000000000000000e+00
-3.333603668212890625e+01,7.741935253143310547e+00,4.829999923706054688e+01,0.000000000000000000e+00,0.000000000000000000e+00,-1.000000000000000000e+00
-3.331171798706054688e+01,8.064516067504882812e+00,4.829999923706054688e+01,0.000000000000000000e+00,0.000000000000000000e+00,-1.000000000000000000e+00
-3.328740310668945312e+01,8.387096405029296875e+00,4.829999923706054688e+01,0.000000000000000000e+00,0.000000000000000000e+00,-1.000000000000000000e+00
-3.326308822631835938e+01,8.709677696228027344e+00,4.829999923706054688e+01,0.000000000000000000e+00,0.000000000000000000e+00,-1.000000000000000000e+00
-3.323877334594726562e+01,9.032258033752441406e+00,4.829999923706054688e+01,0.000000000000000000e+00,0.000000000000000000e+00,-1.000000000000000000e+00
-3.321445846557617188e+01,9.354838371276855469e+00,4.829999923706054688e+01,0.000000000000000000e+00,0.000000000000000000e+00,-1.000000000000000000e+00
-3.319014358520507812e+01,9.677419662475585938e+00,4.829999923706054688e+01,0.000000000000000000e+00,0.000000000000000000e+00,-1.000000000000000000e+00
-3.316582870483398438e+01,1.000000000000000000e+01,4.829999923706054688e+01,0.000000000000000000e+00,0.000000000000000000e+00,-1.000000000000000000e+00
-3.316582870483398438e+01,1.000000000000000000e+01,4.829999923706054688e+01,0.000000000000000000e+00,0.000000000000000000e+00,-1.000000000000000000e+00
-3.314151382446289062e+01,9.677419662475585938e+00,4.829999923706054688e+01,0.000000000000000000e+00,0.000000000000000000e+00,-1.000000000000000000e+00
-3.311719894409179688e+01,9.354838371276855469e+00,4.829999923706054688e+01,0.000000000000000000e+00,0.000000000000000000e+00,-1.000000000000000000e+00
-3.309288406372070312e+01,9.032258033752441406e+00,4.829999923706054688e+01,0.000000000000000000e+00,0.000000000000000000e+00,-1.000000000000000000e+00
-3.306856918334960938e+01,8.709677696228027344e+00,4.829999923706054688e+01,0.000000000000000000e+00,0.000000000000000000e+00,-1.000000000000000000e+00
-3.304425430297851562e+01,8.387096405029296875e+00,4.829999923706054688e+01,0.000000000000000000e+00,0.000000000000000000e+00,-1.000000000000000000e+00
-3.301993942260742188e+01,8.064516067504882812e+00,4.829999923706054688e+01,0.000000000000000000e+00,0.000000000000000000e+00,-1.000000000000000000e+00
-3.299562454223632812e+01,7.741935253143310547e+00,4.829999923706054688e+01,0.000000000000000000e+00,0.000000000000000000e+00,-1.000000000000000000e+00
-3.297130966186523438e+01,7.419354915618896484e+00,4.829999923706054688e+01,0.000000000000000000e+00,0.000000000000000000e+00,-1.000000000000000000e+00
-3.294699478149414062e+01,7.096774101257324219e+00,4.829999923706054688e+01,0.000000000000000000e+00,0.000000000000000000e+00,-1.000000000000000000e+00
-3.292267608642578125e+01,6.774193763732910156e+00,4.829999923706054688e+01,0.000000000000000000e+00,0.000000000000000000e+00,-1.000000000000000000e+00
-3.289836120605468750e+01,6.451612949371337891e+00,4.829999923706054688e+01,0.000000000000000000e+00,0.000000000000000000e+00,-1.000000000000000000e+00
-3.287404632568359375e+01,6.129032135009765625e+00,4.829999923706054688e+01,0.000000000000000000e+00,0.000000000000000000e+00,-1.000000000000000000e+00
-3.284973144531250000e+01,5.806451797485351562e+00,4.829999923706054688e+01,0.000000000000000000e+00,0.000000000000000000e+00,-1.000000000000000000e+00
-3.282541656494140625e+01,5.483870983123779297e+00,4.829999923706054688e+01,0.000000000000000000e+00,0.000000000000000000e+00,-1.000000000000000000e+00
-3.280110168457031250e+01,5.161290168762207031e+00,4.829999923706054688e+01,0.000000000000000000e+00,0.000000000000000000e+00,-1.000000000000000000e+00
-3.277678680419921875e+01,4.838709831237792969e+00,4.829999923706054688e+01,0.000000000000000000e+00,0.000000000000000000e+00,-1.000000000000000000e+00
-3.275247192382812500e+01,4.516129016876220703e+00,4.829999923706054688e+01,0.000000000000000000e+00,0.000000000000000000e+00,-1.000000000000000000e+00
-3.272815704345703125e+01,4.193548202514648438e+00,4.829999923706054688e+01,0.000000000000000000e+00,0.000000000000000000e+00,-1.000000000000000000e+00
-3.270384216308593750e+01,3.870967626571655273e+00,4.829999923706054688e+01,0.000000000000000000e+00,0.000000000000000000e+00,-1.000000000000000000e+00
-3.267952728271484375e+01,3.548387050628662109e+00,4.829999923706054688e+01,0.000000000000000000e+00,0.000000000000000000e+00,-1.000000000000000000e+00
-3.265521240234375000e+01,3.225806474685668945e+00,4.829999923706054688e+01,0.000000000000000000e+00,0.000000000000000000e+00,-1.000000000000000000e+00
-3.263089752197265625e+01,2.903225898742675781e+00,4.829999923706054688e+01,0.000000000000000000e+00,0.000000000000000000e+00,-1.000000000000000000e+00
-3.260658264160156250e+01,2.580645084381103516e+00,4.829999923706054688e+01,0.000000000000000000e+00,0.000000000000000000e+00,-1.000000000000000000e+00
-3.258226776123046875e+01,2.258064508438110352e+00,4.829999923706054688e+01,0.000000000000000000e+00,0.000000000000000000e+00,-1.000000000000000000e+00
-3.255795288085937500e+01,1.935483813285827637e+00,4.829999923706054688e+01,0.000000000000000000e+00,0.000000000000000000e+00,-1.000000000000000000e+00
-3.253363418579101562e+01,1.612903237342834473e+00,4.829999923706054688e+01,0.000000000000000000e+00,0.000000000000000000e+00,-1.000000000000000000e+00
-3.250931930541992188e+01,1.290322542190551758e+00,4.829999923706054688e+01,0.000000000000000000e+00,0.000000000000000000e+00,-1.000000000000000000e+00
-3.248500442504882812e+01,9.677419066429138184e-01,4.829999923706054688e+01,0.000000000000000000e+00,0.000000000000000000e+00,-1.000000000000000000e+00
-3.246068954467773438e+01,6.451612710952758789e-01,4.829999923706054688e+01,0.000000000000000000e+00,0.000000000000000000e+00,-1.000000000000000000e+00
-3.243637466430664062e+01,3.225806355476379395e-01,4.829999923706054688e+01,0.000000000000000000e+00,0.000000000000000000e+00,-1.000000000000000000e+00
-3.291457366943359375e+01,0.000000000000000000e+00,4.829999923706054688e+01,0.000000000000000000e+00,0.000000000000000000e+00,-1.000000000000000000e+00
-3.289025878906250000e+01,-3.225806355476379395e-01,4.829999923706054688e+01,0.000000000000000000e+00,0.000000000000000000e+00,-1.000000000000000000e+00
-3.286594390869140625e+01,-6.451612710952758789e-01,4.829999923706054688e+01,0.000000000000000000e+00,0.000000000000000000e+00,-1.000000000000000000e+00
-3.284162902832031250e+01,-9.677419066429138184e-01,4.829999923706054688e+01,0.000000000000000000e+00,0.000000000000000000e+00,-1.000000000000000000e+00
-3.281731414794921875e+01,-1.290322542190551758e+00,4.829999923706054688e+01,0.000000000000000000e+00,0.000000000000000000e+00,-1.000000000000000000e+00
-3.279299545288085938e+01,-1.612903237342834473e+00,4.829999923706054688e+01,0.000000000000000000e+00,0.000000000000000000e+00,-1.000000000000000000e+00
-3.276868057250976562e+01,-1.935483813285827637e+00,4.829999923706054688e+01,0.000000000000000000e+00,0.000000000000000000e+00,-1.000000000000000000e+00
-3.274436569213867188e+01,-2.258064508438110352e+00,4.829999923706054688e+01,0.000000000000000000e+00,0.000000000000000000e+00,-1.000000000000000000e+00
-3.272005081176757812e+01,-2.580645084381103516e+00,4.829999923706054688e+01,0.000000000000000000e+00,0.000000000000000000e+00,-1.000000000000000000e+00
-3.269573593139648438e+01,-2.903225898742675781e+00,4.829999923706054688e+01,0.000000000000000000e+00,0.000000000000000000e+00,-1.000000000000000000e+00
-3.267142105102539062e+01,-3.225806474685668945e+00,4.829999923706054688e+01,0.000000000000000000e+00,0.000000000000000000e+00,-1.000000000000000000e+00
-3.264710617065429688e+01,-3.548387050628662109e+00,4.829999923706054688e+01,0.000000000000000000e+00,0.000000000000000000e+00,-1.000000000000000000e+00
-3.262279129028320312e+01,-3.870967626571655273e+00,4.829999923706054688e+01,0.000000000000000000e+00,0.000000000000000000e+00,-1.000000000000000000e+00
-3.259847640991210938e+01,-4.193548202514648438e+00,4.829999923706054688e+01,0.000000000000000000e+00,0.000000000000000000e+00,-1.000000000000000000e+00
-3.257416152954101562e+01,-4.516129016876220703e+00,4.829999923706054688e+01,0.000000000000000000e+00,0.000000000000000000e+00,-1.000000000000000000e+00
-3.254984664916992188e+01,-4.838709831237792969e+00,4.829999923706054688e+01,0.000000000000000000e+00,0.000000000000000000e+00,-1.000000000000000000e+00
-3.252553176879882812e+01,-5.161290168762207031e+00,4.829999923706054688e+01,0.000000000000000000e+00,0.000000000000000000e+00,-1.000000000000000000e+00
-3.250121688842773438e+01,-5.483870983123779297e+00,4.829999923706054688e+01,0.000000000000000000e+00,0.000000000000000000e+00,-1.000000000000000000e+00
-3.247690200805664062e+01,-5.806451797485351562e+00,4.829999923706054688e+01,0.000000000000000000e+00,0.000000000000000000e+00,-1.000000000000000000e+00
-3.245258712768554688e+01,-6.129032135009765625e+00,4.829999923706054688e+01,0.000000000000000000e+00,0.000000000000000000e+00,-1.000000000000000000e+00
-3.242827224731445312e+01,-6.451612949371337891e+00,4.829999923706054688e+01,0.000000000000000000e+00,0.000000000000000000e+00,-1.000000000000000000e+00
-3.240395355224609375e+01,-6.774193763732910156e+00,4.829999923706054688e+01,0.000000000000000000e+00,0.000000000000000000e+00,-1.000000000000000000e+00
-3.237963867187500000e+01,-7.096774101257324219e+00,4.829999923706054688e+01,0.000000000000000000e+00,0.000000000000000000e+00,-1.000000000000000000e+00
-3.235532379150390625e+01,-7.419354915618896484e+00,4.829999923706054688e+01,0.000000000000000000e+00,0.000000000000000000e+00,-1.000000000000000000e+00
-3.233100891113281250e+01,-7.741935253143310547e+00,4.829999923706054688e+01,0.000000000000000000e+00,0.000000000000000000e+00,-1.000000000000000000e+00
-3.230669403076171875e+01,-8.064516067504882812e+00,4.829999923706054688e+01,0.000000000000000000e+00,0.000000000000000000e+00,-1.000000000000000000e+00
-3.228237915039062500e+01,-8.387096405029296875e+00,4.829999923706054688e+01,0.000000000000000000e+00,0.000000000000000000e+00,-1.000000000000000000e+00
-3.225806427001953125e+01,-8.709677696228027344e+00,4.829999923706054688e+01,0.000000000000000000e+00,0.000000000000000000e+00,-1.000000000000000000e+00
-3.223374938964843750e+01,-9.032258033752441406e+00,4.829999923706054688e+01,0.000000000000000000e+00,0.000000000000000000e+00,-1.000000000000000000e+00
-3.220943450927734375e+01,-9.354838371276855469e+00,4.829999923706054688e+01,0.000000000000000000e+00,0.000000000000000000e+00,-1.000000000000000000e+00
-3.218511962890625000e+01,-9.677419662475585938e+00,4.829999923706054688e+01,0.000000000000000000e+00,0.000000000000000000e+00,-1.000000000000000000e+00
-3.216080474853515625e+01,-1.000000000000000000e+01,4.829999923706054688e+01,0.000000000000000000e+00,0.000000000000000000e+00,-1.000000000000000000e+00
-3.216080474853515625e+01,-1.000000000000000000e+01,4.829999923706054688e+01,0.000000000000000000e+00,0.000000000000000000e+00,-1.000000000000000000e+00
-3.213648986816406250e+01,-9.677419662475585938e+00,4.829999923706054688e+01,0.000000000000000000e+00,0.000000000000000000e+00,-1.000000000000000000e+00
-3.211217498779296875e+01,-9.354838371276855469e+00,4.829999923706054688e+01,0.000000000000000000e+00,0.000000000000000000e+00,-1.000000000000000000e+00
-3.208786010742187500e+01,-9.032258033752441406e+00,4.829999923706054688e+01,0.000000000000000000e+00,0.000000000000000000e+00,-1.000000000000000000e+00
-3.206354522705078125e+01,-8.709677696228027344e+00,4.829999923706054688e+01,0.000000000000000000e+00,0.000000000000000000e+00,-1.000000000000000000e+00
-3.203922653198242188e+01,-8.387096405029296875e+00,4.829999923706054688e+01,0.000000000000000000e+00,0.000000000000000000e+00,-1.000000000000000000e+00
-3.201491165161132812e+01,-8.064516067504882812e+00,4.829999923706054688e+01,0.000000000000000000e+00,0.000000000000000000e+00,-1.000000000000000000e+00
-3.199059867858886719e+01,-7.741935253143310547e+00,4.829999923706054688e+01,0.000000000000000000e+00,0.000000000000000000e+00,-1.000000000000000000e+00
-3.196628379821777344e+01,-7.419354915618896484e+00,4.829999923706054688e+01,0.000000000000000000e+00,0.000000000000000000e+00,-1.000000000000000000e+00
-3.194196701049804688e+01,-7.096774101257324219e+00,4.829999923706054688e+01,0.000000000000000000e+00,0.000000000000000000e+00,-1.000000000000000000e+00
-3.191765213012695312e+01,-6.774193763732910156e+00,4.829999923706054688e+01,0.000000000000000000e+00,0.000000000000000000e+00,-1.000000000000000000e+00
-3.189333724975585938e+01,-6.451612949371337891e+00,4.829999923706054688e+01,0.000000000000000000e+00,0.000000000000000000e+00,-1.000000000000000000e+00
-3.186902236938476562e+01,-6.129032135009765625e+00,4.829999923706054688e+01,0.000000000000000000e+00,0.000000000000000000e+00,-1.000000000000000000e+00
-3.184470748901367188e+01,-5.806451797485351562e+00,4.829999923706054688e+01,0.000000000000000000e+00,0.000000000000000000e+00,-1.000000000000000000e+00
-3.182039260864257812e+01,-5.483870983123779297e+00,4.829999923706054688e+01,0.000000000000000000e+00,0.000000000000000000e+00,-1.000000000000000000e+00
-3.179607772827148438e+01,-5.161290168762207031e+00,4.829999923706054688e+01,0.000000000000000000e+00,0.000000000000000000e+00,-1.000000000000000000e+00
-3.177176284790039062e+01,-4.838709831237792969e+00,4.829999923706054688e+01,0.000000000000000000e+00,0.000000000000000000e+00,-1.000000000000000000e+00
-3.174744606018066406e+01,-4.516129016876220703e+00,4.829999923706054688e+01,0.000000000000000000e+00,0.000000000000000000e+00,-1.000000000000000000e+00
-3.172313117980957031e+01,-4.193548202514648438e+00,4.829999923706054688e+01,0.000000000000000000e+00,0.000000000000000000e+00,-1.000000000000000000e+00
-3.169881629943847656e+01,-3.870967626571655273e+00,4.829999923706054688e+01,0.000000000000000000e+00,0.000000000000000000e+00,-1.000000000000000000e+00
-3.167450141906738281e+01,-3.548387050628662109e+00,4.829999923706054688e+01,0.000000000000000000e+00,0.000000000000000000e+00,-1.000000000000000000e+00
-3.165018653869628906e+01,-3.225806474685668945e+00,4.829999923706054688e+01,0.000000000000000000e+00,0.000000000000000000e+00,-1.000000000000000000e+00
-3.162587165832519531e+01,-2.903225898742675781e+00,4.829999923706054688e+01,0.000000000000000000e+00,0.000000000000000000e+00,-1.000000000000000000e+00
-3.160155677795410156e+01,-2.580645084381103516e+00,4.829999923706054688e+01,0.000000000000000000e+00,0.000000000000000000e+00,-1.000000000000000000e+00
-3.157724189758300781e+01,-2.258064508438110352e+00,4.829999923706054688e+01,0.000000000000000000e+00,0.000000000000000000e+00,-1.000000000000000000e+00
-3.155292510986328125e+01,-1.935483813285827637e+00,4.829999923706054688e+01,0.000000000000000000e+00,0.000000000000000000e+00,-1.000000000000000000e+00
-3.152861022949218750e+01,-1.612903237342834473e+00,4.829999923706054688e+01,0.000000000000000000e+00,0.000000000000000000e+00,-1.000000000000000000e+00
-3.150429534912109375e+01,-1.290322542190551758e+00,4.829999923706054688e+01,0.000000000000000000e+00,0.000000000000000000e+00,-1.000000000000000000e+00
-3.147998046875000000e+01,-9.677419066429138184e-01,4.829999923706054688e+01,0.000000000000000000e+00,0.000000000000000000e+00,-1.000000000000000000e+00
-3.145566558837890625e+01,-6.451612710952758789e-01,4.829999923706054688e+01,0.000000000000000000e+00,0.000000000000000000e+00,-1.000000000000000000e+00
-3.143135070800781250e+01,-3.225806355476379395e-01,4.829999923706054688e+01,0.000000000000000000e+00,0.000000000000000000e+00,-1.000000000000000000e+00
-3.190954780578613281e+01,0.000000000000000000e+00,4.829999923706054688e+01,0.000000000000000000e+00,0.000000000000000000e+00,-1.000000000000000000e+00
-3.188523292541503906e+01,3.225806355476379395e-01,4.829999923706054688e+01,0.000000000000000000e+00,0.000000000000000000e+00,-1.000000000000000000e+00
-3.186091804504394531e+01,6.451612710952758789e-01,4.829999923706054688e+01,0.000000000000000000e+00,0.000000000000000000e+00,-1.000000000000000000e+00
-3.183660316467285156e+01,9.677419066429138184e-01,4.829999923706054688e+01,0.000000000000000000e+00,0.000000000000000000e+00,-1.000000000000000000e+00
-3.181228637695312500e+01,1.290322542190551758e+00,4.829999923706054688e+01,0.000000000000000000e+00,0.000000000000000000e+00,-1.000000000000000000e+00
-3.178797149658203125e+01,1.612903237342834473e+00,4.829999923706054688e+01,0.000000000000000000e+00,0.000000000000000000e+00,-1.000000000000000000e+00
-3.176365661621093750e+01,1.935483813285827637e+00,4.829999923706054688e+01,0.000000000000000000e+00,0.000000000000000000e+00,-1.000000000000000000e+00
-3.173934173583984375e+01,2.258064508438110352e+00,4.829999923706054688e+01,0.000000000000000000e+00,0.000000000000000000e+00,-1.000000000000000000e+00
-3.171502685546875000e+01,2.580645084381103516e+00,4.829999923706054688e+01,0.000000000000000000e+00,0.000000000000000000e+00,-1.000000000000000000e+00
-3.169071197509765625e+01,2.903225898742675781e+00,4.829999923706054688e+01,0.000000000000000000e+00,0.000000000000000000e+00,-1.000000000000000000e+00
-3.166639709472656250e+01,3.225806474685668945e+00,4.829999923706054688e+01,0.000000000000000000e+00,0.000000000000000000e+00,-1.000000000000000000e+00
-3.164208221435546875e+01,3.548387050628662109e+00,4.829999923706054688e+01,0.000000000000000000e+00,0.000000000000000000e+00,-1.000000000000000000e+00
-3.161776542663574219e+01,3.870967626571655273e+00,4.829999923706054688e+01,0.000000000000000000e+00,0.000000000000000000e+00,-1.000000000000000000e+00
-3.159345054626464844e+01,4.193548202514648438e+00,4.829999923706054688e+01,0.000000000000000000e+00,0.000000000000000000e+00,-1.000000000000000000e+00
-3.156913566589355469e+01,4.516129016876220703e+00,4.829999923706054688e+01,0.000000000000000000e+00,0.000000000000000000e+00,-1.000000000000000000e+00
-3.154482078552246094e+01,4.838709831237792969e+00,4.829999923706054688e+01,0.000000000000000000e+00,0.000000000000000000e+00,-1.000000000000000000e+00
-3.152050590515136719e+01,5.161290168762207031e+00,4.829999923706054688e+01,0.000000000000000000e+00,0.000000000000000000e+00,-1.000000000000000000e+00
-3.149619102478027344e+01,5.483870983123779297e+00,4.829999923706054688e+01,0.000000000000000000e+00,0.000000000000000000e+00,-1.000000000000000000e+00
-3.147187614440917969e+01,5.806451797485351562e+00,4.829999923706054688e+01,0.000000000000000000e+00,0.000000000000000000e+00,-1.000000000000000000e+00
-3.144756126403808594e+01,6.129032135009765625e+00,4.829999923706054688e+01,0.000000000000000000e+00,0.000000000000000000e+00,-1.000000000000000000e+00
-3.142324447631835938e+01,6.451612949371337891e+00,4.829999923706054688e+01,0.000000000000000000e+00,0.000000000000000000e+00,-1.000000000000000000e+00
-3.139892959594726562e+01,6.774193763732910156e+00,4.829999923706054688e+01,0.000000000000000000e+00,0.000000000000000000e+00,-1.000000000000000000e+00
-3.137461471557617188e+01,7.096774101257324219e+00,4.829999923706054688e+01,0.000000000000000000e+00,0.000000000000000000e+00,-1.000000000000000000e+00
-3.135029983520507812e+01,7.419354915618896484e+00,4.829999923706054688e+01,0.000000000000000000e+00,0.000000000000000000e+00,-1.000000000000000000e+00
-3.132598495483398438e+01,7.741935253143310547e+00,4.829999923706054688e+01,0.000000000000000000e+00,0.000000000000000000e+00,-1.000000000000000000e+00
-3.130167007446289062e+01,8.064516067504882812e+00,4.829999923706054688e+01,0.000000000000000000e+00,0.000000000000000000e+00,-1.000000000000000000e+00
-3.127735519409179688e+01,8.387096405029296875e+00,4.829999923706054688e+01,0.000000000000000000e+00,0.000000000000000000e+00,-1.000000000000000000e+00
-3.125304031372070312e+01,8.709677696228027344e+00,4.829999923706054688e+01,0.000000000000000000e+00,0.000000000000000000e+00,-1.000000000000000000e+00
-3.122872352600097656e+01,9.032258033752441406e+00,4.829999923706054688e+01,0.000000000000000000e+00,0.000000000000000000e+00,-1.000000000000000000e+00
-3.120440864562988281e+01,9.354838371276855469e+00,4.829999923706054688e+01,0.000000000000000000e+00,0.000000000000000000e+00,-1.000000000000000000e+00
-3.118009376525878906e+01,9.677419662475585938e+00,4.829999923706054688e+01,0.000000000000000000e+00,0.000000000000000000e+00,-1.000000000000000000e+00
-3.115577888488769531e+01,1.000000000000000000e+01,4.829999923706054688e+01,0.000000000000000000e+00,0.000000000000000000e+00,-1.000000000000000000e+00
-3.115577888488769531e+01,1.000000000000000000e+01,4.829999923706054688e+01,0.000000000000000000e+00,0.000000000000000000e+00,-1.000000000000000000e+00
-3.113146400451660156e+01,9.677419662475585938e+00,4.829999923706054688e+01,0.000000000000000000e+00,0.000000000000000000e+00,-1.000000000000000000e+00
-3.110714912414550781e+01,9.354838371276855469e+00,4.829999923706054688e+01,0.000000000000000000e+00,0.000000000000000000e+00,-1.000000000000000000e+00
-3.108283424377441406e+01,9.032258033752441406e+00,4.829999923706054688e+01,0.000000000000000000e+00,0.000000000000000000e+00,-1.000000000000000000e+00
-3.105851745605468750e+01,8.709677696228027344e+00,4.829999923706054688e+01,0.000000000000000000e+00,0.000000000000000000e+00,-1.000000000000000000e+00
-3.103420257568359375e+01,8.387096405029296875e+00,4.829999923706054688e+01,0.000000000000000000e+00,0.000000000000000000e+00,-1.000000000000000000e+00
-3.100988769531250000e+01,8.064516067504882812e+00,4.829999923706054688e+01,0.000000000000000000e+00,0.000000000000000000e+00,-1.000000000000000000e+00
-3.098557281494140625e+01,7.741935253143310547e+00,4.829999923706054688e+01,0.000000000000000000e+00,0.000000000000000000e+00,-1.000000000000000000e+00
-3.096125793457031250e+01,7.419354915618896484e+00,4.829999923706054688e+01,0.000000000000000000e+00,0.000000000000000000e+00,-1.000000000000000000e+00
-3.093694305419921875e+01,7.096774101257324219e+00,4.829999923706054688e+01,0.000000000000000000e+00,0.000000000000000000e+00,-1.000000000000000000e+00
-3.091262817382812500e+01,6.774193763732910156e+00,4.829999923706054688e+01,0.000000000000000000e+00,0.000000000000000000e+00,-1.000000000000000000e+00
-3.088831329345703125e+01,6.451612949371337891e+00,4.829999923706054688e+01,0.000000000000000000e+00,0.000000000000000000e+00,-1.000000000000000000e+00
-3.086399650573730469e+01,6.129032135009765625e+00,4.829999923706054688e+01,0.000000000000000000e+00,0.000000000000000000e+00,-1.000000000000000000e+00
-3.083968162536621094e+01,5.806451797485351562e+00,4.829999923706054688e+01,0.000000000000000000e+00,0.000000000000000000e+00,-1.000000000000000000e+00
-3.081536674499511719e+01,5.483870983123779297e+00,4.829999923706054688e+01,0.000000000000000000e+00,0.000000000000000000e+00,-1.000000000000000000e+00
-3.079105186462402344e+01,5.161290168762207031e+00,4.829999923706054688e+01,0.000000000000000000e+00,0.000000000000000000e+00,-1.000000000000000000e+00
-3.076673698425292969e+01,4.838709831237792969e+00,4.829999923706054688e+01,0.000000000000000000e+00,0.000000000000000000e+00,-1.000000000000000000e+00
-3.074242210388183594e+01,4.516129016876220703e+00,4.829999923706054688e+01,0.000000000000000000e+00,0.000000000000000000e+00,-1.000000000000000000e+00
-3.071810722351074219e+01,4.193548202514648438e+00,4.829999923706054688e+01,0.000000000000000000e+00,0.000000000000000000e+00,-1.000000000000000000e+00
-3.069379234313964844e+01,3.870967626571655273e+00,4.829999923706054688e+01,0.000000000000000000e+00,0.000000000000000000e+00,-1.000000000000000000e+00
-3.066947555541992188e+01,3.548387050628662109e+00,4.829999923706054688e+01,0.000000000000000000e+00,0.000000000000000000e+00,-1.000000000000000000e+00
-3.064516067504882812e+01,3.225806474685668945e+00,4.829999923706054688e+01,0.000000000000000000e+00,0.000000000000000000e+00,-1.000000000000000000e+00
-3.062084579467773438e+01,2.903225898742675781e+00,4.829999923706054688e+01,0.000000000000000000e+00,0.000000000000000000e+00,-1.000000000000000000e+00
-3.059653091430664062e+01,2.580645084381103516e+00,4.829999923706054688e+01,0.000000000000000000e+00,0.000000000000000000e+00,-1.000000000000000000e+00
-3.057221603393554688e+01,2.258064508438110352e+00,4.829999923706054688e+01,0.000000000000000000e+00,0.000000000000000000e+00,-1.000000000000000000e+00
-3.054790115356445312e+01,1.935483813285827637e+00,4.829999923706054688e+01,0.000000000000000000e+00,0.000000000000000000e+00,-1.000000000000000000e+00
-3.052358627319335938e+01,1.612903237342834473e+00,4.829999923706054688e+01,0.000000000000000000e+00,0.000000000000000000e+00,-1.000000000000000000e+00
-3.049927139282226562e+01,1.290322542190551758e+00,4.829999923706054688e+01,0.000000000000000000e+00,0.000000000000000000e+00,-1.000000000000000000e+00
-3.047495460510253906e+01,9.677419066429138184e-01,4.829999923706054688e+01,0.000000000000000000e+00,0.000000000000000000e+00,-1.000000000000000000e+00
-3.045063972473144531e+01,6.451612710952758789e-01,4.829999923706054688e+01,0.000000000000000000e+00,0.000000000000000000e+00,-1.000000000000000000e+00
-3.042632484436035156e+01,3.225806355476379395e-01,4.829999923706054688e+01,0.000000000000000000e+00,0.000000000000000000e+00,-1.000000000000000000e+00
-3.090452194213867188e+01,0.000000000000000000e+00,4.829999923706054688e+01,0.000000000000000000e+00,0.000000000000000000e+00,-1.000000000000000000e+00
-3.088020706176757812e+01,-3.225806355476379395e-01,4.829999923706054688e+01,0.000000000000000000e+00,0.000000000000000000e+00,-1.000000000000000000e+00
-3.085589218139648438e+01,-6.451612710952758789e-01,4.829999923706054688e+01,0.000000000000000000e+00,0.000000000000000000e+00,-1.000000000000000000e+00
-3.083157730102539062e+01,-9.677419066429138184e-01,4.829999923706054688e+01,0.000000000000000000e+00,0.000000000000000000e+00,-1.000000000000000000e+00
-3.080726242065429688e+01,-1.290322542190551758e+00,4.829999923706054688e+01,0.000000000000000000e+00,0.000000000000000000e+00,-1.000000000000000000e+00
-3.078294754028320312e+01,-1.612903237342834473e+00,4.829999923706054688e+01,0.000000000000000000e+00,0.000000000000000000e+00,-1.000000000000000000e+00
-3.075863265991210938e+01,-1.935483813285827637e+00,4.829999923706054688e+01,0.000000000000000000e+00,0.000000000000000000e+00,-1.000000000000000000e+00
-3.073431587219238281e+01,-2.258064508438110352e+00,4.829999923706054688e+01,0.000000000000000000e+00,0.000000000000000000e+00,-1.000000000000000000e+00
-3.071000099182128906e+01,-2.580645084381103516e+00,4.829999923706054688e+01,0.000000000000000000e+00,0.000000000000000000e+00,-1.000000000000000000e+00
-3.068568611145019531e+01,-2.903225898742675781e+00,4.829999923706054688e+01,0.000000000000000000e+00,0.000000000000000000e+00,-1.000000000000000000e+00
-3.066137123107910156e+01,-3.225806474685668945e+00,4.829999923706054688e+01,0.000000000000000000e+00,0.000000000000000000e+00,-1.000000000000000000e+00
-3.063705635070800781e+01,-3.548387050628662109e+00,4.829999923706054688e+01,0.000000000000000000e+00,0.000000000000000000e+00,-1.000000000000000000e+00
-3.061274147033691406e+01,-3.870967626571655273e+00,4.829999923706054688e+01,0.000000000000000000e+00,0.000000000000000000e+00,-1.000000000000000000e+00
-3.058842658996582031e+01,-4.193548202514648438e+00,4.829999923706054688e+01,0.000000000000000000e+00,0.000000000000000000e+00,-1.000000000000000000e+00
-3.056411170959472656e+01,-4.516129016876220703e+00,4.829999923706054688e+01,0.000000000000000000e+00,0.000000000000000000e+00,-1.000000000000000000e+00
-3.053979492187500000e+01,-4.838709831237792969e+00,4.829999923706054688e+01,0.000000000000000000e+00,0.000000000000000000e+00,-1.000000000000000000e+00
-3.051548004150390625e+01,-5.161290168762207031e+00,4.829999923706054688e+01,0.000000000000000000e+00,0.000000000000000000e+00,-1.000000000000000000e+00
-3.049116516113281250e+01,-5.483870983123779297e+00,4.829999923706054688e+01,0.000000000000000000e+00,0.000000000000000000e+00,-1.000000000000000000e+00
-3.046685028076171875e+01,-5.806451797485351562e+00,4.829999923706054688e+01,0.000000000000000000e+00,0.000000000000000000e+00,-1.000000000000000000e+00
-3.044253540039062500e+01,-6.129032135009765625e+00,4.829999923706054688e+01,0.000000000000000000e+00,0.000000000000000000e+00,-1.000000000000000000e+00
-3.041822052001953125e+01,-6.451612949371337891e+00,4.829999923706054688e+01,0.000000000000000000e+00,0.000000000000000000e+00,-1.000000000000000000e+00
-3.039390563964843750e+01,-6.774193763732910156e+00,4.829999923706054688e+01,0.000000000000000000e+00,0.000000000000000000e+00,-1.000000000000000000e+00
-3.036959075927734375e+01,-7.096774101257324219e+00,4.829999923706054688e+01,0.000000000000000000e+00,0.000000000000000000e+00,-1.000000000000000000e+00
-3.034527397155761719e+01,-7.419354915618896484e+00,4.829999923706054688e+01,0.000000000000000000e+00,0.000000000000000000e+00,-1.000000000000000000e+00
-3.032095909118652344e+01,-7.741935253143310547e+00,4.829999923706054688e+01,0.000000000000000000e+00,0.000000000000000000e+00,-1.000000000000000000e+00
-3.029664421081542969e+01,-8.064516067504882812e+00,4.829999923706054688e+01,0.000000000000000000e+00,0.000000000000000000e+00,-1.000000000000000000e+00
-3.027232933044433594e+01,-8.387096405029296875e+00,4.829999923706054688e+01,0.000000000000000000e+00,0.000000000000000000e+00,-1.000000000000000000e+00
-3.024801445007324219e+01,-8.709677696228027344e+00,4.829999923706054688e+01,0.000000000000000000e+00,0.000000000000000000e+00,-1.000000000000000000e+00
-3.022369956970214844e+01,-9.032258033752441406e+00,4.829999923706054688e+01,0.000000000000000000e+00,0.000000000000000000e+00,-1.000000000000000000e+00
-3.019938468933105469e+01,-9.354838371276855469e+00,4.829999923706054688e+01,0.000000000000000000e+00,0.000000000000000000e+00,-1.000000000000000000e+00
-3.017506980895996094e+01,-9.677419662475585938e+00,4.829999923706054688e+01,0.000000000000000000e+00,0.000000000000000000e+00,-1.000000000000000000e+00
-3.015075302124023438e+01,-1.000000000000000000e+01,4.829999923706054688e+01,0.000000000000000000e+00,0.000000000000000000e+00,-1.000000000000000000e+00
-3.015075302124023438e+01,-1.000000000000000000e+01,4.829999923706054688e+01,0.000000000000000000e+00,0.000000000000000000e+00,-1.000000000000000000e+00
-3.012643814086914062e+01,-9.677419662475585938e+00,4.829999923706054688e+01,0.000000000000000000e+00,0.000000000000000000e+00,-1.000000000000000000e+00
-3.010212326049804688e+01,-9.354838371276855469e+00,4.829999923706054688e+01,0.000000000000000000e+00,0.000000000000000000e+00,-1.000000000000000000e+00
-3.007780838012695312e+01,-9.032258033752441406e+00,4.829999923706054688e+01,0.000000000000000000e+00,0.000000000000000000e+00,-1.000000000000000000e+00
-3.005349349975585938e+01,-8.709677696228027344e+00,4.829999923706054688e+01,0.000000000000000000e+00,0.000000000000000000e+00,-1.000000000000000000e+00
-3.002917861938476562e+01,-8.387096405029296875e+00,4.829999923706054688e+01,0.000000000000000000e+00,0.000000000000000000e+00,-1.000000000000000000e+00
-3.000486373901367188e+01,-8.064516067504882812e+00,4.829999923706054688e+01,0.000000000000000000e+00,0.000000000000000000e+00,-1.000000000000000000e+00
-2.998054695129394531e+01,-7.741935253143310547e+00,4.829999923706054688e+01,0.000000000000000000e+00,0.000000000000000000e+00,-1.000000000000000000e+00
-2.995623207092285156e+01,-7.419354915618896484e+00,4.829999923706054688e+01,0.000000000000000000e+00,0.000000000000000000e+00,-1.000000000000000000e+00
-2.993191719055175781e+01,-7.096774101257324219e+00,4.829999923706054688e+01,0.000000000000000000e+00,0.000000000000000000e+00,-1.000000000000000000e+00
-2.990760231018066406e+01,-6.774193763732910156e+00,4.829999923706054688e+01,0.000000000000000000e+00,0.000000000000000000e+00,-1.000000000000000000e+00
-2.988328742980957031e+01,-6.451612949371337891e+00,4.829999923706054688e+01,0.000000000000000000e+00,0.000000000000000000e+00,-1.000000000000000000e+00
-2.985897254943847656e+01,-6.129032135009765625e+00,4.829999923706054688e+01,0.000000000000000000e+00,0.000000000000000000e+00,-1.000000000000000000e+00
-2.983465766906738281e+01,-5.806451797485351562e+00,4.829999923706054688e+01,0.000000000000000000e+00,0.000000000000000000e+00,-1.000000000000000000e+00
-2.981034278869628906e+01,-5.483870983123779297e+00,4.829999923706054688e+01,0.000000000000000000e+00,0.000000000000000000e+00,-1.000000000000000000e+00
-2.978602600097656250e+01,-5.161290168762207031e+00,4.829999923706054688e+01,0.000000000000000000e+00,0.000000000000000000e+00,-1.000000000000000000e+00
-2.976171112060546875e+01,-4.838709831237792969e+00,4.829999923706054688e+01,0.000000000000000000e+00,0.000000000000000000e+00,-1.000000000000000000e+00
-2.973739624023437500e+01,-4.516129016876220703e+00,4.829999923706054688e+01,0.000000000000000000e+00,0.000000000000000000e+00,-1.000000000000000000e+00
-2.971308135986328125e+01,-4.193548202514648438e+00,4.829999923706054688e+01,0.000000000000000000e+00,0.000000000000000000e+00,-1.000000000000000000e+00
-2.968876647949218750e+01,-3.870967626571655273e+00,4.829999923706054688e+01,0.000000000000000000e+00,0.000000000000000000e+00,-1.000000000000000000e+00
-2.966445159912109375e+01,-3.548387050628662109e+00,4.829999923706054688e+01,0.000000000000000000e+00,0.000000000000000000e+00,-1.000000000000000000e+00
-2.964013671875000000e+01,-3.225806474685668945e+00,4.829999923706054688e+01,0.000000000000000000e+00,0.000000000000000000e+00,-1.000000000000000000e+00
-2.961582183837890625e+01,-2.903225898742675781e+00,4.829999923706054688e+01,0.000000000000000000e+00,0.000000000000000000e+00,-1.000000000000000000e+00
-2.959150505065917969e+01,-2.580645084381103516e+00,4.829999923706054688e+01,0.000000000000000000e+00,0.000000000000000000e+00,-1.000000000000000000e+00
-2.956719017028808594e+01,-2.258064508438110352e+00,4.829999923706054688e+01,0.000000000000000000e+00,0.000000000000000000e+00,-1.000000000000000000e+00
-2.954287528991699219e+01,-1.935483813285827637e+00,4.829999923706054688e+01,0.000000000000000000e+00,0.000000000000000000e+00,-1.000000000000000000e+00
-2.951856040954589844e+01,-1.612903237342834473e+00,4.829999923706054688e+01,0.000000000000000000e+00,0.000000000000000000e+00,-1.000000000000000000e+00
-2.949424552917480469e+01,-1.290322542190551758e+00,4.829999923706054688e+01,0.000000000000000000e+00,0.000000000000000000e+00,-1.000000000000000000e+00
-2.946993064880371094e+01,-9.677419066429138184e-01,4.829999923706054688e+01,0.000000000000000000e+00,0.000000000000000000e+00,-1.000000000000000000e+00
-2.944561576843261719e+01,-6.451612710952758789e-01,4.829999923706054688e+01,0.000000000000000000e+00,0.000000000000000000e+00,-1.000000000000000000e+00
-2.942130088806152344e+01,-3.225806355476379395e-01,4.829999923706054688e+01,0.000000000000000000e+00,0.000000000000000000e+00,-1.000000000000000000e+00
-2.989949798583984375e+01,0.000000000000000000e+00,4.829999923706054688e+01,0.000000000000000000e+00,0.000000000000000000e+00,-1.000000000000000000e+00
-2.987518310546875000e+01,3.225806355476379395e-01,4.829999923706054688e+01,0.000000000000000000e+00,0.000000000000000000e+00,-1.000000000000000000e+00
-2.985086631774902344e+01,6.451612710952758789e-01,4.829999923706054688e+01,0.000000000000000000e+00,0.000000000000000000e+00,-1.000000000000000000e+00
-2.982655143737792969e+01,9.677419066429138184e-01,4.829999923706054688e+01,0.000000000000000000e+00,0.000000000000000000e+00,-1.000000000000000000e+00
-2.980223655700683594e+01,1.290322542190551758e+00,4.829999923706054688e+01,0.000000000000000000e+00,0.000000000000000000e+00,-1.000000000000000000e+00
-2.977792167663574219e+01,1.612903237342834473e+00,4.829999923706054688e+01,0.000000000000000000e+00,0.000000000000000000e+00,-1.000000000000000000e+00
-2.975360679626464844e+01,1.935483813285827637e+00,4.829999923706054688e+01,0.000000000000000000e+00,0.000000000000000000e+00,-1.000000000000000000e+00
-2.972929191589355469e+01,2.258064508438110352e+00,4.829999923706054688e+01,0.000000000000000000e+00,0.000000000000000000e+00,-1.000000000000000000e+00
-2.970497703552246094e+01,2.580645084381103516e+00,4.829999923706054688e+01,0.000000000000000000e+00,0.000000000000000000e+00,-1.000000000000000000e+00
-2.968066215515136719e+01,2.903225898742675781e+00,4.829999923706054688e+01,0.000000000000000000e+00,0.000000000000000000e+00,-1.000000000000000000e+00
-2.965634536743164062e+01,3.225806474685668945e+00,4.829999923706054688e+01,0.000000000000000000e+00,0.000000000000000000e+00,-1.000000000000000000e+00
-2.963203048706054688e+01,3.548387050628662109e+00,4.829999923706054688e+01,0.000000000000000000e+00,0.000000000000000000e+00,-1.000000000000000000e+00
-2.960771560668945312e+01,3.870967626571655273e+00,4.829999923706054688e+01,0.000000000000000000e+00,0.000000000000000000e+00,-1.000000000000000000e+00
-2.958340072631835938e+01,4.193548202514648438e+00,4.829999923706054688e+01,0.000000000000000000e+00,0.000000000000000000e+00,-1.000000000000000000e+00
-2.955908584594726562e+01,4.516129016876220703e+00,4.829999923706054688e+01,0.000000000000000000e+00,0.000000000000000000e+00,-1.000000000000000000e+00
-2.953477096557617188e+01,4.838709831237792969e+00,4.829999923706054688e+01,0.000000000000000000e+00,0.000000000000000000e+00,-1.000000000000000000e+00
-2.951045608520507812e+01,5.161290168762207031e+00,4.829999923706054688e+01,0.000000000000000000e+00,0.000000000000000000e+00,-1.000000000000000000e+00
-2.948614120483398438e+01,5.483870983123779297e+00,4.829999923706054688e+01,0.000000000000000000e+00,0.000000000000000000e+00,-1.000000000000000000e+00
-2.946182441711425781e+01,5.806451797485351562e+00,4.829999923706054688e+01,0.000000000000000000e+00,0.000000000000000000e+00,-1.000000000000000000e+00
-2.943750953674316406e+01,6.129032135009765625e+00,4.829999923706054688e+01,0.000000000000000000e+00,0.000000000000000000e+00,-1.000000000000000000e+00
-2.941319465637207031e+01,6.451612949371337891e+00,4.829999923706054688e+01,0.000000000000000000e+00,0.000000000000000000e+00,-1.000000000000000000e+00
-2.938887977600097656e+01,6.774193763732910156e+00,4.829999923706054688e+01,0.000000000000000000e+00,0.000000000000000000e+00,-1.000000000000000000e+00
-2.936456489562988281e+01,7.096774101257324219e+00,4.829999923706054688e+01,0.000000000000000000e+00,0.000000000000000000e+00,-1.000000000000000000e+00
-2.934025001525878906e+01,7.419354915618896484e+00,4.829999923706054688e+01,0.000000000000000000e+00,0.000000000000000000e+00,-1.000000000000000000e+00
-2.931593513488769531e+01,7.741935253143310547e+00,4.829999923706054688e+01,0.000000000000000000e+00,0.000000000000000000e+00,-1.000000000000000000e+00
-2.929162025451660156e+01,8.064516067504882812e+00,4.829999923706054688e+01,0.000000000000000000e+00,0.000000000000000000e+00,-1.000000000000000000e+00
-2.926730346679687500e+01,8.387096405029296875e+00,4.829999923706054688e+01,0.000000000000000000e+00,0.000000000000000000e+00,-1.000000000000000000e+00
-2.924298858642578125e+01,8.709677696228027344e+00,4.829999923706054688e+01,0.000000000000000000e+00,0.000000000000000000e+00,-1.000000000000000000e+00
-2.921867370605468750e+01,9.032258033752441406e+00,4.829999923706054688e+01,0.000000000000000000e+00,0.000000000000000000e+00,-1.000000000000000000e+00
-2.919435882568359375e+01,9.354838371276855469e+00,4.829999923706054688e+01,0.000000000000000000e+00,0.000000000000000000e+00,-1.000000000000000000e+00
-2.917004394531250000e+01,9.677419662475585938e+00,4.829999923706054688e+01,0.000000000000000000e+00,0.000000000000000000e+00,-1.000000000000000000e+00
-2.914572906494140625e+01,1.000000000000000000e+01,4.829999923706054688e+01,0.000000000000000000e+00,0.000000000000000000e+00,-1.000000000000000000e+00
-2.914572906494140625e+01,1.000000000000000000e+01,4.829999923706054688e+01,0.000000000000000000e+00,0.000000000000000000e+00,-1.000000000000000000e+00
-2.912141418457031250e+01,9.677419662475585938e+00,4.829999923706054688e+01,0.000000000000000000e+00,0.000000000000000000e+00,-1.000000000000000000e+00
-2.909709930419921875e+01,9.354838371276855469e+00,4.829999923706054688e+01,0.000000000000000000e+00,0.000000000000000000e+00,-1.000000000000000000e+00
-2.907278251647949219e+01,9.032258033752441406e+00,4.829999923706054688e+01,0.000000000000000000e+00,0.000000000000000000e+00,-1.000000000000000000e+00
-2.904846763610839844e+01,8.709677696228027344e+00,4.829999923706054688e+01,0.000000000000000000e+00,0.000000000000000000e+00,-1.000000000000000000e+00
-2.902415275573730469e+01,8.387096405029296875e+00,4.829999923706054688e+01,0.000000000000000000e+00,0.000000000000000000e+00,-1.000000000000000000e+00
-2.899983787536621094e+01,8.064516067504882812e+00,4.829999923706054688e+01,0.000000000000000000e+00,0.000000000000000000e+00,-1.000000000000000000e+00
-2.897552299499511719e+01,7.741935253143310547e+00,4.829999923706054688e+01,0.000000000000000000e+00,0.000000000000000000e+00,-1.000000000000000000e+00
-2.895120811462402344e+01,7.419354915618896484e+00,4.829999923706054688e+01,0.000000000000000000e+00,0.000000000000000000e+00,-1.000000000000000000e+00
-2.892689323425292969e+01,7.096774101257324219e+00,4.829999923706054688e+01,0.000000000000000000e+00,0.000000000000000000e+00,-1.000000000000000000e+00
-2.890257835388183594e+01,6.774193763732910156e+00,4.829999923706054688e+01,0.000000000000000000e+00,0.000000000000000000e+00,-1.000000000000000000e+00
-2.887826156616210938e+01,6.451612949371337891e+00,4.829999923706054688e+01,0.000000000000000000e+00,0.000000000000000000e+00,-1.000000000000000000e+00
-2.885394668579101562e+01,6.129032135009765625e+00,4.829999923706054688e+01,0.000000000000000000e+00,0.000000000000000000e+00,-1.000000000000000000e+00
-2.882963180541992188e+01,5.806451797485351562e+00,4.829999923706054688e+01,0.000000000000000000e+00,0.000000000000000000e+00,-1.000000000000000000e+00
-2.880531692504882812e+01,5.483870983123779297e+00,4.829999923706054688e+01,0.000000000000000000e+00,0.000000000000000000e+00,-1.000000000000000000e+00
-2.878100204467773438e+01,5.161290168762207031e+00,4.829999923706054688e+01,0.000000000000000000e+00,0.000000000000000000e+00,-1.000000000000000000e+00
-2.875668716430664062e+01,4.838709831237792969e+00,4.829999923706054688e+01,0.000000000000000000e+00,0.000000000000000000e+00,-1.000000000000000000e+00
-2.873237228393554688e+01,4.516129016876220703e+00,4.829999923706054688e+01,0.000000000000000000e+00,0.000000000000000000e+00,-1.000000000000000000e+00
-2.870805549621582031e+01,4.193548202514648438e+00,4.829999923706054688e+01,0.000000000000000000e+00,0.000000000000000000e+00,-1.000000000000000000e+00
-2.868374061584472656e+01,3.870967626571655273e+00,4.829999923706054688e+01,0.000000000000000000e+00,0.000000000000000000e+00,-1.000000000000000000e+00
-2.865942573547363281e+01,3.548387050628662109e+00,4.829999923706054688e+01,0.000000000000000000e+00,0.000000000000000000e+00,-1.000000000000000000e+00
-2.863511085510253906e+01,3.225806474685668945e+00,4.829999923706054688e+01,0.000000000000000000e+00,0.000000000000000000e+00,-1.000000000000000000e+00
-2.861079597473144531e+01,2.903225898742675781e+00,4.829999923706054688e+01,0.000000000000000000e+00,0.000000000000000000e+00,-1.000000000000000000e+00
-2.858648109436035156e+01,2.580645084381103516e+00,4.829999923706054688e+01,0.000000000000000000e+00,0.000000000000000000e+00,-1.000000000000000000e+00
-2.856216621398925781e+01,2.258064508438110352e+00,4.829999923706054688e+01,0.000000000000000000e+00,0.000000000000000000e+00,-1.000000000000000000e+00
-2.853785133361816406e+01,1.935483813285827637e+00,4.829999923706054688e+01,0.000000000000000000e+00,0.000000000000000000e+00,-1.000000000000000000e+00
-2.851353454589843750e+01,1.612903237342834473e+00,4.829999923706054688e+01,0.000000000000000000e+00,0.000000000000000000e+00,-1.000000000000000000e+00
-2.848921966552734375e+01,1.290322542190551758e+00,4.829999923706054688e+01,0.000000000000000000e+00,0.000000000000000000e+00,-1.000000000000000000e+00
-2.846490478515625000e+01,9.677419066429138184e-01,4.829999923706054688e+01,0.000000000000000000e+00,0.000000000000000000e+00,-1.000000000000000000e+00
-2.844058990478515625e+01,6.451612710952758789e-01,4.829999923706054688e+01,0.000000000000000000e+00,0.000000000000000000e+00,-1.000000000000000000e+00
-2.841627502441406250e+01,3.225806355476379395e-01,4.829999923706054688e+01,0.000000000000000000e+00,0.000000000000000000e+00,-1.000000000000000000e+00
-2.889447212219238281e+01,0.000000000000000000e+00,4.829999923706054688e+01,0.000000000000000000e+00,0.000000000000000000e+00,-1.000000000000000000e+00
-2.887015724182128906e+01,-3.225806355476379395e-01,4.829999923706054688e+01,0.000000000000000000e+00,0.000000000000000000e+00,-1.000000000000000000e+00
-2.884584236145019531e+01,-6.451612710952758789e-01,4.829999923706054688e+01,0.000000000000000000e+00,0.000000000000000000e+00,-1.000000000000000000e+00
-2.882152748107910156e+01,-9.677419066429138184e-01,4.829999923706054688e+01,0.000000000000000000e+00,0.000000000000000000e+00,-1.000000000000000000e+00
-2.879721260070800781e+01,-1.290322542190551758e+00,4.829999923706054688e+01,0.000000000000000000e+00,0.000000000000000000e+00,-1.000000000000000000e+00
-2.877289581298828125e+01,-1.612903237342834473e+00,4.829999923706054688e+01,0.000000000000000000e+00,0.000000000000000000e+00,-1.000000000000000000e+00
-2.874858093261718750e+01,-1.935483813285827637e+00,4.829999923706054688e+01,0.000000000000000000e+00,0.000000000000000000e+00,-1.000000000000000000e+00
-2.872426605224609375e+01,-2.258064508438110352e+00,4.829999923706054688e+01,0.000000000000000000e+00,0.000000000000000000e+00,-1.000000000000000000e+00
-2.869995117187500000e+01,-2.580645084381103516e+00,4.829999923706054688e+01,0.000000000000000000e+00,0.000000000000000000e+00,-1.000000000000000000e+00
-2.867563629150390625e+01,-2.903225898742675781e+00,4.829999923706054688e+01,0.000000000000000000e+00,0.000000000000000000e+00,-1.000000000000000000e+00
-2.865132141113281250e+01,-3.225806474685668945e+00,4.829999923706054688e+01,0.000000000000000000e+00,0.000000000000000000e+00,-1.000000000000000000e+00
-2.862700653076171875e+01,-3.548387050628662109e+00,4.829999923706054688e+01,0.000000000000000000e+00,0.000000000000000000e+00,-1.000000000000000000e+00
-2.860269165039062500e+01,-3.870967626571655273e+00,4.829999923706054688e+01,0.000000000000000000e+00,0.000000000000000000e+00,-1.000000000000000000e+00
-2.857837486267089844e+01,-4.193548202514648438e+00,4.829999923706054688e+01,0.000000000000000000e+00,0.000000000000000000e+00,-1.000000000000000000e+00
-2.855405998229980469e+01,-4.516129016876220703e+00,4.829999923706054688e+01,0.000000000000000000e+00,0.000000000000000000e+00,-1.000000000000000000e+00
-2.852974510192871094e+01,-4.838709831237792969e+00,4.829999923706054688e+01,0.000000000000000000e+00,0.000000000000000000e+00,-1.000000000000000000e+00
-2.850543022155761719e+01,-5.161290168762207031e+00,4.829999923706054688e+01,0.000000000000000000e+00,0.000000000000000000e+00,-1.000000000000000000e+00
-2.848111534118652344e+01,-5.483870983123779297e+00,4.829999923706054688e+01,0.000000000000000000e+00,0.000000000000000000e+00,-1.000000000000000000e+00
-2.845680046081542969e+01,-5.806451797485351562e+00,4.829999923706054688e+01,0.000000000000000000e+00,0.000000000000000000e+00,-1.000000000000000000e+00
-2.843248558044433594e+01,-6.129032135009765625e+00,4.829999923706054688e+01,0.000000000000000000e+00,0.000000000000000000e+00,-1.000000000000000000e+00
-2.840817070007324219e+01,-6.451612949371337891e+00,4.829999923706054688e+01,0.000000000000000000e+00,0.000000000000000000e+00,-1.000000000000000000e+00
-2.838385391235351562e+01,-6.774193763732910156e+00,4.829999923706054688e+01,0.000000000000000000e+00,0.000000000000000000e+00,-1.000000000000000000e+00
-2.835953903198242188e+01,-7.096774101257324219e+00,4.829999923706054688e+01,0.000000000000000000e+00,0.000000000000000000e+00,-1.000000000000000000e+00
-2.833522415161132812e+01,-7.419354915618896484e+00,4.829999923706054688e+01,0.000000000000000000e+00,0.000000000000000000e+00,-1.000000000000000000e+00
-2.831090927124023438e+01,-7.741935253143310547e+00,4.829999923706054688e+01,0.000000000000000000e+00,0.000000000000000000e+00,-1.000000000000000000e+00
-2.828659439086914062e+01,-8.064516067504882812e+00,4.829999923706054688e+01,0.000000000000000000e+00,0.000000000000000000e+00,-1.000000000000000000e+00
-2.826227951049804688e+01,-8.387096405029296875e+00,4.829999923706054688e+01,0.000000000000000000e+00,0.000000000000000000e+00,-1.000000000000000000e+00
-2.823796463012695312e+01,-8.709677696228027344e+00,4.829999923706054688e+01,0.000000000000000000e+00,0.000000000000000000e+00,-1.000000000000000000e+00
-2.821364974975585938e+01,-9.032258033752441406e+00,4.829999923706054688e+01,0.000000000000000000e+00,0.000000000000000000e+00,-1.000000000000000000e+00
-2.818933296203613281e+01,-9.354838371276855469e+00,4.829999923706054688e+01,0.000000000000000000e+00,0.000000000000000000e+00,-1.000000000000000000e+00
-2.816501808166503906e+01,-9.677419662475585938e+00,4.829999923706054688e+01,0.000000000000000000e+00,0.000000000000000000e+00,-1.000000000000000000e+00
-2.814070320129394531e+01,-1.000000000000000000e+01,4.829999923706054688e+01,0.000000000000000000e+00,0.000000000000000000e+00,-1.000000000000000000e+00
-2.814070320129394531e+01,-1.000000000000000000e+01,4.829999923706054688e+01,0.000000000000000000e+00,0.000000000000000000e+00,-1.000000000000000000e+00
-2.811638832092285156e+01,-9.677419662475585938e+00,4.829999923706054688e+01,0.000000000000000000e+00,0.000000000000000000e+00,-1.000000000000000000e+00
-2.809207344055175781e+01,-9.354838371276855469e+00,4.829999923706054688e+01,0.000000000000000000e+00,0.000000000000000000e+00,-1.000000000000000000e+00
-2.806775856018066406e+01,-9.032258033752441406e+00,4.829999923706054688e+01,0.000000000000000000e+00,0.000000000000000000e+00,-1.000000000000000000e+00
-2.804344367980957031e+01,-8.709677696228027344e+00,4.829999923706054688e+01,0.000000000000000000e+00,0.000000000000000000e+00,-1.000000000000000000e+00
-2.801912879943847656e+01,-8.387096405029296875e+00,4.829999923706054688e+01,0.000000000000000000e+00,0.000000000000000000e+00,-1.000000000000000000e+00
-2.799481201171875000e+01,-8.064516067504882812e+00,4.829999923706054688e+01,0.000000000000000000e+00,0.000000000000000000e+00,-1.000000000000000000e+00
-2.797049713134765625e+01,-7.741935253143310547e+00,4.829999923706054688e+01,0.000000000000000000e+00,0.000000000000000000e+00,-1.000000000000000000e+00
-2.794618225097656250e+01,-7.419354915618896484e+00,4.829999923706054688e+01,0.000000000000000000e+00,0.000000000000000000e+00,-1.000000000000000000e+00
-2.792186737060546875e+01,-7.096774101257324219e+00,4.829999923706054688e+01,0.000000000000000000e+00,0.000000000000000000e+00,-1.000000000000000000e+00
-2.789755249023437500e+01,-6.774193763732910156e+00,4.829999923706054688e+01,0.000000000000000000e+00,0.000000000000000000e+00,-1.000000000000000000e+00
-2.787323760986328125e+01,-6.451612949371337891e+00,4.829999923706054688e+01,0.000000000000000000e+00,0.000000000000000000e+00,-1.000000000000000000e+00
-2.784892272949218750e+01,-6.129032135009765625e+00,4.829999923706054688e+01,0.000000000000000000e+00,0.000000000000000000e+00,-1.000000000000000000e+00
-2.782460784912109375e+01,-5.806451797485351562e+00,4.829999923706054688e+01,0.000000000000000000e+00,0.000000000000000000e+00,-1.000000000000000000e+00
-2.780029106140136719e+01,-5.483870983123779297e+00,4.829999923706054688e+01,0.000000000000000000e+00,0.000000000000000000e+00,-1.000000000000000000e+00
-2.777597618103027344e+01,-5.161290168762207031e+00,4.829999923706054688e+01,0.000000000000000000e+00,0.000000000000000000e+00,-1.000000000000000000e+00
-2.775166130065917969e+01,-4.838709831237792969e+00,4.829999923706054688e+01,0.000000000000000000e+00,0.000000000000000000e+00,-1.000000000000000000e+00
-2.772734642028808594e+01,-4.516129016876220703e+00,4.829999923706054688e+01,0.000000000000000000e+00,0.000000000000000000e+00,-1.000000000000000000e+00
-2.770303153991699219e+01,-4.193548202514648438e+00,4.829999923706054688e+01,0.000000000000000000e+00,0.000000000000000000e+00,-1.000000000000000000e+00
-2.767871665954589844e+01,-3.870967626571655273e+00,4.829999923706054688e+01,0.000000000000000000e+00,0.000000000000000000e+00,-1.000000000000000000e+00
-2.765440177917480469e+01,-3.548387050628662109e+00,4.829999923706054688e+01,0.000000000000000000e+00,0.000000000000000000e+00,-1.000000000000000000e+00
-2.763008499145507812e+01,-3.225806474685668945e+00,4.829999923706054688e+01,0.000000000000000000e+00,0.000000000000000000e+00,-1.000000000000000000e+00
-2.760577011108398438e+01,-2.903225898742675781e+00,4.829999923706054688e+01,0.000000000000000000e+00,0.000000000000000000e+00,-1.000000000000000000e+00
-2.758145523071289062e+01,-2.580645084381103516e+00,4.829999923706054688e+01,0.000000000000000000e+00,0.000000000000000000e+00,-1.000000000000000000e+00
-2.755714035034179688e+01,-2.258064508438110352e+00,4.829999923706054688e+01,0.000000000000000000e+00,0.000000000000000000e+00,-1.000000000000000000e+00
-2.753282546997070312e+01,-1.935483813285827637e+00,4.829999923706054688e+01,0.000000000000000000e+00,0.000000000000000000e+00,-1.000000000000000000e+00
-2.750851058959960938e+01,-1.612903237342834473e+00,4.829999923706054688e+01,0.000000000000000000e+00,0.000000000000000000e+00,-1.000000000000000000e+00
-2.748419570922851562e+01,-1.290322542190551758e+00,4.829999923706054688e+01,0.000000000000000000e+00,0.000000000000000000e+00,-1.000000000000000000e+00
-2.745988082885742188e+01,-9.677419066429138184e-01,4.829999923706054688e+01,0.000000000000000000e+00,0.000000000000000000e+00,-1.000000000000000000e+00
-2.743556404113769531e+01,-6.451612710952758789e-01,4.829999923706054688e+01,0.000000000000000000e+00,0.000000000000000000e+00,-1.000000000000000000e+00
-2.741124916076660156e+01,-3.225806355476379395e-01,4.829999923706054688e+01,0.000000000000000000e+00,0.000000000000000000e+00,-1.000000000000000000e+00
-2.788944816589355469e+01,0.000000000000000000e+00,4.829999923706054688e+01,0.000000000000000000e+00,0.000000000000000000e+00,-1.000000000000000000e+00
-2.786513137817382812e+01,3.225806355476379395e-01,4.829999923706054688e+01,0.000000000000000000e+00,0.000000000000000000e+00,-1.000000000000000000e+00
-2.784081649780273438e+01,6.451612710952758789e-01,4.829999923706054688e+01,0.000000000000000000e+00,0.000000000000000000e+00,-1.000000000000000000e+00
-2.781650161743164062e+01,9.677419066429138184e-01,4.829999923706054688e+01,0.000000000000000000e+00,0.000000000000000000e+00,-1.000000000000000000e+00
-2.779218673706054688e+01,1.290322542190551758e+00,4.829999923706054688e+01,0.000000000000000000e+00,0.000000000000000000e+00,-1.000000000000000000e+00
-2.776787185668945312e+01,1.612903237342834473e+00,4.829999923706054688e+01,0.000000000000000000e+00,0.000000000000000000e+00,-1.000000000000000000e+00
-2.774355697631835938e+01,1.935483813285827637e+00,4.829999923706054688e+01,0.000000000000000000e+00,0.000000000000000000e+00,-1.000000000000000000e+00
-2.771924209594726562e+01,2.258064508438110352e+00,4.829999923706054688e+01,0.000000000000000000e+00,0.000000000000000000e+00,-1.000000000000000000e+00
-2.769492530822753906e+01,2.580645084381103516e+00,4.829999923706054688e+01,0.000000000000000000e+00,0.000000000000000000e+00,-1.000000000000000000e+00
-2.767061042785644531e+01,2.903225898742675781e+00,4.829999923706054688e+01,0.000000000000000000e+00,0.000000000000000000e+00,-1.000000000000000000e+00
-2.764629554748535156e+01,3.225806474685668945e+00,4.829999923706054688e+01,0.000000000000000000e+00,0.000000000000000000e+00,-1.000000000000000000e+00
-2.762198066711425781e+01,3.548387050628662109e+00,4.829999923706054688e+01,0.000000000000000000e+00,0.000000000000000000e+00,-1.000000000000000000e+00
-2.759766578674316406e+01,3.870967626571655273e+00,4.829999923706054688e+01,0.000000000000000000e+00,0.000000000000000000e+00,-1.000000000000000000e+00
-2.757335090637207031e+01,4.193548202514648438e+00,4.829999923706054688e+01,0.000000000000000000e+00,0.000000000000000000e+00,-1.000000000000000000e+00
-2.754903602600097656e+01,4.516129016876220703e+00,4.829999923706054688e+01,0.000000000000000000e+00,0.000000000000000000e+00,-1.000000000000000000e+00
-2.752472114562988281e+01,4.838709831237792969e+00,4.829999923706054688e+01,0.000000000000000000e+00,0.000000000000000000e+00,-1.000000000000000000e+00
-2.750040435791015625e+01,5.161290168762207031e+00,4.829999923706054688e+01,0.000000000000000000e+00,0.000000000000000000e+00,-1.000000000000000000e+00
-2.747608947753906250e+01,5.483870983123779297e+00,4.829999923706054688e+01,0.000000000000000000e+00,0.000000000000000000e+00,-1.000000000000000000e+00
-2.745177459716796875e+01,5.806451797485351562e+00,4.829999923706054688e+01,0.000000000000000000e+00,0.000000000000000000e+00,-1.000000000000000000e+00
-2.742745971679687500e+01,6.129032135009765625e+00,4.829999923706054688e+01,0.000000000000000000e+00,0.000000000000000000e+00,-1.000000000000000000e+00
-2.740314483642578125e+01,6.451612949371337891e+00,4.829999923706054688e+01,0.000000000000000000e+00,0.000000000000000000e+00,-1.000000000000000000e+00
-2.737882995605468750e+01,6.774193763732910156e+00,4.829999923706054688e+01,0.000000000000000000e+00,0.000000000000000000e+00,-1.000000000000000000e+00
-2.735451507568359375e+01,7.096774101257324219e+00,4.829999923706054688e+01,0.000000000000000000e+00,0.000000000000000000e+00,-1.000000000000000000e+00
-2.733020019531250000e+01,7.419354915618896484e+00,4.829999923706054688e+01,0.000000000000000000e+00,0.000000000000000000e+00,-1.000000000000000000e+00
-2.730588340759277344e+01,7.741935253143310547e+00,4.829999923706054688e+01,0.000000000000000000e+00,0.000000000000000000e+00,-1.000000000000000000e+00
-2.728156852722167969e+01,8.064516067504882812e+00,4.829999923706054688e+01,0.000000000000000000e+00,0.000000000000000000e+00,-1.000000000000000000e+00
-2.725725364685058594e+01,8.387096405029296875e+00,4.829999923706054688e+01,0.000000000000000000e+00,0.000000000000000000e+00,-1.000000000000000000e+00
-2.723293876647949219e+01,8.709677696228027344e+00,4.829999923706054688e+01,0.000000000000000000e+00,0.000000000000000000e+00,-1.000000000000000000e+00
-2.720862388610839844e+01,9.032258033752441406e+00,4.829999923706054688e+01,0.000000000000000000e+00,0.000000000000000000e+00,-1.000000000000000000e+00
-2.718430900573730469e+01,9.354838371276855469e+00,4.829999923706054688e+01,0.000000000000000000e+00,0.000000000000000000e+00,-1.000000000000000000e+00
-2.715999412536621094e+01,9.677419662475585938e+00,4.829999923706054688e+01,0.000000000000000000e+00,0.000000000000000000e+00,-1.000000000000000000e+00
-2.713567924499511719e+01,1.000000000000000000e+01,4.829999923706054688e+01,0.000000000000000000e+00,0.000000000000000000e+00,-1.000000000000000000e+00
-2.713567924499511719e+01,1.000000000000000000e+01,4.829999923706054688e+01,0.000000000000000000e+00,0.000000000000000000e+00,-1.000000000000000000e+00
-2.711136245727539062e+01,9.677419662475585938e+00,4.829999923706054688e+01,0.000000000000000000e+00,0.000000000000000000e+00,-1.000000000000000000e+00
-2.708704757690429688e+01,9.354838371276855469e+00,4.829999923706054688e+01,0.000000000000000000e+00,0.000000000000000000e+00,-1.000000000000000000e+00
-2.706273269653320312e+01,9.032258033752441406e+00,4.829999923706054688e+01,0.000000000000000000e+00,0.000000000000000000e+00,-1.000000000000000000e+00
-2.703841781616210938e+01,8.709677696228027344e+00,4.829999923706054688e+01,0.000000000000000000e+00,0.000000000000000000e+00,-1.000000000000000000e+00
-2.701410293579101562e+01,8.387096405029296875e+00,4.829999923706054688e+01,0.000000000000000000e+00,0.000000000000000000e+00,-1.000000000000000000e+00
-2.698978805541992188e+01,8.064516067504882812e+00,4.829999923706054688e+01,0.000000000000000000e+00,0.000000000000000000e+00,-1.000000000000000000e+00
-2.696547317504882812e+01,7.741935253143310547e+00,4.829999923706054688e+01,0.000000000000000000e+00,0.000000000000000000e+00,-1.000000000000000000e+00
-2.694115829467773438e+01,7.419354915618896484e+00,4.829999923706054688e+01,0.000000000000000000e+00,0.000000000000000000e+00,-1.000000000000000000e+00
-2.691684150695800781e+01,7.096774101257324219e+00,4.829999923706054688e+01,0.000000000000000000e+00,0.000000000000000000e+00,-1.000000000000000000e+00
-2.689252662658691406e+01,6.774193763732910156e+00,4.829999923706054688e+01,0.000000000000000000e+00,0.000000000000000000e+00,-1.000000000000000000e+00
-2.686821174621582031e+01,6.451612949371337891e+00,4.829999923706054688e+01,0.000000000000000000e+00,0.000000000000000000e+00,-1.000000000000000000e+00
-2.684389686584472656e+01,6.129032135009765625e+00,4.829999923706054688e+01,0.000000000000000000e+00,0.000000000000000000e+00,-1.000000000000000000e+00
-2.681958198547363281e+01,5.806451797485351562e+00,4.829999923706054688e+01,0.000000000000000000e+00,0.000000000000000000e+00,-1.000000000000000000e+00
-2.679526710510253906e+01,5.483870983123779297e+00,4.829999923706054688e+01,0.000000000000000000e+00,0.000000000000000000e+00,-1.000000000000000000e+00
-2.677095222473144531e+01,5.161290168762207031e+00,4.829999923706054688e+01,0.000000000000000000e+00,0.000000000000000000e+00,-1.000000000000000000e+00
-2.674663734436035156e+01,4.838709831237792969e+00,4.829999923706054688e+01,0.000000000000000000e+00,0.000000000000000000e+00,-1.000000000000000000e+00
-2.672232055664062500e+01,4.516129016876220703e+00,4.829999923706054688e+01,0.000000000000000000e+00,0.000000000000000000e+00,-1.000000000000000000e+00
-2.669800567626953125e+01,4.193548202514648438e+00,4.829999923706054688e+01,0.000000000000000000e+00,0.000000000000000000e+00,-1.000000000000000000e+00
-2.667369079589843750e+01,3.870967626571655273e+00,4.829999923706054688e+01,0.000000000000000000e+00,0.000000000000000000e+00,-1.000000000000000000e+00
-2.664937591552734375e+01,3.548387050628662109e+00,4.829999923706054688e+01,0.000000000000000000e+00,0.000000000000000000e+00,-1.000000000000000000e+00
-2.662506103515625000e+01,3.225806474685668945e+00,4.829999923706054688e+01,0.000000000000000000e+00,0.000000000000000000e+00,-1.000000000000000000e+00
-2.660074615478515625e+01,2.903225898742675781e+00,4.829999923706054688e+01,0.000000000000000000e+00,0.000000000000000000e+00,-1.000000000000000000e+00
-2.657643127441406250e+01,2.580645084381103516e+00,4.829999923706054688e+01,0.000000000000000000e+00,0.000000000000000000e+00,-1.000000000000000000e+00
-2.655211448669433594e+01,2.258064508438110352e+00,4.829999923706054688e+01,0.000000000000000000e+00,0.000000000000000000e+00,-1.000000000000000000e+00
-2.652779960632324219e+01,1.935483813285827637e+00,4.829999923706054688e+01,0.000000000000000000e+00,0.000000000000000000e+00,-1.000000000000000000e+00
-2.650348472595214844e+01,1.612903237342834473e+00,4.829999923706054688e+01,0.000000000000000000e+00,0.000000000000000000e+00,-1.000000000000000000e+00
-2.647916984558105469e+01,1.290322542190551758e+00,4.829999923706054688e+01,0.000000000000000000e+00,0.000000000000000000e+00,-1.000000000000000000e+00
-2.645485496520996094e+01,9.677419066429138184e-01,4.829999923706054688e+01,0.000000000000000000e+00,0.000000000000000000e+00,-1.000000000000000000e+00
-2.643054008483886719e+01,6.451612710952758789e-01,4.829999923706054688e+01,0.000000000000000000e+00,0.000000000000000000e+00,-1.000000000000000000e+00
-2.640622520446777344e+01,3.225806355476379395e-01,4.829999923706054688e+01,0.000000000000000000e+00,0.000000000000000000e+00,-1.000000000000000000e+00
-2.688442230224609375e+01,0.000000000000000000e+00,4.829999923706054688e+01,0.000000000000000000e+00,0.000000000000000000e+00,-1.000000000000000000e+00
-2.686010742187500000e+01,-3.225806355476379395e-01,4.829999923706054688e+01,0.000000000000000000e+00,0.000000000000000000e+00,-1.000000000000000000e+00
-2.683579254150390625e+01,-6.451612710952758789e-01,4.829999923706054688e+01,0.000000000000000000e+00,0.000000000000000000e+00,-1.000000000000000000e+00
-2.681147766113281250e+01,-9.677419066429138184e-01,4.829999923706054688e+01,0.000000000000000000e+00,0.000000000000000000e+00,-1.000000000000000000e+00
-2.678716087341308594e+01,-1.290322542190551758e+00,4.829999923706054688e+01,0.000000000000000000e+00,0.000000000000000000e+00,-1.000000000000000000e+00
-2.676284599304199219e+01,-1.612903237342834473e+00,4.829999923706054688e+01,0.000000000000000000e+00,0.000000000000000000e+00,-1.000000000000000000e+00
-2.673853111267089844e+01,-1.935483813285827637e+00,4.829999923706054688e+01,0.000000000000000000e+00,0.000000000000000000e+00,-1.000000000000000000e+00
-2.671421623229980469e+01,-2.258064508438110352e+00,4.829999923706054688e+01,0.000000000000000000e+00,0.000000000000000000e+00,-1.000000000000000000e+00
-2.668990135192871094e+01,-2.580645084381103516e+00,4.829999923706054688e+01,0.000000000000000000e+00,0.000000000000000000e+00,-1.000000000000000000e+00
-2.666558647155761719e+01,-2.903225898742675781e+00,4.829999923706054688e+01,0.000000000000000000e+00,0.000000000000000000e+00,-1.000000000000000000e+00
-2.664127159118652344e+01,-3.225806474685668945e+00,4.829999923706054688e+01,0.000000000000000000e+00,0.000000000000000000e+00,-1.000000000000000000e+00
-2.661695480346679688e+01,-3.548387050628662109e+00,4.829999923706054688e+01,0.000000000000000000e+00,0.000000000000000000e+00,-1.000000000000000000e+00
-2.659263992309570312e+01,-3.870967626571655273e+00,4.829999923706054688e+01,0.000000000000000000e+00,0.000000000000000000e+00,-1.000000000000000000e+00
-2.656832504272460938e+01,-4.193548202514648438e+00,4.829999923706054688e+01,0.000000000000000000e+00,0.000000000000000000e+00,-1.000000000000000000e+00
-2.654401016235351562e+01,-4.516129016876220703e+00,4.829999923706054688e+01,0.000000000000000000e+00,0.000000000000000000e+00,-1.000000000000000000e+00
-2.651969528198242188e+01,-4.838709831237792969e+00,4.829999923706054688e+01,0.000000000000000000e+00,0.000000000000000000e+00,-1.000000000000000000e+00
-2.649538040161132812e+01,-5.161290168762207031e+00,4.829999923706054688e+01,0.000000000000000000e+00,0.000000000000000000e+00,-1.000000000000000000e+00
-2.647106552124023438e+01,-5.483870983123779297e+00,4.829999923706054688e+01,0.000000000000000000e+00,0.000000000000000000e+00,-1.000000000000000000e+00
-2.644675064086914062e+01,-5.806451797485351562e+00,4.829999923706054688e+01,0.000000000000000000e+00,0.000000000000000000e+00,-1.000000000000000000e+00
-2.642243385314941406e+01,-6.129032135009765625e+00,4.829999923706054688e+01,0.000000000000000000e+00,0.000000000000000000e+00,-1.000000000000000000e+00
-2.639811897277832031e+01,-6.451612949371337891e+00,4.829999923706054688e+01,0.000000000000000000e+00,0.000000000000000000e+00,-1.000000000000000000e+00
-2.637380409240722656e+01,-6.774193763732910156e+00,4.829999923706054688e+01,0.000000000000000000e+00,0.000000000000000000e+00,-1.000000000000000000e+00
-2.634948921203613281e+01,-7.096774101257324219e+00,4.829999923706054688e+01,0.000000000000000000e+00,0.000000000000000000e+00,-1.000000000000000000e+00
-2.632517433166503906e+01,-7.419354915618896484e+00,4.829999923706054688e+01,0.000000000000000000e+00,0.000000000000000000e+00,-1.000000000000000000e+00
-2.630085945129394531e+01,-7.741935253143310547e+00,4.829999923706054688e+01,0.000000000000000000e+00,0.000000000000000000e+00,-1.000000000000000000e+00
-2.627654457092285156e+01,-8.064516067504882812e+00,4.829999923706054688e+01,0.000000000000000000e+00,0.000000000000000000e+00,-1.000000000000000000e+00
-2.625222969055175781e+01,-8.387096405029296875e+00,4.829999923706054688e+01,0.000000000000000000e+00,0.000000000000000000e+00,-1.000000000000000000e+00
-2.622791290283203125e+01,-8.709677696228027344e+00,4.829999923706054688e+01,0.000000000000000000e+00,0.000000000000000000e+00,-1.000000000000000000e+00
-2.620359802246093750e+01,-9.032258033752441406e+00,4.829999923706054688e+01,0.000000000000000000e+00,0.000000000000000000e+00,-1.000000000000000000e+00
-2.617928314208984375e+01,-9.354838371276855469e+00,4.829999923706054688e+01,0.000000000000000000e+00,0.000000000000000000e+00,-1.000000000000000000e+00
-2.615496826171875000e+01,-9.677419662475585938e+00,4.829999923706054688e+01,0.000000000000000000e+00,0.000000000000000000e+00,-1.000000000000000000e+00
-2.613065338134765625e+01,-1.000000000000000000e+01,4.829999923706054688e+01,0.000000000000000000e+00,0.000000000000000000e+00,-1.000000000000000000e+00
-2.613065338134765625e+01,-1.000000000000000000e+01,4.829999923706054688e+01,0.000000000000000000e+00,0.000000000000000000e+00,-1.000000000000000000e+00
-2.610633850097656250e+01,-9.677419662475585938e+00,4.829999923706054688e+01,0.000000000000000000e+00,0.000000000000000000e+00,-1.000000000000000000e+00
-2.608202362060546875e+01,-9.354838371276855469e+00,4.829999923706054688e+01,0.000000000000000000e+00,0.000000000000000000e+00,-1.000000000000000000e+00
-2.605770874023437500e+01,-9.032258033752441406e+00,4.829999923706054688e+01,0.000000000000000000e+00,0.000000000000000000e+00,-1.000000000000000000e+00
-2.603339195251464844e+01,-8.709677696228027344e+00,4.829999923706054688e+01,0.000000000000000000e+00,0.000000000000000000e+00,-1.000000000000000000e+00
-2.600907707214355469e+01,-8.387096405029296875e+00,4.829999923706054688e+01,0.000000000000000000e+00,0.000000000000000000e+00,-1.000000000000000000e+00
-2.598476219177246094e+01,-8.064516067504882812e+00,4.829999923706054688e+01,0.000000000000000000e+00,0.000000000000000000e+00,-1.000000000000000000e+00
-2.596044731140136719e+01,-7.741935253143310547e+00,4.829999923706054688e+01,0.000000000000000000e+00,0.000000000000000000e+00,-1.000000000000000000e+00
-2.593613243103027344e+01,-7.419354915618896484e+00,4.829999923706054688e+01,0.000000000000000000e+00,0.000000000000000000e+00,-1.000000000000000000e+00
-2.591181755065917969e+01,-7.096774101257324219e+00,4.829999923706054688e+01,0.000000000000000000e+00,0.000000000000000000e+00,-1.000000000000000000e+00
-2.588750267028808594e+01,-6.774193763732910156e+00,4.829999923706054688e+01,0.000000000000000000e+00,0.000000000000000000e+00,-1.000000000000000000e+00
-2.586318778991699219e+01,-6.451612949371337891e+00,4.829999923706054688e+01,0.000000000000000000e+00,0.000000000000000000e+00,-1.000000000000000000e+00
-2.583887100219726562e+01,-6.129032135009765625e+00,4.829999923706054688e+01,0.000000000000000000e+00,0.000000000000000000e+00,-1.000000000000000000e+00
-2.581455612182617188e+01,-5.806451797485351562e+00,4.829999923706054688e+01,0.000000000000000000e+00,0.000000000000000000e+00,-1.000000000000000000e+00
-2.579024124145507812e+01,-5.483870983123779297e+00,4.829999923706054688e+01,0.000000000000000000e+00,0.000000000000000000e+00,-1.000000000000000000e+00
-2.576592636108398438e+01,-5.161290168762207031e+00,4.829999923706054688e+01,0.000000000000000000e+00,0.000000000000000000e+00,-1.000000000000000000e+00
-2.574161148071289062e+01,-4.838709831237792969e+00,4.829999923706054688e+01,0.000000000000000000e+00,0.000000000000000000e+00,-1.000000000000000000e+00
-2.571729660034179688e+01,-4.516129016876220703e+00,4.829999923706054688e+01,0.000000000000000000e+00,0.000000000000000000e+00,-1.000000000000000000e+00
-2.569298171997070312e+01,-4.193548202514648438e+00,4.829999923706054688e+01,0.000000000000000000e+00,0.000000000000000000e+00,-1.000000000000000000e+00
-2.566866683959960938e+01,-3.870967626571655273e+00,4.829999923706054688e+01,0.000000000000000000e+00,0.000000000000000000e+00,-1.000000000000000000e+00
-2.564435005187988281e+01,-3.548387050628662109e+00,4.829999923706054688e+01,0.000000000000000000e+00,0.000000000000000000e+00,-1.000000000000000000e+00
-2.562003517150878906e+01,-3.225806474685668945e+00,4.829999923706054688e+01,0.000000000000000000e+00,0.000000000000000000e+00,-1.000000000000000000e+00
-2.559572029113769531e+01,-2.903225898742675781e+00,4.829999923706054688e+01,0.000000000000000000e+00,0.000000000000000000e+00,-1.000000000000000000e+00
-2.557140541076660156e+01,-2.580645084381103516e+00,4.829999923706054688e+01,0.000000000000000000e+00,0.000000000000000000e+00,-1.000000000000000000e+00
-2.554709053039550781e+01,-2.258064508438110352e+00,4.829999923706054688e+01,0.000000000000000000e+00,0.000000000000000000e+00,-1.000000000000000000e+00
-2.552277565002441406e+01,-1.935483813285827637e+00,4.829999923706054688e+01,0.000000000000000000e+00,0.000000000000000000e+00,-1.000000000000000000e+00
-2.549846076965332031e+01,-1.612903237342834473e+00,4.829999923706054688e+01,0.000000000000000000e+00,0.000000000000000000e+00,-1.000000000000000000e+00
-2.547414398193359375e+01,-1.290322542190551758e+00,4.829999923706054688e+01,0.000000000000000000e+00,0.000000000000000000e+00,-1.000000000000000000e+00
-2.544982910156250000e+01,-9.677419066429138184e-01,4.829999923706054688e+01,0.000000000000000000e+00,0.000000000000000000e+00,-1.000000000000000000e+00
-2.542551422119140625e+01,-6.451612710952758789e-01,4.829999923706054688e+01,0.000000000000000000e+00,0.000000000000000000e+00,-1.000000000000000000e+00
-2.540119934082031250e+01,-3.225806355476379395e-01,4.829999923706054688e+01,0.000000000000000000e+00,0.000000000000000000e+00,-1.000000000000000000e+00
-2.587939643859863281e+01,0.000000000000000000e+00,4.829999923706054688e+01,0.000000000000000000e+00,0.000000000000000000e+00,-1.000000000000000000e+00
-2.585508155822753906e+01,3.225806355476379395e-01,4.829999923706054688e+01,0.000000000000000000e+00,0.000000000000000000e+00,-1.000000000000000000e+00
-2.583076667785644531e+01,6.451612710952758789e-01,4.829999923706054688e+01,0.000000000000000000e+00,0.000000000000000000e+00,-1.000000000000000000e+00
-2.580645179748535156e+01,9.677419066429138184e-01,4.829999923706054688e+01,0.000000000000000000e+00,0.000000000000000000e+00,-1.000000000000000000e+00
-2.578213691711425781e+01,1.290322542190551758e+00,4.829999923706054688e+01,0.000000000000000000e+00,0.000000000000000000e+00,-1.000000000000000000e+00
-2.575782203674316406e+01,1.612903237342834473e+00,4.829999923706054688e+01,0.000000000000000000e+00,0.000000000000000000e+00,-1.000000000000000000e+00
-2.573350715637207031e+01,1.935483813285827637e+00,4.829999923706054688e+01,0.000000000000000000e+00,0.000000000000000000e+00,-1.000000000000000000e+00
-2.570919036865234375e+01,2.258064508438110352e+00,4.829999923706054688e+01,0.000000000000000000e+00,0.000000000000000000e+00,-1.000000000000000000e+00
-2.568487548828125000e+01,2.580645084381103516e+00,4.829999923706054688e+01,0.000000000000000000e+00,0.000000000000000000e+00,-1.000000000000000000e+00
-2.566056060791015625e+01,2.903225898742675781e+00,4.829999923706054688e+01,0.000000000000000000e+00,0.000000000000000000e+00,-1.000000000000000000e+00
-2.563624572753906250e+01,3.225806474685668945e+00,4.829999923706054688e+01,0.000000000000000000e+00,0.000000000000000000e+00,-1.000000000000000000e+00
-2.561193084716796875e+01,3.548387050628662109e+00,4.829999923706054688e+01,0.000000000000000000e+00,0.000000000000000000e+00,-1.000000000000000000e+00
-2.558761596679687500e+01,3.870967626571655273e+00,4.829999923706054688e+01,0.000000000000000000e+00,0.000000000000000000e+00,-1.000000000000000000e+00
-2.556330108642578125e+01,4.193548202514648438e+00,4.829999923706054688e+01,0.000000000000000000e+00,0.000000000000000000e+00,-1.000000000000000000e+00
-2.553898429870605469e+01,4.516129016876220703e+00,4.829999923706054688e+01,0.000000000000000000e+00,0.000000000000000000e+00,-1.000000000000000000e+00
-2.551466941833496094e+01,4.838709831237792969e+00,4.829999923706054688e+01,0.000000000000000000e+00,0.000000000000000000e+00,-1.000000000000000000e+00
-2.549035453796386719e+01,5.161290168762207031e+00,4.829999923706054688e+01,0.000000000000000000e+00,0.000000000000000000e+00,-1.000000000000000000e+00
-2.546603965759277344e+01,5.483870983123779297e+00,4.829999923706054688e+01,0.000000000000000000e+00,0.000000000000000000e+00,-1.000000000000000000e+00
-2.544172477722167969e+01,5.806451797485351562e+00,4.829999923706054688e+01,0.000000000000000000e+00,0.000000000000000000e+00,-1.000000000000000000e+00
-2.541740989685058594e+01,6.129032135009765625e+00,4.829999923706054688e+01,0.000000000000000000e+00,0.000000000000000000e+00,-1.000000000000000000e+00
-2.539309501647949219e+01,6.451612949371337891e+00,4.829999923706054688e+01,0.000000000000000000e+00,0.000000000000000000e+00,-1.000000000000000000e+00
-2.536878013610839844e+01,6.774193763732910156e+00,4.829999923706054688e+01,0.000000000000000000e+00,0.000000000000000000e+00,-1.000000000000000000e+00
-2.534446334838867188e+01,7.096774101257324219e+00,4.829999923706054688e+01,0.000000000000000000e+00,0.000000000000000000e+00,-1.000000000000000000e+00
-2.532014846801757812e+01,7.419354915618896484e+00,4.829999923706054688e+01,0.000000000000000000e+00,0.000000000000000000e+00,-1.000000000000000000e+00
-2.529583358764648438e+01,7.741935253143310547e+00,4.829999923706054688e+01,0.000000000000000000e+00,0.000000000000000000e+00,-1.000000000000000000e+00
-2.527151870727539062e+01,8.064516067504882812e+00,4.829999923706054688e+01,0.000000000000000000e+00,0.000000000000000000e+00,-1.000000000000000000e+00
-2.524720382690429688e+01,8.387096405029296875e+00,4.829999923706054688e+01,0.000000000000000000e+00,0.000000000000000000e+00,-1.000000000000000000e+00
-2.522288894653320312e+01,8.709677696228027344e+00,4.829999923706054688e+01,0.000000000000000000e+00,0.000000000000000000e+00,-1.000000000000000000e+00
-2.519857406616210938e+01,9.032258033752441406e+00,4.829999923706054688e+01,0.000000000000000000e+00,0.000000000000000000e+00,-1.000000000000000000e+00
-2.517425918579101562e+01,9.354838371276855469e+00,4.829999923706054688e+01,0.000000000000000000e+00,0.000000000000000000e+00,-1.000000000000000000e+00
-2.514994239807128906e+01,9.677419662475585938e+00,4.829999923706054688e+01,0.000000000000000000e+00,0.000000000000000000e+00,-1.000000000000000000e+00
-2.512562751770019531e+01,1.000000000000000000e+01,4.829999923706054688e+01,0.000000000000000000e+00,0.000000000000000000e+00,-1.000000000000000000e+00
-2.512562751770019531e+01,1.000000000000000000e+01,4.829999923706054688e+01,0.000000000000000000e+00,0.000000000000000000e+00,-1.000000000000000000e+00
-2.510131263732910156e+01,9.677419662475585938e+00,4.829999923706054688e+01,0.000000000000000000e+00,0.000000000000000000e+00,-1.000000000000000000e+00
-2.507699775695800781e+01,9.354838371276855469e+00,4.829999923706054688e+01,0.000000000000000000e+00,0.000000000000000000e+00,-1.000000000000000000e+00
-2.505268287658691406e+01,9.032258033752441406e+00,4.829999923706054688e+01,0.000000000000000000e+00,0.000000000000000000e+00,-1.000000000000000000e+00
-2.502836799621582031e+01,8.709677696228027344e+00,4.829999923706054688e+01,0.000000000000000000e+00,0.000000000000000000e+00,-1.000000000000000000e+00
-2.500405311584472656e+01,8.387096405029296875e+00,4.829999923706054688e+01,0.000000000000000000e+00,0.000000000000000000e+00,-1.000000000000000000e+00
-2.497973823547363281e+01,8.064516067504882812e+00,4.829999923706054688e+01,0.000000000000000000e+00,0.000000000000000000e+00,-1.000000000000000000e+00
-2.495542144775390625e+01,7.741935253143310547e+00,4.829999923706054688e+01,0.000000000000000000e+00,0.000000000000000000e+00,-1.000000000000000000e+00
-2.493110656738281250e+01,7.419354915618896484e+00,4.829999923706054688e+01,0.000000000000000000e+00,0.000000000000000000e+00,-1.000000000000000000e+00
-2.490679168701171875e+01,7.096774101257324219e+00,4.829999923706054688e+01,0.000000000000000000e+00,0.000000000000000000e+00,-1.000000000000000000e+00
-2.488247680664062500e+01,6.774193763732910156e+00,4.829999923706054688e+01,0.000000000000000000e+00,0.000000000000000000e+00,-1.000000000000000000e+00
-2.485816192626953125e+01,6.451612949371337891e+00,4.829999923706054688e+01,0.000000000000000000e+00,0.000000000000000000e+00,-1.000000000000000000e+00
-2.483384704589843750e+01,6.129032135009765625e+00,4.829999923706054688e+01,0.000000000000000000e+00,0.000000000000000000e+00,-1.000000000000000000e+00
-2.480953216552734375e+01,5.806451797485351562e+00,4.829999923706054688e+01,0.000000000000000000e+00,0.000000000000000000e+00,-1.000000000000000000e+00
-2.478521728515625000e+01,5.483870983123779297e+00,4.829999923706054688e+01,0.000000000000000000e+00,0.000000000000000000e+00,-1.000000000000000000e+00
-2.476090049743652344e+01,5.161290168762207031e+00,4.829999923706054688e+01,0.000000000000000000e+00,0.000000000000000000e+00,-1.000000000000000000e+00
-2.473658561706542969e+01,4.838709831237792969e+00,4.829999923706054688e+01,0.000000000000000000e+00,0.000000000000000000e+00,-1.000000000000000000e+00
-2.471227073669433594e+01,4.516129016876220703e+00,4.829999923706054688e+01,0.000000000000000000e+00,0.000000000000000000e+00,-1.000000000000000000e+00
-2.468795585632324219e+01,4.193548202514648438e+00,4.829999923706054688e+01,0.000000000000000000e+00,0.000000000000000000e+00,-1.000000000000000000e+00
-2.466364097595214844e+01,3.870967626571655273e+00,4.829999923706054688e+01,0.000000000000000000e+00,0.000000000000000000e+00,-1.000000000000000000e+00
-2.463932609558105469e+01,3.548387050628662109e+00,4.829999923706054688e+01,0.000000000000000000e+00,0.000000000000000000e+00,-1.000000000000000000e+00
-2.461501121520996094e+01,3.225806474685668945e+00,4.829999923706054688e+01,0.000000000000000000e+00,0.000000000000000000e+00,-1.000000000000000000e+00
-2.459069633483886719e+01,2.903225898742675781e+00,4.829999923706054688e+01,0.000000000000000000e+00,0.000000000000000000e+00,-1.000000000000000000e+00
-2.456637954711914062e+01,2.580645084381103516e+00,4.829999923706054688e+01,0.000000000000000000e+00,0.000000000000000000e+00,-1.000000000000000000e+00
-2.454206466674804688e+01,2.258064508438110352e+00,4.829999923706054688e+01,0.000000000000000000e+00,0.000000000000000000e+00,-1.000000000000000000e+00
-2.451774978637695312e+01,1.935483813285827637e+00,4.829999923706054688e+01,0.000000000000000000e+00,0.000000000000000000e+00,-1.000000000000000000e+00
-2.449343490600585938e+01,1.612903237342834473e+00,4.829999923706054688e+01,0.000000000000000000e+00,0.000000000000000000e+00,-1.000000000000000000e+00
-2.446912002563476562e+01,1.290322542190551758e+00,4.829999923706054688e+01,0.000000000000000000e+00,0.000000000000000000e+00,-1.000000000000000000e+00
-2.444480514526367188e+01,9.677419066429138184e-01,4.829999923706054688e+01,0.000000000000000000e+00,0.000000000000000000e+00,-1.000000000000000000e+00
-2.442049026489257812e+01,6.451612710952758789e-01,4.829999923706054688e+01,0.000000000000000000e+00,0.000000000000000000e+00,-1.000000000000000000e+00
-2.439617347717285156e+01,3.225806355476379395e-01,4.829999923706054688e+01,0.000000000000000000e+00,0.000000000000000000e+00,-1.000000000000000000e+00
-2.487437248229980469e+01,0.000000000000000000e+00,4.829999923706054688e+01,0.000000000000000000e+00,0.000000000000000000e+00,-1.000000000000000000e+00
-2.485005760192871094e+01,-3.225806355476379395e-01,4.829999923706054688e+01,0.000000000000000000e+00,0.000000000000000000e+00,-1.000000000000000000e+00
-2.482574081420898438e+01,-6.451612710952758789e-01,4.829999923706054688e+01,0.000000000000000000e+00,0.000000000000000000e+00,-1.000000000000000000e+00
-2.480142593383789062e+01,-9.677419066429138184e-01,4.829999923706054688e+01,0.000000000000000000e+00,0.000000000000000000e+00,-1.000000000000000000e+00
-2.477711105346679688e+01,-1.290322542190551758e+00,4.829999923706054688e+01,0.000000000000000000e+00,0.000000000000000000e+00,-1.000000000000000000e+00
-2.475279617309570312e+01,-1.612903237342834473e+00,4.829999923706054688e+01,0.000000000000000000e+00,0.000000000000000000e+00,-1.000000000000000000e+00
-2.472848129272460938e+01,-1.935483813285827637e+00,4.829999923706054688e+01,0.000000000000000000e+00,0.000000000000000000e+00,-1.000000000000000000e+00
-2.470416641235351562e+01,-2.258064508438110352e+00,4.829999923706054688e+01,0.000000000000000000e+00,0.000000000000000000e+00,-1.000000000000000000e+00
-2.467985153198242188e+01,-2.580645084381103516e+00,4.829999923706054688e+01,0.000000000000000000e+00,0.000000000000000000e+00,-1.000000000000000000e+00
-2.465553665161132812e+01,-2.903225898742675781e+00,4.829999923706054688e+01,0.000000000000000000e+00,0.000000000000000000e+00,-1.000000000000000000e+00
-2.463121986389160156e+01,-3.225806474685668945e+00,4.829999923706054688e+01,0.000000000000000000e+00,0.000000000000000000e+00,-1.000000000000000000e+00
-2.460690498352050781e+01,-3.548387050628662109e+00,4.829999923706054688e+01,0.000000000000000000e+00,0.000000000000000000e+00,-1.000000000000000000e+00
-2.458259010314941406e+01,-3.870967626571655273e+00,4.829999923706054688e+01,0.000000000000000000e+00,0.000000000000000000e+00,-1.000000000000000000e+00
-2.455827522277832031e+01,-4.193548202514648438e+00,4.829999923706054688e+01,0.000000000000000000e+00,0.000000000000000000e+00,-1.000000000000000000e+00
-2.453396034240722656e+01,-4.516129016876220703e+00,4.829999923706054688e+01,0.000000000000000000e+00,0.000000000000000000e+00,-1.000000000000000000e+00
-2.450964546203613281e+01,-4.838709831237792969e+00,4.829999923706054688e+01,0.000000000000000000e+00,0.000000000000000000e+00,-1.000000000000000000e+00
-2.448533058166503906e+01,-5.161290168762207031e+00,4.829999923706054688e+01,0.000000000000000000e+00,0.000000000000000000e+00,-1.000000000000000000e+00
-2.446101570129394531e+01,-5.483870983123779297e+00,4.829999923706054688e+01,0.000000000000000000e+00,0.000000000000000000e+00,-1.000000000000000000e+00
-2.443669891357421875e+01,-5.806451797485351562e+00,4.829999923706054688e+01,0.000000000000000000e+00,0.000000000000000000e+00,-1.000000000000000000e+00
-2.441238403320312500e+01,-6.129032135009765625e+00,4.829999923706054688e+01,0.000000000000000000e+00,0.000000000000000000e+00,-1.000000000000000000e+00
-2.438806915283203125e+01,-6.451612949371337891e+00,4.829999923706054688e+01,0.000000000000000000e+00,0.000000000000000000e+00,-1.000000000000000000e+00
-2.436375427246093750e+01,-6.774193763732910156e+00,4.829999923706054688e+01,0.000000000000000000e+00,0.000000000000000000e+00,-1.000000000000000000e+00
-2.433943939208984375e+01,-7.096774101257324219e+00,4.829999923706054688e+01,0.000000000000000000e+00,0.000000000000000000e+00,-1.000000000000000000e+00
-2.431512451171875000e+01,-7.419354915618896484e+00,4.829999923706054688e+01,0.000000000000000000e+00,0.000000000000000000e+00,-1.000000000000000000e+00
-2.429080963134765625e+01,-7.741935253143310547e+00,4.829999923706054688e+01,0.000000000000000000e+00,0.000000000000000000e+00,-1.000000000000000000e+00
-2.426649284362792969e+01,-8.064516067504882812e+00,4.829999923706054688e+01,0.000000000000000000e+00,0.000000000000000000e+00,-1.000000000000000000e+00
-2.424217796325683594e+01,-8.387096405029296875e+00,4.829999923706054688e+01,0.000000000000000000e+00,0.000000000000000000e+00,-1.000000000000000000e+00
-2.421786308288574219e+01,-8.709677696228027344e+00,4.829999923706054688e+01,0.000000000000000000e+00,0.000000000000000000e+00,-1.000000000000000000e+00
-2.419354820251464844e+01,-9.032258033752441406e+00,4.829999923706054688e+01,0.000000000000000000e+00,0.000000000000000000e+00,-1.000000000000000000e+00
-2.416923332214355469e+01,-9.354838371276855469e+00,4.829999923706054688e+01,0.000000000000000000e+00,0.000000000000000000e+00,-1.000000000000000000e+00
-2.414491844177246094e+01,-9.677419662475585938e+00,4.829999923706054688e+01,0.000000000000000000e+00,0.000000000000000000e+00,-1.000000000000000000e+00
-2.412060356140136719e+01,-1.000000000000000000e+01,4.829999923706054688e+01,0.000000000000000000e+00,0.000000000000000000e+00,-1.000000000000000000e+00
-2.412060356140136719e+01,-1.000000000000000000e+01,4.829999923706054688e+01,0.000000000000000000e+00,0.000000000000000000e+00,-1.000000000000000000e+00
-2.409628868103027344e+01,-9.677419662475585938e+00,4.829999923706054688e+01,0.000000000000000000e+00,0.000000000000000000e+00,-1.000000000000000000e+00
-2.407197189331054688e+01,-9.354838371276855469e+00,4.829999923706054688e+01,0.000000000000000000e+00,0.000000000000000000e+00,-1.000000000000000000e+00
-2.404765701293945312e+01,-9.032258033752441406e+00,4.829999923706054688e+01,0.000000000000000000e+00,0.000000000000000000e+00,-1.000000000000000000e+00
-2.402334213256835938e+01,-8.709677696228027344e+00,4.829999923706054688e+01,0.000000000000000000e+00,0.000000000000000000e+00,-1.000000000000000000e+00
-2.399902725219726562e+01,-8.387096405029296875e+00,4.829999923706054688e+01,0.000000000000000000e+00,0.000000000000000000e+00,-1.000000000000000000e+00
-2.397471237182617188e+01,-8.064516067504882812e+00,4.829999923706054688e+01,0.000000000000000000e+00,0.000000000000000000e+00,-1.000000000000000000e+00
-2.395039749145507812e+01,-7.741935253143310547e+00,4.829999923706054688e+01,0.000000000000000000e+00,0.000000000000000000e+00,-1.000000000000000000e+00
-2.392608261108398438e+01,-7.419354915618896484e+00,4.829999923706054688e+01,0.000000000000000000e+00,0.000000000000000000e+00,-1.000000000000000000e+00
-2.390176773071289062e+01,-7.096774101257324219e+00,4.829999923706054688e+01,0.000000000000000000e+00,0.000000000000000000e+00,-1.000000000000000000e+00
-2.387745094299316406e+01,-6.774193763732910156e+00,4.829999923706054688e+01,0.000000000000000000e+00,0.000000000000000000e+00,-1.000000000000000000e+00
-2.385313606262207031e+01,-6.451612949371337891e+00,4.829999923706054688e+01,0.000000000000000000e+00,0.000000000000000000e+00,-1.000000000000000000e+00
-2.382882118225097656e+01,-6.129032135009765625e+00,4.829999923706054688e+01,0.000000000000000000e+00,0.000000000000000000e+00,-1.000000000000000000e+00
-2.380450630187988281e+01,-5.806451797485351562e+00,4.829999923706054688e+01,0.000000000000000000e+00,0.000000000000000000e+00,-1.000000000000000000e+00
-2.378019142150878906e+01,-5.483870983123779297e+00,4.829999923706054688e+01,0.000000000000000000e+00,0.000000000000000000e+00,-1.000000000000000000e+00
-2.375587654113769531e+01,-5.161290168762207031e+00,4.829999923706054688e+01,0.000000000000000000e+00,0.000000000000000000e+00,-1.000000000000000000e+00
-2.373156166076660156e+01,-4.838709831237792969e+00,4.829999923706054688e+01,0.000000000000000000e+00,0.000000000000000000e+00,-1.000000000000000000e+00
-2.370724678039550781e+01,-4.516129016876220703e+00,4.829999923706054688e+01,0.000000000000000000e+00,0.000000000000000000e+00,-1.000000000000000000e+00
-2.368292999267578125e+01,-4.193548202514648438e+00,4.829999923706054688e+01,0.000000000000000000e+00,0.000000000000000000e+00,-1.000000000000000000e+00
-2.365861511230468750e+01,-3.870967626571655273e+00,4.829999923706054688e+01,0.000000000000000000e+00,0.000000000000000000e+00,-1.000000000000000000e+00
-2.363430023193359375e+01,-3.548387050628662109e+00,4.829999923706054688e+01,0.000000000000000000e+00,0.000000000000000000e+00,-1.000000000000000000e+00
-2.360998535156250000e+01,-3.225806474685668945e+00,4.829999923706054688e+01,0.000000000000000000e+00,0.000000000000000000e+00,-1.000000000000000000e+00
-2.358567047119140625e+01,-2.903225898742675781e+00,4.829999923706054688e+01,0.000000000000000000e+00,0.000000000000000000e+00,-1.000000000000000000e+00
-2.356135559082031250e+01,-2.580645084381103516e+00,4.829999923706054688e+01,0.000000000000000000e+00,0.000000000000000000e+00,-1.000000000000000000e+00
-2.353704071044921875e+01,-2.258064508438110352e+00,4.829999923706054688e+01,0.000000000000000000e+00,0.000000000000000000e+00,-1.000000000000000000e+00
-2.351272583007812500e+01,-1.935483813285827637e+00,4.829999923706054688e+01,0.000000000000000000e+00,0.000000000000000000e+00,-1.000000000000000000e+00
-2.348840904235839844e+01,-1.612903237342834473e+00,4.829999923706054688e+01,0.000000000000000000e+00,0.000000000000000000e+00,-1.000000000000000000e+00
-2.346409416198730469e+01,-1.290322542190551758e+00,4.829999923706054688e+01,0.000000000000000000e+00,0.000000000000000000e+00,-1.000000000000000000e+00
-2.343977928161621094e+01,-9.677419066429138184e-01,4.829999923706054688e+01,0.000000000000000000e+00,0.000000000000000000e+00,-1.000000000000000000e+00
-2.341546440124511719e+01,-6.451612710952758789e-01,4.829999923706054688e+01,0.000000000000000000e+00,0.000000000000000000e+00,-1.000000000000000000e+00
-2.339114952087402344e+01,-3.225806355476379395e-01,4.829999923706054688e+01,0.000000000000000000e+00,0.000000000000000000e+00,-1.000000000000000000e+00
-2.386934661865234375e+01,0.000000000000000000e+00,4.829999923706054688e+01,0.000000000000000000e+00,0.000000000000000000e+00,-1.000000000000000000e+00
-2.384503173828125000e+01,3.225806355476379395e-01,4.829999923706054688e+01,0.000000000000000000e+00,0.000000000000000000e+00,-1.000000000000000000e+00
-2.382071685791015625e+01,6.451612710952758789e-01,4.829999923706054688e+01,0.000000000000000000e+00,0.000000000000000000e+00,-1.000000000000000000e+00
-2.379640197753906250e+01,9.677419066429138184e-01,4.829999923706054688e+01,0.000000000000000000e+00,0.000000000000000000e+00,-1.000000000000000000e+00
-2.377208709716796875e+01,1.290322542190551758e+00,4.829999923706054688e+01,0.000000000000000000e+00,0.000000000000000000e+00,-1.000000000000000000e+00
-2.374777030944824219e+01,1.612903237342834473e+00,4.829999923706054688e+01,0.000000000000000000e+00,0.000000000000000000e+00,-1.000000000000000000e+00
-2.372345542907714844e+01,1.935483813285827637e+00,4.829999923706054688e+01,0.000000000000000000e+00,0.000000000000000000e+00,-1.000000000000000000e+00
-2.369914054870605469e+01,2.258064508438110352e+00,4.829999923706054688e+01,0.000000000000000000e+00,0.000000000000000000e+00,-1.000000000000000000e+00
-2.367482566833496094e+01,2.580645084381103516e+00,4.829999923706054688e+01,0.000000000000000000e+00,0.000000000000000000e+00,-1.000000000000000000e+00
-2.365051078796386719e+01,2.903225898742675781e+00,4.829999923706054688e+01,0.000000000000000000e+00,0.000000000000000000e+00,-1.000000000000000000e+00
-2.362619590759277344e+01,3.225806474685668945e+00,4.829999923706054688e+01,0.000000000000000000e+00,0.000000000000000000e+00,-1.000000000000000000e+00
-2.360188102722167969e+01,3.548387050628662109e+00,4.829999923706054688e+01,0.000000000000000000e+00,0.000000000000000000e+00,-1.000000000000000000e+00
-2.357756614685058594e+01,3.870967626571655273e+00,4.829999923706054688e+01,0.000000000000000000e+00,0.000000000000000000e+00,-1.000000000000000000e+00
-2.355324935913085938e+01,4.193548202514648438e+00,4.829999923706054688e+01,0.000000000000000000e+00,0.000000000000000000e+00,-1.000000000000000000e+00
-2.352893447875976562e+01,4.516129016876220703e+00,4.829999923706054688e+01,0.000000000000000000e+00,0.000000000000000000e+00,-1.000000000000000000e+00
-2.350461959838867188e+01,4.838709831237792969e+00,4.829999923706054688e+01,0.000000000000000000e+00,0.000000000000000000e+00,-1.000000000000000000e+00
-2.348030471801757812e+01,5.161290168762207031e+00,4.829999923706054688e+01,0.000000000000000000e+00,0.000000000000000000e+00,-1.000000000000000000e+00
-2.345598983764648438e+01,5.483870983123779297e+00,4.829999923706054688e+01,0.000000000000000000e+00,0.000000000000000000e+00,-1.000000000000000000e+00
-2.343167495727539062e+01,5.806451797485351562e+00,4.829999923706054688e+01,0.000000000000000000e+00,0.000000000000000000e+00,-1.000000000000000000e+00
-2.340736007690429688e+01,6.129032135009765625e+00,4.829999923706054688e+01,0.000000000000000000e+00,0.000000000000000000e+00,-1.000000000000000000e+00
-2.338304519653320312e+01,6.451612949371337891e+00,4.829999923706054688e+01,0.000000000000000000e+00,0.000000000000000000e+00,-1.000000000000000000e+00
-2.335872840881347656e+01,6.774193763732910156e+00,4.829999923706054688e+01,0.000000000000000000e+00,0.000000000000000000e+00,-1.000000000000000000e+00
-2.333441352844238281e+01,7.096774101257324219e+00,4.829999923706054688e+01,0.000000000000000000e+00,0.000000000000000000e+00,-1.000000000000000000e+00
-2.331009864807128906e+01,7.419354915618896484e+00,4.829999923706054688e+01,0.000000000000000000e+00,0.000000000000000000e+00,-1.000000000000000000e+00
-2.328578376770019531e+01,7.741935253143310547e+00,4.829999923706054688e+01,0.000000000000000000e+00,0.000000000000000000e+00,-1.000000000000000000e+00
-2.326146888732910156e+01,8.064516067504882812e+00,4.829999923706054688e+01,0.000000000000000000e+00,0.000000000000000000e+00,-1.000000000000000000e+00
-2.323715400695800781e+01,8.387096405029296875e+00,4.829999923706054688e+01,0.000000000000000000e+00,0.000000000000000000e+00,-1.000000000000000000e+00
-2.321283912658691406e+01,8.709677696228027344e+00,4.829999923706054688e+01,0.000000000000000000e+00,0.000000000000000000e+00,-1.000000000000000000e+00
-2.318852233886718750e+01,9.032258033752441406e+00,4.829999923706054688e+01,0.000000000000000000e+00,0.000000000000000000e+00,-1.000000000000000000e+00
-2.316420745849609375e+01,9.354838371276855469e+00,4.829999923706054688e+01,0.000000000000000000e+00,0.000000000000000000e+00,-1.000000000000000000e+00
-2.313989257812500000e+01,9.677419662475585938e+00,4.829999923706054688e+01,0.000000000000000000e+00,0.000000000000000000e+00,-1.000000000000000000e+00
-2.311557769775390625e+01,1.000000000000000000e+01,4.829999923706054688e+01,0.000000000000000000e+00,0.000000000000000000e+00,-1.000000000000000000e+00
-2.311557769775390625e+01,1.000000000000000000e+01,4.829999923706054688e+01,0.000000000000000000e+00,0.000000000000000000e+00,-1.000000000000000000e+00
-2.309126281738281250e+01,9.677419662475585938e+00,4.829999923706054688e+01,0.000000000000000000e+00,0.000000000000000000e+00,-1.000000000000000000e+00
-2.306694793701171875e+01,9.354838371276855469e+00,4.829999923706054688e+01,0.000000000000000000e+00,0.000000000000000000e+00,-1.000000000000000000e+00
-2.304263305664062500e+01,9.032258033752441406e+00,4.829999923706054688e+01,0.000000000000000000e+00,0.000000000000000000e+00,-1.000000000000000000e+00
-2.301831817626953125e+01,8.709677696228027344e+00,4.829999923706054688e+01,0.000000000000000000e+00,0.000000000000000000e+00,-1.000000000000000000e+00
-2.299400138854980469e+01,8.387096405029296875e+00,4.829999923706054688e+01,0.000000000000000000e+00,0.000000000000000000e+00,-1.000000000000000000e+00
-2.296968650817871094e+01,8.064516067504882812e+00,4.829999923706054688e+01,0.000000000000000000e+00,0.000000000000000000e+00,-1.000000000000000000e+00
-2.294537162780761719e+01,7.741935253143310547e+00,4.829999923706054688e+01,0.000000000000000000e+00,0.000000000000000000e+00,-1.000000000000000000e+00
-2.292105674743652344e+01,7.419354915618896484e+00,4.829999923706054688e+01,0.000000000000000000e+00,0.000000000000000000e+00,-1.000000000000000000e+00
-2.289674186706542969e+01,7.096774101257324219e+00,4.829999923706054688e+01,0.000000000000000000e+00,0.000000000000000000e+00,-1.000000000000000000e+00
-2.287242698669433594e+01,6.774193763732910156e+00,4.829999923706054688e+01,0.000000000000000000e+00,0.000000000000000000e+00,-1.000000000000000000e+00
-2.284811210632324219e+01,6.451612949371337891e+00,4.829999923706054688e+01,0.000000000000000000e+00,0.000000000000000000e+00,-1.000000000000000000e+00
-2.282379722595214844e+01,6.129032135009765625e+00,4.829999923706054688e+01,0.000000000000000000e+00,0.000000000000000000e+00,-1.000000000000000000e+00
-2.279948043823242188e+01,5.806451797485351562e+00,4.829999923706054688e+01,0.000000000000000000e+00,0.000000000000000000e+00,-1.000000000000000000e+00
-2.277516555786132812e+01,5.483870983123779297e+00,4.829999923706054688e+01,0.000000000000000000e+00,0.000000000000000000e+00,-1.000000000000000000e+00
-2.275085067749023438e+01,5.161290168762207031e+00,4.829999923706054688e+01,0.000000000000000000e+00,0.000000000000000000e+00,-1.000000000000000000e+00
-2.272653579711914062e+01,4.838709831237792969e+00,4.829999923706054688e+01,0.000000000000000000e+00,0.000000000000000000e+00,-1.000000000000000000e+00
-2.270222091674804688e+01,4.516129016876220703e+00,4.829999923706054688e+01,0.000000000000000000e+00,0.000000000000000000e+00,-1.000000000000000000e+00
-2.267790603637695312e+01,4.193548202514648438e+00,4.829999923706054688e+01,0.000000000000000000e+00,0.000000000000000000e+00,-1.000000000000000000e+00
-2.265359115600585938e+01,3.870967626571655273e+00,4.829999923706054688e+01,0.000000000000000000e+00,0.000000000000000000e+00,-1.000000000000000000e+00
-2.262927627563476562e+01,3.548387050628662109e+00,4.829999923706054688e+01,0.000000000000000000e+00,0.000000000000000000e+00,-1.000000000000000000e+00
-2.260495948791503906e+01,3.225806474685668945e+00,4.829999923706054688e+01,0.000000000000000000e+00,0.000000000000000000e+00,-1.000000000000000000e+00
-2.258064460754394531e+01,2.903225898742675781e+00,4.829999923706054688e+01,0.000000000000000000e+00,0.000000000000000000e+00,-1.000000000000000000e+00
-2.255632972717285156e+01,2.580645084381103516e+00,4.829999923706054688e+01,0.000000000000000000e+00,0.000000000000000000e+00,-1.000000000000000000e+00
-2.253201484680175781e+01,2.258064508438110352e+00,4.829999923706054688e+01,0.000000000000000000e+00,0.000000000000000000e+00,-1.000000000000000000e+00
-2.250769996643066406e+01,1.935483813285827637e+00,4.829999923706054688e+01,0.000000000000000000e+00,0.000000000000000000e+00,-1.000000000000000000e+00
-2.248338508605957031e+01,1.612903237342834473e+00,4.829999923706054688e+01,0.000000000000000000e+00,0.000000000000000000e+00,-1.000000000000000000e+00
-2.245907020568847656e+01,1.290322542190551758e+00,4.829999923706054688e+01,0.000000000000000000e+00,0.000000000000000000e+00,-1.000000000000000000e+00
-2.243475532531738281e+01,9.677419066429138184e-01,4.829999923706054688e+01,0.000000000000000000e+00,0.000000000000000000e+00,-1.000000000000000000e+00
-2.241043853759765625e+01,6.451612710952758789e-01,4.829999923706054688e+01,0.000000000000000000e+00,0.000000000000000000e+00,-1.000000000000000000e+00
-2.238612365722656250e+01,3.225806355476379395e-01,4.829999923706054688e+01,0.000000000000000000e+00,0.000000000000000000e+00,-1.000000000000000000e+00
-2.286432075500488281e+01,0.000000000000000000e+00,4.829999923706054688e+01,0.000000000000000000e+00,0.000000000000000000e+00,-1.000000000000000000e+00
-2.284000587463378906e+01,-3.225806355476379395e-01,4.829999923706054688e+01,0.000000000000000000e+00,0.000000000000000000e+00,-1.000000000000000000e+00
-2.281569099426269531e+01,-6.451612710952758789e-01,4.829999923706054688e+01,0.000000000000000000e+00,0.000000000000000000e+00,-1.000000000000000000e+00
-2.279137611389160156e+01,-9.677419066429138184e-01,4.829999923706054688e+01,0.000000000000000000e+00,0.000000000000000000e+00,-1.000000000000000000e+00
-2.276706123352050781e+01,-1.290322542190551758e+00,4.829999923706054688e+01,0.000000000000000000e+00,0.000000000000000000e+00,-1.000000000000000000e+00
-2.274274635314941406e+01,-1.612903237342834473e+00,4.829999923706054688e+01,0.000000000000000000e+00,0.000000000000000000e+00,-1.000000000000000000e+00
-2.271843147277832031e+01,-1.935483813285827637e+00,4.829999923706054688e+01,0.000000000000000000e+00,0.000000000000000000e+00,-1.000000000000000000e+00
-2.269411659240722656e+01,-2.258064508438110352e+00,4.829999923706054688e+01,0.000000000000000000e+00,0.000000000000000000e+00,-1.000000000000000000e+00
-2.266979980468750000e+01,-2.580645084381103516e+00,4.829999923706054688e+01,0.000000000000000000e+00,0.000000000000000000e+00,-1.000000000000000000e+00
-2.264548492431640625e+01,-2.903225898742675781e+00,4.829999923706054688e+01,0.000000000000000000e+00,0.000000000000000000e+00,-1.000000000000000000e+00
-2.262117004394531250e+01,-3.225806474685668945e+00,4.829999923706054688e+01,0.000000000000000000e+00,0.000000000000000000e+00,-1.000000000000000000e+00
-2.259685516357421875e+01,-3.548387050628662109e+00,4.829999923706054688e+01,0.000000000000000000e+00,0.000000000000000000e+00,-1.000000000000000000e+00
-2.257254028320312500e+01,-3.870967626571655273e+00,4.829999923706054688e+01,0.000000000000000000e+00,0.000000000000000000e+00,-1.000000000000000000e+00
-2.254822540283203125e+01,-4.193548202514648438e+00,4.829999923706054688e+01,0.000000000000000000e+00,0.000000000000000000e+00,-1.000000000000000000e+00
-2.252391052246093750e+01,-4.516129016876220703e+00,4.829999923706054688e+01,0.000000000000000000e+00,0.000000000000000000e+00,-1.000000000000000000e+00
-2.249959564208984375e+01,-4.838709831237792969e+00,4.829999923706054688e+01,0.000000000000000000e+00,0.000000000000000000e+00,-1.000000000000000000e+00
-2.247527885437011719e+01,-5.161290168762207031e+00,4.829999923706054688e+01,0.000000000000000000e+00,0.000000000000000000e+00,-1.000000000000000000e+00
-2.245096397399902344e+01,-5.483870983123779297e+00,4.829999923706054688e+01,0.000000000000000000e+00,0.000000000000000000e+00,-1.000000000000000000e+00
-2.242664909362792969e+01,-5.806451797485351562e+00,4.829999923706054688e+01,0.000000000000000000e+00,0.000000000000000000e+00,-1.000000000000000000e+00
-2.240233421325683594e+01,-6.129032135009765625e+00,4.829999923706054688e+01,0.000000000000000000e+00,0.000000000000000000e+00,-1.000000000000000000e+00
-2.237801933288574219e+01,-6.451612949371337891e+00,4.829999923706054688e+01,0.000000000000000000e+00,0.000000000000000000e+00,-1.000000000000000000e+00
-2.235370445251464844e+01,-6.774193763732910156e+00,4.829999923706054688e+01,0.000000000000000000e+00,0.000000000000000000e+00,-1.000000000000000000e+00
-2.232938957214355469e+01,-7.096774101257324219e+00,4.829999923706054688e+01,0.000000000000000000e+00,0.000000000000000000e+00,-1.000000000000000000e+00
-2.230507469177246094e+01,-7.419354915618896484e+00,4.829999923706054688e+01,0.000000000000000000e+00,0.000000000000000000e+00,-1.000000000000000000e+00
-2.228075790405273438e+01,-7.741935253143310547e+00,4.829999923706054688e+01,0.000000000000000000e+00,0.000000000000000000e+00,-1.000000000000000000e+00
-2.225644302368164062e+01,-8.064516067504882812e+00,4.829999923706054688e+01,0.000000000000000000e+00,0.000000000000000000e+00,-1.000000000000000000e+00
-2.223212814331054688e+01,-8.387096405029296875e+00,4.829999923706054688e+01,0.000000000000000000e+00,0.000000000000000000e+00,-1.000000000000000000e+00
-2.220781326293945312e+01,-8.709677696228027344e+00,4.829999923706054688e+01,0.000000000000000000e+00,0.000000000000000000e+00,-1.000000000000000000e+00
-2.218349838256835938e+01,-9.032258033752441406e+00,4.829999923706054688e+01,0.000000000000000000e+00,0.000000000000000000e+00,-1.000000000000000000e+00
-2.215918350219726562e+01,-9.354838371276855469e+00,4.829999923706054688e+01,0.000000000000000000e+00,0.000000000000000000e+00,-1.000000000000000000e+00
-2.213486862182617188e+01,-9.677419662475585938e+00,4.829999923706054688e+01,0.000000000000000000e+00,0.000000000000000000e+00,-1.000000000000000000e+00
-2.211055183410644531e+01,-1.000000000000000000e+01,4.829999923706054688e+01,0.000000000000000000e+00,0.000000000000000000e+00,-1.000000000000000000e+00
-2.211055183410644531e+01,-1.000000000000000000e+01,4.829999923706054688e+01,0.000000000000000000e+00,0.000000000000000000e+00,-1.000000000000000000e+00
-2.208623695373535156e+01,-9.677419662475585938e+00,4.829999923706054688e+01,0.000000000000000000e+00,0.000000000000000000e+00,-1.000000000000000000e+00
-2.206192207336425781e+01,-9.354838371276855469e+00,4.829999923706054688e+01,0.000000000000000000e+00,0.000000000000000000e+00,-1.000000000000000000e+00
-2.203760719299316406e+01,-9.032258033752441406e+00,4.829999923706054688e+01,0.000000000000000000e+00,0.000000000000000000e+00,-1.000000000000000000e+00
-2.201329231262207031e+01,-8.709677696228027344e+00,4.829999923706054688e+01,0.000000000000000000e+00,0.000000000000000000e+00,-1.000000000000000000e+00
-2.198897743225097656e+01,-8.387096405029296875e+00,4.829999923706054688e+01,0.000000000000000000e+00,0.000000000000000000e+00,-1.000000000000000000e+00
-2.196466255187988281e+01,-8.064516067504882812e+00,4.829999923706054688e+01,0.000000000000000000e+00,0.000000000000000000e+00,-1.000000000000000000e+00
-2.194034767150878906e+01,-7.741935253143310547e+00,4.829999923706054688e+01,0.000000000000000000e+00,0.000000000000000000e+00,-1.000000000000000000e+00
-2.191603088378906250e+01,-7.419354915618896484e+00,4.829999923706054688e+01,0.000000000000000000e+00,0.000000000000000000e+00,-1.000000000000000000e+00
-2.189171600341796875e+01,-7.096774101257324219e+00,4.829999923706054688e+01,0.000000000000000000e+00,0.000000000000000000e+00,-1.000000000000000000e+00
-2.186740112304687500e+01,-6.774193763732910156e+00,4.829999923706054688e+01,0.000000000000000000e+00,0.000000000000000000e+00,-1.000000000000000000e+00
-2.184308624267578125e+01,-6.451612949371337891e+00,4.829999923706054688e+01,0.000000000000000000e+00,0.000000000000000000e+00,-1.000000000000000000e+00
-2.181877136230468750e+01,-6.129032135009765625e+00,4.829999923706054688e+01,0.000000000000000000e+00,0.000000000000000000e+00,-1.000000000000000000e+00
-2.179445648193359375e+01,-5.806451797485351562e+00,4.829999923706054688e+01,0.000000000000000000e+00,0.000000000000000000e+00,-1.000000000000000000e+00
-2.177014160156250000e+01,-5.483870983123779297e+00,4.829999923706054688e+01,0.000000000000000000e+00,0.000000000000000000e+00,-1.000000000000000000e+00
-2.174582672119140625e+01,-5.161290168762207031e+00,4.829999923706054688e+01,0.000000000000000000e+00,0.000000000000000000e+00,-1.000000000000000000e+00
-2.172150993347167969e+01,-4.838709831237792969e+00,4.829999923706054688e+01,0.000000000000000000e+00,0.000000000000000000e+00,-1.000000000000000000e+00
-2.169719505310058594e+01,-4.516129016876220703e+00,4.829999923706054688e+01,0.000000000000000000e+00,0.000000000000000000e+00,-1.000000000000000000e+00
-2.167288017272949219e+01,-4.193548202514648438e+00,4.829999923706054688e+01,0.000000000000000000e+00,0.000000000000000000e+00,-1.000000000000000000e+00
-2.164856529235839844e+01,-3.870967626571655273e+00,4.829999923706054688e+01,0.000000000000000000e+00,0.000000000000000000e+00,-1.000000000000000000e+00
-2.162425041198730469e+01,-3.548387050628662109e+00,4.829999923706054688e+01,0.000000000000000000e+00,0.000000000000000000e+00,-1.000000000000000000e+00
-2.159993553161621094e+01,-3.225806474685668945e+00,4.829999923706054688e+01,0.000000000000000000e+00,0.000000000000000000e+00,-1.000000000000000000e+00
-2.157562065124511719e+01,-2.903225898742675781e+00,4.829999923706054688e+01,0.000000000000000000e+00,0.000000000000000000e+00,-1.000000000000000000e+00
-2.155130577087402344e+01,-2.580645084381103516e+00,4.829999923706054688e+01,0.000000000000000000e+00,0.000000000000000000e+00,-1.000000000000000000e+00
-2.152698898315429688e+01,-2.258064508438110352e+00,4.829999923706054688e+01,0.000000000000000000e+00,0.000000000000000000e+00,-1.000000000000000000e+00
-2.150267410278320312e+01,-1.935483813285827637e+00,4.829999923706054688e+01,0.000000000000000000e+00,0.000000000000000000e+00,-1.000000000000000000e+00
-2.147835922241210938e+01,-1.612903237342834473e+00,4.829999923706054688e+01,0.000000000000000000e+00,0.000000000000000000e+00,-1.000000000000000000e+00
-2.145404434204101562e+01,-1.290322542190551758e+00,4.829999923706054688e+01,0.000000000000000000e+00,0.000000000000000000e+00,-1.000000000000000000e+00
-2.142972946166992188e+01,-9.677419066429138184e-01,4.829999923706054688e+01,0.000000000000000000e+00,0.000000000000000000e+00,-1.000000000000000000e+00
-2.140541458129882812e+01,-6.451612710952758789e-01,4.829999923706054688e+01,0.000000000000000000e+00,0.000000000000000000e+00,-1.000000000000000000e+00
-2.138109970092773438e+01,-3.225806355476379395e-01,4.829999923706054688e+01,0.000000000000000000e+00,0.000000000000000000e+00,-1.000000000000000000e+00
-2.185929679870605469e+01,0.000000000000000000e+00,4.829999923706054688e+01,0.000000000000000000e+00,0.000000000000000000e+00,-1.000000000000000000e+00
-2.183498191833496094e+01,3.225806355476379395e-01,4.829999923706054688e+01,0.000000000000000000e+00,0.000000000000000000e+00,-1.000000000000000000e+00
-2.181066703796386719e+01,6.451612710952758789e-01,4.829999923706054688e+01,0.000000000000000000e+00,0.000000000000000000e+00,-1.000000000000000000e+00
-2.178635025024414062e+01,9.677419066429138184e-01,4.829999923706054688e+01,0.000000000000000000e+00,0.000000000000000000e+00,-1.000000000000000000e+00
-2.176203536987304688e+01,1.290322542190551758e+00,4.829999923706054688e+01,0.000000000000000000e+00,0.000000000000000000e+00,-1.000000000000000000e+00
-2.173772048950195312e+01,1.612903237342834473e+00,4.829999923706054688e+01,0.000000000000000000e+00,0.000000000000000000e+00,-1.000000000000000000e+00
-2.171340560913085938e+01,1.935483813285827637e+00,4.829999923706054688e+01,0.000000000000000000e+00,0.000000000000000000e+00,-1.000000000000000000e+00
-2.168909072875976562e+01,2.258064508438110352e+00,4.829999923706054688e+01,0.000000000000000000e+00,0.000000000000000000e+00,-1.000000000000000000e+00
-2.166477584838867188e+01,2.580645084381103516e+00,4.829999923706054688e+01,0.000000000000000000e+00,0.000000000000000000e+00,-1.000000000000000000e+00
-2.164046096801757812e+01,2.903225898742675781e+00,4.829999923706054688e+01,0.000000000000000000e+00,0.000000000000000000e+00,-1.000000000000000000e+00
-2.161614608764648438e+01,3.225806474685668945e+00,4.829999923706054688e+01,0.000000000000000000e+00,0.000000000000000000e+00,-1.000000000000000000e+00
-2.159182929992675781e+01,3.548387050628662109e+00,4.829999923706054688e+01,0.000000000000000000e+00,0.000000000000000000e+00,-1.000000000000000000e+00
-2.156751441955566406e+01,3.870967626571655273e+00,4.829999923706054688e+01,0.000000000000000000e+00,0.000000000000000000e+00,-1.000000000000000000e+00
-2.154319953918457031e+01,4.193548202514648438e+00,4.829999923706054688e+01,0.000000000000000000e+00,0.000000000000000000e+00,-1.000000000000000000e+00
-2.151888465881347656e+01,4.516129016876220703e+00,4.829999923706054688e+01,0.000000000000000000e+00,0.000000000000000000e+00,-1.000000000000000000e+00
-2.149456977844238281e+01,4.838709831237792969e+00,4.829999923706054688e+01,0.000000000000000000e+00,0.000000000000000000e+00,-1.000000000000000000e+00
-2.147025489807128906e+01,5.161290168762207031e+00,4.829999923706054688e+01,0.000000000000000000e+00,0.000000000000000000e+00,-1.000000000000000000e+00
-2.144594001770019531e+01,5.483870983123779297e+00,4.829999923706054688e+01,0.000000000000000000e+00,0.000000000000000000e+00,-1.000000000000000000e+00
-2.142162513732910156e+01,5.806451797485351562e+00,4.829999923706054688e+01,0.000000000000000000e+00,0.000000000000000000e+00,-1.000000000000000000e+00
-2.139730834960937500e+01,6.129032135009765625e+00,4.829999923706054688e+01,0.000000000000000000e+00,0.000000000000000000e+00,-1.000000000000000000e+00
-2.137299346923828125e+01,6.451612949371337891e+00,4.829999923706054688e+01,0.000000000000000000e+00,0.000000000000000000e+00,-1.000000000000000000e+00
-2.134867858886718750e+01,6.774193763732910156e+00,4.829999923706054688e+01,0.000000000000000000e+00,0.000000000000000000e+00,-1.000000000000000000e+00
-2.132436370849609375e+01,7.096774101257324219e+00,4.829999923706054688e+01,0.000000000000000000e+00,0.000000000000000000e+00,-1.000000000000000000e+00
-2.130004882812500000e+01,7.419354915618896484e+00,4.829999923706054688e+01,0.000000000000000000e+00,0.000000000000000000e+00,-1.000000000000000000e+00
-2.127573394775390625e+01,7.741935253143310547e+00,4.829999923706054688e+01,0.000000000000000000e+00,0.000000000000000000e+00,-1.000000000000000000e+00
-2.125141906738281250e+01,8.064516067504882812e+00,4.829999923706054688e+01,0.000000000000000000e+00,0.000000000000000000e+00,-1.000000000000000000e+00
-2.122710418701171875e+01,8.387096405029296875e+00,4.829999923706054688e+01,0.000000000000000000e+00,0.000000000000000000e+00,-1.000000000000000000e+00
-2.120278739929199219e+01,8.709677696228027344e+00,4.829999923706054688e+01,0.000000000000000000e+00,0.000000000000000000e+00,-1.000000000000000000e+00
-2.117847251892089844e+01,9.032258033752441406e+00,4.829999923706054688e+01,0.000000000000000000e+00,0.000000000000000000e+00,-1.000000000000000000e+00
-2.115415763854980469e+01,9.354838371276855469e+00,4.829999923706054688e+01,0.000000000000000000e+00,0.000000000000000000e+00,-1.000000000000000000e+00
-2.112984275817871094e+01,9.677419662475585938e+00,4.829999923706054688e+01,0.000000000000000000e+00,0.000000000000000000e+00,-1.000000000000000000e+00
-2.110552787780761719e+01,1.000000000000000000e+01,4.829999923706054688e+01,0.000000000000000000e+00,0.000000000000000000e+00,-1.000000000000000000e+00
-2.110552787780761719e+01,1.000000000000000000e+01,4.829999923706054688e+01,0.000000000000000000e+00,0.000000000000000000e+00,-1.000000000000000000e+00
-2.108121299743652344e+01,9.677419662475585938e+00,4.829999923706054688e+01,0.000000000000000000e+00,0.000000000000000000e+00,-1.000000000000000000e+00
-2.105689811706542969e+01,9.354838371276855469e+00,4.829999923706054688e+01,0.000000000000000000e+00,0.000000000000000000e+00,-1.000000000000000000e+00
-2.103258132934570312e+01,9.032258033752441406e+00,4.829999923706054688e+01,0.000000000000000000e+00,0.000000000000000000e+00,-1.000000000000000000e+00
-2.100826644897460938e+01,8.709677696228027344e+00,4.829999923706054688e+01,0.000000000000000000e+00,0.000000000000000000e+00,-1.000000000000000000e+00
-2.098395156860351562e+01,8.387096405029296875e+00,4.829999923706054688e+01,0.000000000000000000e+00,0.000000000000000000e+00,-1.000000000000000000e+00
-2.095963668823242188e+01,8.064516067504882812e+00,4.829999923706054688e+01,0.000000000000000000e+00,0.000000000000000000e+00,-1.000000000000000000e+00
-2.093532180786132812e+01,7.741935253143310547e+00,4.829999923706054688e+01,0.000000000000000000e+00,0.000000000000000000e+00,-1.000000000000000000e+00
-2.091100692749023438e+01,7.419354915618896484e+00,4.829999923706054688e+01,0.000000000000000000e+00,0.000000000000000000e+00,-1.000000000000000000e+00
-2.088669204711914062e+01,7.096774101257324219e+00,4.829999923706054688e+01,0.000000000000000000e+00,0.000000000000000000e+00,-1.000000000000000000e+00
-2.086237716674804688e+01,6.774193763732910156e+00,4.829999923706054688e+01,0.000000000000000000e+00,0.000000000000000000e+00,-1.000000000000000000e+00
-2.083806037902832031e+01,6.451612949371337891e+00,4.829999923706054688e+01,0.000000000000000000e+00,0.000000000000000000e+00,-1.000000000000000000e+00
-2.081374549865722656e+01,6.129032135009765625e+00,4.829999923706054688e+01,0.000000000000000000e+00,0.000000000000000000e+00,-1.000000000000000000e+00
-2.078943061828613281e+01,5.806451797485351562e+00,4.829999923706054688e+01,0.000000000000000000e+00,0.000000000000000000e+00,-1.000000000000000000e+00
-2.076511573791503906e+01,5.483870983123779297e+00,4.829999923706054688e+01,0.000000000000000000e+00,0.000000000000000000e+00,-1.000000000000000000e+00
-2.074080085754394531e+01,5.161290168762207031e+00,4.829999923706054688e+01,0.000000000000000000e+00,0.000000000000000000e+00,-1.000000000000000000e+00
-2.071648597717285156e+01,4.838709831237792969e+00,4.829999923706054688e+01,0.000000000000000000e+00,0.000000000000000000e+00,-1.000000000000000000e+00
-2.069217109680175781e+01,4.516129016876220703e+00,4.829999923706054688e+01,0.000000000000000000e+00,0.000000000000000000e+00,-1.000000000000000000e+00
-2.066785621643066406e+01,4.193548202514648438e+00,4.829999923706054688e+01,0.000000000000000000e+00,0.000000000000000000e+00,-1.000000000000000000e+00
-2.064353942871093750e+01,3.870967626571655273e+00,4.829999923706054688e+01,0.000000000000000000e+00,0.000000000000000000e+00,-1.000000000000000000e+00
-2.061922454833984375e+01,3.548387050628662109e+00,4.829999923706054688e+01,0.000000000000000000e+00,0.000000000000000000e+00,-1.000000000000000000e+00
-2.059490966796875000e+01,3.225806474685668945e+00,4.829999923706054688e+01,0.000000000000000000e+00,0.000000000000000000e+00,-1.000000000000000000e+00
-2.057059478759765625e+01,2.903225898742675781e+00,4.829999923706054688e+01,0.000000000000000000e+00,0.000000000000000000e+00,-1.000000000000000000e+00
-2.054627990722656250e+01,2.580645084381103516e+00,4.829999923706054688e+01,0.000000000000000000e+00,0.000000000000000000e+00,-1.000000000000000000e+00
-2.052196502685546875e+01,2.258064508438110352e+00,4.829999923706054688e+01,0.000000000000000000e+00,0.000000000000000000e+00,-1.000000000000000000e+00
-2.049765014648437500e+01,1.935483813285827637e+00,4.829999923706054688e+01,0.000000000000000000e+00,0.000000000000000000e+00,-1.000000000000000000e+00
-2.047333526611328125e+01,1.612903237342834473e+00,4.829999923706054688e+01,0.000000000000000000e+00,0.000000000000000000e+00,-1.000000000000000000e+00
-2.044901847839355469e+01,1.290322542190551758e+00,4.829999923706054688e+01,0.000000000000000000e+00,0.000000000000000000e+00,-1.000000000000000000e+00
-2.042470359802246094e+01,9.677419066429138184e-01,4.829999923706054688e+01,0.000000000000000000e+00,0.000000000000000000e+00,-1.000000000000000000e+00
-2.040038871765136719e+01,6.451612710952758789e-01,4.829999923706054688e+01,0.000000000000000000e+00,0.000000000000000000e+00,-1.000000000000000000e+00
-2.037607383728027344e+01,3.225806355476379395e-01,4.829999923706054688e+01,0.000000000000000000e+00,0.000000000000000000e+00,-1.000000000000000000e+00
-2.085427093505859375e+01,0.000000000000000000e+00,4.829999923706054688e+01,0.000000000000000000e+00,0.000000000000000000e+00,-1.000000000000000000e+00
-2.082995605468750000e+01,-3.225806355476379395e-01,4.829999923706054688e+01,0.000000000000000000e+00,0.000000000000000000e+00,-1.000000000000000000e+00
-2.080564117431640625e+01,-6.451612710952758789e-01,4.829999923706054688e+01,0.000000000000000000e+00,0.000000000000000000e+00,-1.000000000000000000e+00
-2.078132629394531250e+01,-9.677419066429138184e-01,4.829999923706054688e+01,0.000000000000000000e+00,0.000000000000000000e+00,-1.000000000000000000e+00
-2.075701141357421875e+01,-1.290322542190551758e+00,4.829999923706054688e+01,0.000000000000000000e+00,0.000000000000000000e+00,-1.000000000000000000e+00
-2.073269653320312500e+01,-1.612903237342834473e+00,4.829999923706054688e+01,0.000000000000000000e+00,0.000000000000000000e+00,-1.000000000000000000e+00
-2.070837974548339844e+01,-1.935483813285827637e+00,4.829999923706054688e+01,0.000000000000000000e+00,0.000000000000000000e+00,-1.000000000000000000e+00
-2.068406486511230469e+01,-2.258064508438110352e+00,4.829999923706054688e+01,0.000000000000000000e+00,0.000000000000000000e+00,-1.000000000000000000e+00
-2.065974998474121094e+01,-2.580645084381103516e+00,4.829999923706054688e+01,0.000000000000000000e+00,0.000000000000000000e+00,-1.000000000000000000e+00
-2.063543510437011719e+01,-2.903225898742675781e+00,4.829999923706054688e+01,0.000000000000000000e+00,0.000000000000000000e+00,-1.000000000000000000e+00
-2.061112022399902344e+01,-3.225806474685668945e+00,4.829999923706054688e+01,0.000000000000000000e+00,0.000000000000000000e+00,-1.000000000000000000e+00
-2.058680534362792969e+01,-3.548387050628662109e+00,4.829999923706054688e+01,0.000000000000000000e+00,0.000000000000000000e+00,-1.000000000000000000e+00
-2.056249046325683594e+01,-3.870967626571655273e+00,4.829999923706054688e+01,0.000000000000000000e+00,0.000000000000000000e+00,-1.000000000000000000e+00
-2.053817558288574219e+01,-4.193548202514648438e+00,4.829999923706054688e+01,0.000000000000000000e+00,0.000000000000000000e+00,-1.000000000000000000e+00
-2.051385879516601562e+01,-4.516129016876220703e+00,4.829999923706054688e+01,0.000000000000000000e+00,0.000000000000000000e+00,-1.000000000000000000e+00
-2.048954391479492188e+01,-4.838709831237792969e+00,4.829999923706054688e+01,0.000000000000000000e+00,0.000000000000000000e+00,-1.000000000000000000e+00
-2.046522903442382812e+01,-5.161290168762207031e+00,4.829999923706054688e+01,0.000000000000000000e+00,0.000000000000000000e+00,-1.000000000000000000e+00
-2.044091415405273438e+01,-5.483870983123779297e+00,4.829999923706054688e+01,0.000000000000000000e+00,0.000000000000000000e+00,-1.000000000000000000e+00
-2.041659927368164062e+01,-5.806451797485351562e+00,4.829999923706054688e+01,0.000000000000000000e+00,0.000000000000000000e+00,-1.000000000000000000e+00
-2.039228439331054688e+01,-6.129032135009765625e+00,4.829999923706054688e+01,0.000000000000000000e+00,0.000000000000000000e+00,-1.000000000000000000e+00
-2.036796951293945312e+01,-6.451612949371337891e+00,4.829999923706054688e+01,0.000000000000000000e+00,0.000000000000000000e+00,-1.000000000000000000e+00
-2.034365463256835938e+01,-6.774193763732910156e+00,4.829999923706054688e+01,0.000000000000000000e+00,0.000000000000000000e+00,-1.000000000000000000e+00
-2.031933784484863281e+01,-7.096774101257324219e+00,4.829999923706054688e+01,0.000000000000000000e+00,0.000000000000000000e+00,-1.000000000000000000e+00
-2.029502296447753906e+01,-7.419354915618896484e+00,4.829999923706054688e+01,0.000000000000000000e+00,0.000000000000000000e+00,-1.000000000000000000e+00
-2.027070808410644531e+01,-7.741935253143310547e+00,4.829999923706054688e+01,0.000000000000000000e+00,0.000000000000000000e+00,-1.000000000000000000e+00
-2.024639320373535156e+01,-8.064516067504882812e+00,4.829999923706054688e+01,0.000000000000000000e+00,0.000000000000000000e+00,-1.000000000000000000e+00
-2.022207832336425781e+01,-8.387096405029296875e+00,4.829999923706054688e+01,0.000000000000000000e+00,0.000000000000000000e+00,-1.000000000000000000e+00
-2.019776344299316406e+01,-8.709677696228027344e+00,4.829999923706054688e+01,0.000000000000000000e+00,0.000000000000000000e+00,-1.000000000000000000e+00
-2.017344856262207031e+01,-9.032258033752441406e+00,4.829999923706054688e+01,0.000000000000000000e+00,0.000000000000000000e+00,-1.000000000000000000e+00
-2.014913368225097656e+01,-9.354838371276855469e+00,4.829999923706054688e+01,0.000000000000000000e+00,0.000000000000000000e+00,-1.000000000000000000e+00
-2.012481689453125000e+01,-9.677419662475585938e+00,4.829999923706054688e+01,0.000000000000000000e+00,0.000000000000000000e+00,-1.000000000000000000e+00
-2.010050201416015625e+01,-1.000000000000000000e+01,4.829999923706054688e+01,0.000000000000000000e+00,0.000000000000000000e+00,-1.000000000000000000e+00
-2.010050201416015625e+01,-1.000000000000000000e+01,4.829999923706054688e+01,0.000000000000000000e+00,0.000000000000000000e+00,-1.000000000000000000e+00
-2.007618713378906250e+01,-9.677419662475585938e+00,4.829999923706054688e+01,0.000000000000000000e+00,0.000000000000000000e+00,-1.000000000000000000e+00
-2.005187225341796875e+01,-9.354838371276855469e+00,4.829999923706054688e+01,0.000000000000000000e+00,0.000000000000000000e+00,-1.000000000000000000e+00
-2.002755737304687500e+01,-9.032258033752441406e+00,4.829999923706054688e+01,0.000000000000000000e+00,0.000000000000000000e+00,-1.000000000000000000e+00
-2.000324249267578125e+01,-8.709677696228027344e+00,4.829999923706054688e+01,0.000000000000000000e+00,0.000000000000000000e+00,-1.000000000000000000e+00
-1.997892761230468750e+01,-8.387096405029296875e+00,4.829999923706054688e+01,0.000000000000000000e+00,0.000000000000000000e+00,-1.000000000000000000e+00
-1.995461082458496094e+01,-8.064516067504882812e+00,4.829999923706054688e+01,0.000000000000000000e+00,0.000000000000000000e+00,-1.000000000000000000e+00
-1.993029594421386719e+01,-7.741935253143310547e+00,4.829999923706054688e+01,0.000000000000000000e+00,0.000000000000000000e+00,-1.000000000000000000e+00
-1.990598106384277344e+01,-7.419354915618896484e+00,4.829999923706054688e+01,0.000000000000000000e+00,0.000000000000000000e+00,-1.000000000000000000e+00
-1.988166618347167969e+01,-7.096774101257324219e+00,4.829999923706054688e+01,0.000000000000000000e+00,0.000000000000000000e+00,-1.000000000000000000e+00
-1.985735130310058594e+01,-6.774193763732910156e+00,4.829999923706054688e+01,0.000000000000000000e+00,0.000000000000000000e+00,-1.000000000000000000e+00
-1.983303642272949219e+01,-6.451612949371337891e+00,4.829999923706054688e+01,0.000000000000000000e+00,0.000000000000000000e+00,-1.000000000000000000e+00
-1.980872154235839844e+01,-6.129032135009765625e+00,4.829999923706054688e+01,0.000000000000000000e+00,0.000000000000000000e+00,-1.000000000000000000e+00
-1.978440666198730469e+01,-5.806451797485351562e+00,4.829999923706054688e+01,0.000000000000000000e+00,0.000000000000000000e+00,-1.000000000000000000e+00
-1.976008987426757812e+01,-5.483870983123779297e+00,4.829999923706054688e+01,0.000000000000000000e+00,0.000000000000000000e+00,-1.000000000000000000e+00
-1.973577499389648438e+01,-5.161290168762207031e+00,4.829999923706054688e+01,0.000000000000000000e+00,0.000000000000000000e+00,-1.000000000000000000e+00
-1.971146011352539062e+01,-4.838709831237792969e+00,4.829999923706054688e+01,0.000000000000000000e+00,0.000000000000000000e+00,-1.000000000000000000e+00
-1.968714523315429688e+01,-4.516129016876220703e+00,4.829999923706054688e+01,0.000000000000000000e+00,0.000000000000000000e+00,-1.000000000000000000e+00
-1.966283035278320312e+01,-4.193548202514648438e+00,4.829999923706054688e+01,0.000000000000000000e+00,0.000000000000000000e+00,-1.000000000000000000e+00
-1.963851547241210938e+01,-3.870967626571655273e+00,4.829999923706054688e+01,0.000000000000000000e+00,0.000000000000000000e+00,-1.000000000000000000e+00
-1.961420059204101562e+01,-3.548387050628662109e+00,4.829999923706054688e+01,0.000000000000000000e+00,0.000000000000000000e+00,-1.000000000000000000e+00
-1.958988571166992188e+01,-3.225806474685668945e+00,4.829999923706054688e+01,0.000000000000000000e+00,0.000000000000000000e+00,-1.000000000000000000e+00
-1.956556892395019531e+01,-2.903225898742675781e+00,4.829999923706054688e+01,0.000000000000000000e+00,0.000000000000000000e+00,-1.000000000000000000e+00
-1.954125404357910156e+01,-2.580645084381103516e+00,4.829999923706054688e+01,0.000000000000000000e+00,0.000000000000000000e+00,-1.000000000000000000e+00
-1.951693916320800781e+01,-2.258064508438110352e+00,4.829999923706054688e+01,0.000000000000000000e+00,0.000000000000000000e+00,-1.000000000000000000e+00
-1.949262428283691406e+01,-1.935483813285827637e+00,4.829999923706054688e+01,0.000000000000000000e+00,0.000000000000000000e+00,-1.000000000000000000e+00
-1.946830940246582031e+01,-1.612903237342834473e+00,4.829999923706054688e+01,0.000000000000000000e+00,0.000000000000000000e+00,-1.000000000000000000e+00
-1.944399452209472656e+01,-1.290322542190551758e+00,4.829999923706054688e+01,0.000000000000000000e+00,0.000000000000000000e+00,-1.000000000000000000e+00
-1.941967964172363281e+01,-9.677419066429138184e-01,4.829999923706054688e+01,0.000000000000000000e+00,0.000000000000000000e+00,-1.000000000000000000e+00
-1.939536476135253906e+01,-6.451612710952758789e-01,4.829999923706054688e+01,0.000000000000000000e+00,0.000000000000000000e+00,-1.000000000000000000e+00
-1.937104797363281250e+01,-3.225806355476379395e-01,4.829999923706054688e+01,0.000000000000000000e+00,0.000000000000000000e+00,-1.000000000000000000e+00
-1.984924697875976562e+01,0.000000000000000000e+00,4.829999923706054688e+01,0.000000000000000000e+00,0.000000000000000000e+00,-1.000000000000000000e+00
-1.982493019104003906e+01,3.225806355476379395e-01,4.829999923706054688e+01,0.000000000000000000e+00,0.000000000000000000e+00,-1.000000000000000000e+00
-1.980061531066894531e+01,6.451612710952758789e-01,4.829999923706054688e+01,0.000000000000000000e+00,0.000000000000000000e+00,-1.000000000000000000e+00
-1.977630043029785156e+01,9.677419066429138184e-01,4.829999923706054688e+01,0.000000000000000000e+00,0.000000000000000000e+00,-1.000000000000000000e+00
-1.975198554992675781e+01,1.290322542190551758e+00,4.829999923706054688e+01,0.000000000000000000e+00,0.000000000000000000e+00,-1.000000000000000000e+00
-1.972767066955566406e+01,1.612903237342834473e+00,4.829999923706054688e+01,0.000000000000000000e+00,0.000000000000000000e+00,-1.000000000000000000e+00
-1.970335578918457031e+01,1.935483813285827637e+00,4.829999923706054688e+01,0.000000000000000000e+00,0.000000000000000000e+00,-1.000000000000000000e+00
-1.967904090881347656e+01,2.258064508438110352e+00,4.829999923706054688e+01,0.000000000000000000e+00,0.000000000000000000e+00,-1.000000000000000000e+00
-1.965472602844238281e+01,2.580645084381103516e+00,4.829999923706054688e+01,0.000000000000000000e+00,0.000000000000000000e+00,-1.000000000000000000e+00
-1.963040924072265625e+01,2.903225898742675781e+00,4.829999923706054688e+01,0.000000000000000000e+00,0.000000000000000000e+00,-1.000000000000000000e+00
-1.960609436035156250e+01,3.225806474685668945e+00,4.829999923706054688e+01,0.000000000000000000e+00,0.000000000000000000e+00,-1.000000000000000000e+00
-1.958177947998046875e+01,3.548387050628662109e+00,4.829999923706054688e+01,0.000000000000000000e+00,0.000000000000000000e+00,-1.000000000000000000e+00
-1.955746459960937500e+01,3.870967626571655273e+00,4.829999923706054688e+01,0.000000000000000000e+00,0.000000000000000000e+00,-1.000000000000000000e+00
-1.953314971923828125e+01,4.193548202514648438e+00,4.829999923706054688e+01,0.000000000000000000e+00,0.000000000000000000e+00,-1.000000000000000000e+00
-1.950883483886718750e+01,4.516129016876220703e+00,4.829999923706054688e+01,0.000000000000000000e+00,0.000000000000000000e+00,-1.000000000000000000e+00
-1.948451995849609375e+01,4.838709831237792969e+00,4.829999923706054688e+01,0.000000000000000000e+00,0.000000000000000000e+00,-1.000000000000000000e+00
-1.946020507812500000e+01,5.161290168762207031e+00,4.829999923706054688e+01,0.000000000000000000e+00,0.000000000000000000e+00,-1.000000000000000000e+00
-1.943588829040527344e+01,5.483870983123779297e+00,4.829999923706054688e+01,0.000000000000000000e+00,0.000000000000000000e+00,-1.000000000000000000e+00
-1.941157341003417969e+01,5.806451797485351562e+00,4.829999923706054688e+01,0.000000000000000000e+00,0.000000000000000000e+00,-1.000000000000000000e+00
-1.938725852966308594e+01,6.129032135009765625e+00,4.829999923706054688e+01,0.000000000000000000e+00,0.000000000000000000e+00,-1.000000000000000000e+00
-1.936294364929199219e+01,6.451612949371337891e+00,4.829999923706054688e+01,0.000000000000000000e+00,0.000000000000000000e+00,-1.000000000000000000e+00
-1.933862876892089844e+01,6.774193763732910156e+00,4.829999923706054688e+01,0.000000000000000000e+00,0.000000000000000000e+00,-1.000000000000000000e+00
-1.931431388854980469e+01,7.096774101257324219e+00,4.829999923706054688e+01,0.000000000000000000e+00,0.000000000000000000e+00,-1.000000000000000000e+00
-1.928999900817871094e+01,7.419354915618896484e+00,4.829999923706054688e+01,0.000000000000000000e+00,0.000000000000000000e+00,-1.000000000000000000e+00
-1.926568412780761719e+01,7.741935253143310547e+00,4.829999923706054688e+01,0.000000000000000000e+00,0.000000000000000000e+00,-1.000000000000000000e+00
-1.924136734008789062e+01,8.064516067504882812e+00,4.829999923706054688e+01,0.000000000000000000e+00,0.000000000000000000e+00,-1.000000000000000000e+00
-1.921705245971679688e+01,8.387096405029296875e+00,4.829999923706054688e+01,0.000000000000000000e+00,0.000000000000000000e+00,-1.000000000000000000e+00
-1.919273757934570312e+01,8.709677696228027344e+00,4.829999923706054688e+01,0.000000000000000000e+00,0.000000000000000000e+00,-1.000000000000000000e+00
-1.916842269897460938e+01,9.032258033752441406e+00,4.829999923706054688e+01,0.000000000000000000e+00,0.000000000000000000e+00,-1.000000000000000000e+00
-1.914410781860351562e+01,9.354838371276855469e+00,4.829999923706054688e+01,0.000000000000000000e+00,0.000000000000000000e+00,-1.000000000000000000e+00
-1.911979293823242188e+01,9.677419662475585938e+00,4.829999923706054688e+01,0.000000000000000000e+00,0.000000000000000000e+00,-1.000000000000000000e+00
-1.909547805786132812e+01,1.000000000000000000e+01,4.829999923706054688e+01,0.000000000000000000e+00,0.000000000000000000e+00,-1.000000000000000000e+00
-1.909547805786132812e+01,1.000000000000000000e+01,4.829999923706054688e+01,0.000000000000000000e+00,0.000000000000000000e+00,-1.000000000000000000e+00
-1.907116317749023438e+01,9.677419662475585938e+00,4.829999923706054688e+01,0.000000000000000000e+00,0.000000000000000000e+00,-1.000000000000000000e+00
-1.904684638977050781e+01,9.354838371276855469e+00,4.829999923706054688e+01,0.000000000000000000e+00,0.000000000000000000e+00,-1.000000000000000000e+00
-1.902253150939941406e+01,9.032258033752441406e+00,4.829999923706054688e+01,0.000000000000000000e+00,0.000000000000000000e+00,-1.000000000000000000e+00
-1.899821662902832031e+01,8.709677696228027344e+00,4.829999923706054688e+01,0.000000000000000000e+00,0.000000000000000000e+00,-1.000000000000000000e+00
-1.897390174865722656e+01,8.387096405029296875e+00,4.829999923706054688e+01,0.000000000000000000e+00,0.000000000000000000e+00,-1.000000000000000000e+00
-1.894958686828613281e+01,8.064516067504882812e+00,4.829999923706054688e+01,0.000000000000000000e+00,0.000000000000000000e+00,-1.000000000000000000e+00
-1.892527198791503906e+01,7.741935253143310547e+00,4.829999923706054688e+01,0.000000000000000000e+00,0.000000000000000000e+00,-1.000000000000000000e+00
-1.890095710754394531e+01,7.419354915618896484e+00,4.829999923706054688e+01,0.000000000000000000e+00,0.000000000000000000e+00,-1.000000000000000000e+00
-1.887664031982421875e+01,7.096774101257324219e+00,4.829999923706054688e+01,0.000000000000000000e+00,0.000000000000000000e+00,-1.000000000000000000e+00
-1.885232543945312500e+01,6.774193763732910156e+00,4.829999923706054688e+01,0.000000000000000000e+00,0.000000000000000000e+00,-1.000000000000000000e+00
-1.882801055908203125e+01,6.451612949371337891e+00,4.829999923706054688e+01,0.000000000000000000e+00,0.000000000000000000e+00,-1.000000000000000000e+00
-1.880369567871093750e+01,6.129032135009765625e+00,4.829999923706054688e+01,0.000000000000000000e+00,0.000000000000000000e+00,-1.000000000000000000e+00
-1.877938079833984375e+01,5.806451797485351562e+00,4.829999923706054688e+01,0.000000000000000000e+00,0.000000000000000000e+00,-1.000000000000000000e+00
-1.875506591796875000e+01,5.483870983123779297e+00,4.829999923706054688e+01,0.000000000000000000e+00,0.000000000000000000e+00,-1.000000000000000000e+00
-1.873075103759765625e+01,5.161290168762207031e+00,4.829999923706054688e+01,0.000000000000000000e+00,0.000000000000000000e+00,-1.000000000000000000e+00
-1.870643615722656250e+01,4.838709831237792969e+00,4.829999923706054688e+01,0.000000000000000000e+00,0.000000000000000000e+00,-1.000000000000000000e+00
-1.868211936950683594e+01,4.516129016876220703e+00,4.829999923706054688e+01,0.000000000000000000e+00,0.000000000000000000e+00,-1.000000000000000000e+00
-1.865780448913574219e+01,4.193548202514648438e+00,4.829999923706054688e+01,0.000000000000000000e+00,0.000000000000000000e+00,-1.000000000000000000e+00
-1.863348960876464844e+01,3.870967626571655273e+00,4.829999923706054688e+01,0.000000000000000000e+00,0.000000000000000000e+00,-1.000000000000000000e+00
-1.860917472839355469e+01,3.548387050628662109e+00,4.829999923706054688e+01,0.000000000000000000e+00,0.000000000000000000e+00,-1.000000000000000000e+00
-1.858485984802246094e+01,3.225806474685668945e+00,4.829999923706054688e+01,0.000000000000000000e+00,0.000000000000000000e+00,-1.000000000000000000e+00
-1.856054496765136719e+01,2.903225898742675781e+00,4.829999923706054688e+01,0.000000000000000000e+00,0.000000000000000000e+00,-1.000000000000000000e+00
-1.853623008728027344e+01,2.580645084381103516e+00,4.829999923706054688e+01,0.000000000000000000e+00,0.000000000000000000e+00,-1.000000000000000000e+00
-1.851191520690917969e+01,2.258064508438110352e+00,4.829999923706054688e+01,0.000000000000000000e+00,0.000000000000000000e+00,-1.000000000000000000e+00
-1.848759841918945312e+01,1.935483813285827637e+00,4.829999923706054688e+01,0.000000000000000000e+00,0.000000000000000000e+00,-1.000000000000000000e+00
-1.846328353881835938e+01,1.612903237342834473e+00,4.829999923706054688e+01,0.000000000000000000e+00,0.000000000000000000e+00,-1.000000000000000000e+00
-1.843896865844726562e+01,1.290322542190551758e+00,4.829999923706054688e+01,0.000000000000000000e+00,0.000000000000000000e+00,-1.000000000000000000e+00
-1.841465377807617188e+01,9.677419066429138184e-01,4.829999923706054688e+01,0.000000000000000000e+00,0.000000000000000000e+00,-1.000000000000000000e+00
-1.839033889770507812e+01,6.451612710952758789e-01,4.829999923706054688e+01,0.000000000000000000e+00,0.000000000000000000e+00,-1.000000000000000000e+00
-1.836602401733398438e+01,3.225806355476379395e-01,4.829999923706054688e+01,0.000000000000000000e+00,0.000000000000000000e+00,-1.000000000000000000e+00
-1.884422111511230469e+01,0.000000000000000000e+00,4.829999923706054688e+01,0.000000000000000000e+00,0.000000000000000000e+00,-1.000000000000000000e+00
-1.881990623474121094e+01,-3.225806355476379395e-01,4.829999923706054688e+01,0.000000000000000000e+00,0.000000000000000000e+00,-1.000000000000000000e+00
-1.879559135437011719e+01,-6.451612710952758789e-01,4.829999923706054688e+01,0.000000000000000000e+00,0.000000000000000000e+00,-1.000000000000000000e+00
-1.877127647399902344e+01,-9.677419066429138184e-01,4.829999923706054688e+01,0.000000000000000000e+00,0.000000000000000000e+00,-1.000000000000000000e+00
-1.874695968627929688e+01,-1.290322542190551758e+00,4.829999923706054688e+01,0.000000000000000000e+00,0.000000000000000000e+00,-1.000000000000000000e+00
-1.872264480590820312e+01,-1.612903237342834473e+00,4.829999923706054688e+01,0.000000000000000000e+00,0.000000000000000000e+00,-1.000000000000000000e+00
-1.869832992553710938e+01,-1.935483813285827637e+00,4.829999923706054688e+01,0.000000000000000000e+00,0.000000000000000000e+00,-1.000000000000000000e+00
-1.867401504516601562e+01,-2.258064508438110352e+00,4.829999923706054688e+01,0.000000000000000000e+00,0.000000000000000000e+00,-1.000000000000000000e+00
-1.864970016479492188e+01,-2.580645084381103516e+00,4.829999923706054688e+01,0.000000000000000000e+00,0.000000000000000000e+00,-1.000000000000000000e+00
-1.862538528442382812e+01,-2.903225898742675781e+00,4.829999923706054688e+01,0.000000000000000000e+00,0.000000000000000000e+00,-1.000000000000000000e+00
-1.860107040405273438e+01,-3.225806474685668945e+00,4.829999923706054688e+01,0.000000000000000000e+00,0.000000000000000000e+00,-1.000000000000000000e+00
-1.857675552368164062e+01,-3.548387050628662109e+00,4.829999923706054688e+01,0.000000000000000000e+00,0.000000000000000000e+00,-1.000000000000000000e+00
-1.855243873596191406e+01,-3.870967626571655273e+00,4.829999923706054688e+01,0.000000000000000000e+00,0.000000000000000000e+00,-1.000000000000000000e+00
-1.852812385559082031e+01,-4.193548202514648438e+00,4.829999923706054688e+01,0.000000000000000000e+00,0.000000000000000000e+00,-1.000000000000000000e+00
-1.850380897521972656e+01,-4.516129016876220703e+00,4.829999923706054688e+01,0.000000000000000000e+00,0.000000000000000000e+00,-1.000000000000000000e+00
-1.847949409484863281e+01,-4.838709831237792969e+00,4.829999923706054688e+01,0.000000000000000000e+00,0.000000000000000000e+00,-1.000000000000000000e+00
-1.845517921447753906e+01,-5.161290168762207031e+00,4.829999923706054688e+01,0.000000000000000000e+00,0.000000000000000000e+00,-1.000000000000000000e+00
-1.843086433410644531e+01,-5.483870983123779297e+00,4.829999923706054688e+01,0.000000000000000000e+00,0.000000000000000000e+00,-1.000000000000000000e+00
-1.840654945373535156e+01,-5.806451797485351562e+00,4.829999923706054688e+01,0.000000000000000000e+00,0.000000000000000000e+00,-1.000000000000000000e+00
-1.838223457336425781e+01,-6.129032135009765625e+00,4.829999923706054688e+01,0.000000000000000000e+00,0.000000000000000000e+00,-1.000000000000000000e+00
-1.835791778564453125e+01,-6.451612949371337891e+00,4.829999923706054688e+01,0.000000000000000000e+00,0.000000000000000000e+00,-1.000000000000000000e+00
-1.833360290527343750e+01,-6.774193763732910156e+00,4.829999923706054688e+01,0.000000000000000000e+00,0.000000000000000000e+00,-1.000000000000000000e+00
-1.830928802490234375e+01,-7.096774101257324219e+00,4.829999923706054688e+01,0.000000000000000000e+00,0.000000000000000000e+00,-1.000000000000000000e+00
-1.828497314453125000e+01,-7.419354915618896484e+00,4.829999923706054688e+01,0.000000000000000000e+00,0.000000000000000000e+00,-1.000000000000000000e+00
-1.826065826416015625e+01,-7.741935253143310547e+00,4.829999923706054688e+01,0.000000000000000000e+00,0.000000000000000000e+00,-1.000000000000000000e+00
-1.823634338378906250e+01,-8.064516067504882812e+00,4.829999923706054688e+01,0.000000000000000000e+00,0.000000000000000000e+00,-1.000000000000000000e+00
-1.821202850341796875e+01,-8.387096405029296875e+00,4.829999923706054688e+01,0.000000000000000000e+00,0.000000000000000000e+00,-1.000000000000000000e+00
-1.818771362304687500e+01,-8.709677696228027344e+00,4.829999923706054688e+01,0.000000000000000000e+00,0.000000000000000000e+00,-1.000000000000000000e+00
-1.816339683532714844e+01,-9.032258033752441406e+00,4.829999923706054688e+01,0.000000000000000000e+00,0.000000000000000000e+00,-1.000000000000000000e+00
-1.813908195495605469e+01,-9.354838371276855469e+00,4.829999923706054688e+01,0.000000000000000000e+00,0.000000000000000000e+00,-1.000000000000000000e+00
-1.811476707458496094e+01,-9.677419662475585938e+00,4.829999923706054688e+01,0.000000000000000000e+00,0.000000000000000000e+00,-1.000000000000000000e+00
-1.809045219421386719e+01,-1.000000000000000000e+01,4.829999923706054688e+01,0.000000000000000000e+00,0.000000000000000000e+00,-1.000000000000000000e+00
-1.809045219421386719e+01,-1.000000000000000000e+01,4.829999923706054688e+01,0.000000000000000000e+00,0.000000000000000000e+00,-1.000000000000000000e+00
-1.806613731384277344e+01,-9.677419662475585938e+00,4.829999923706054688e+01,0.000000000000000000e+00,0.000000000000000000e+00,-1.000000000000000000e+00
-1.804182243347167969e+01,-9.354838371276855469e+00,4.829999923706054688e+01,0.000000000000000000e+00,0.000000000000000000e+00,-1.000000000000000000e+00
-1.801750755310058594e+01,-9.032258033752441406e+00,4.829999923706054688e+01,0.000000000000000000e+00,0.000000000000000000e+00,-1.000000000000000000e+00
-1.799319267272949219e+01,-8.709677696228027344e+00,4.829999923706054688e+01,0.000000000000000000e+00,0.000000000000000000e+00,-1.000000000000000000e+00
-1.796887588500976562e+01,-8.387096405029296875e+00,4.829999923706054688e+01,0.000000000000000000e+00,0.000000000000000000e+00,-1.000000000000000000e+00
-1.794456100463867188e+01,-8.064516067504882812e+00,4.829999923706054688e+01,0.000000000000000000e+00,0.000000000000000000e+00,-1.000000000000000000e+00
-1.792024612426757812e+01,-7.741935253143310547e+00,4.829999923706054688e+01,0.000000000000000000e+00,0.000000000000000000e+00,-1.000000000000000000e+00
-1.789593124389648438e+01,-7.419354915618896484e+00,4.829999923706054688e+01,0.000000000000000000e+00,0.000000000000000000e+00,-1.000000000000000000e+00
-1.787161636352539062e+01,-7.096774101257324219e+00,4.829999923706054688e+01,0.000000000000000000e+00,0.000000000000000000e+00,-1.000000000000000000e+00
-1.784730148315429688e+01,-6.774193763732910156e+00,4.829999923706054688e+01,0.000000000000000000e+00,0.000000000000000000e+00,-1.000000000000000000e+00
-1.782298660278320312e+01,-6.451612949371337891e+00,4.829999923706054688e+01,0.000000000000000000e+00,0.000000000000000000e+00,-1.000000000000000000e+00
-1.779867172241210938e+01,-6.129032135009765625e+00,4.829999923706054688e+01,0.000000000000000000e+00,0.000000000000000000e+00,-1.000000000000000000e+00
-1.777435493469238281e+01,-5.806451797485351562e+00,4.829999923706054688e+01,0.000000000000000000e+00,0.000000000000000000e+00,-1.000000000000000000e+00
-1.775004005432128906e+01,-5.483870983123779297e+00,4.829999923706054688e+01,0.000000000000000000e+00,0.000000000000000000e+00,-1.000000000000000000e+00
-1.772572517395019531e+01,-5.161290168762207031e+00,4.829999923706054688e+01,0.000000000000000000e+00,0.000000000000000000e+00,-1.000000000000000000e+00
-1.770141029357910156e+01,-4.838709831237792969e+00,4.829999923706054688e+01,0.000000000000000000e+00,0.000000000000000000e+00,-1.000000000000000000e+00
-1.767709541320800781e+01,-4.516129016876220703e+00,4.829999923706054688e+01,0.000000000000000000e+00,0.000000000000000000e+00,-1.000000000000000000e+00
-1.765278053283691406e+01,-4.193548202514648438e+00,4.829999923706054688e+01,0.000000000000000000e+00,0.000000000000000000e+00,-1.000000000000000000e+00
-1.762846565246582031e+01,-3.870967626571655273e+00,4.829999923706054688e+01,0.000000000000000000e+00,0.000000000000000000e+00,-1.000000000000000000e+00
-1.760414886474609375e+01,-3.548387050628662109e+00,4.829999923706054688e+01,0.000000000000000000e+00,0.000000000000000000e+00,-1.000000000000000000e+00
-1.757983398437500000e+01,-3.225806474685668945e+00,4.829999923706054688e+01,0.000000000000000000e+00,0.000000000000000000e+00,-1.000000000000000000e+00
-1.755551910400390625e+01,-2.903225898742675781e+00,4.829999923706054688e+01,0.000000000000000000e+00,0.000000000000000000e+00,-1.000000000000000000e+00
-1.753120422363281250e+01,-2.580645084381103516e+00,4.829999923706054688e+01,0.000000000000000000e+00,0.000000000000000000e+00,-1.000000000000000000e+00
-1.750688934326171875e+01,-2.258064508438110352e+00,4.829999923706054688e+01,0.000000000000000000e+00,0.000000000000000000e+00,-1.000000000000000000e+00
-1.748257446289062500e+01,-1.935483813285827637e+00,4.829999923706054688e+01,0.000000000000000000e+00,0.000000000000000000e+00,-1.000000000000000000e+00
-1.745825958251953125e+01,-1.612903237342834473e+00,4.829999923706054688e+01,0.000000000000000000e+00,0.000000000000000000e+00,-1.000000000000000000e+00
-1.743394470214843750e+01,-1.290322542190551758e+00,4.829999923706054688e+01,0.000000000000000000e+00,0.000000000000000000e+00,-1.000000000000000000e+00
-1.740962791442871094e+01,-9.677419066429138184e-01,4.829999923706054688e+01,0.000000000000000000e+00,0.000000000000000000e+00,-1.000000000000000000e+00
-1.738531303405761719e+01,-6.451612710952758789e-01,4.829999923706054688e+01,0.000000000000000000e+00,0.000000000000000000e+00,-1.000000000000000000e+00
-1.736099815368652344e+01,-3.225806355476379395e-01,4.829999923706054688e+01,0.000000000000000000e+00,0.000000000000000000e+00,-1.000000000000000000e+00
-1.783919525146484375e+01,0.000000000000000000e+00,4.829999923706054688e+01,0.000000000000000000e+00,0.000000000000000000e+00,-1.000000000000000000e+00
-1.781488037109375000e+01,3.225806355476379395e-01,4.829999923706054688e+01,0.000000000000000000e+00,0.000000000000000000e+00,-1.000000000000000000e+00
-1.779056549072265625e+01,6.451612710952758789e-01,4.829999923706054688e+01,0.000000000000000000e+00,0.000000000000000000e+00,-1.000000000000000000e+00
-1.776625061035156250e+01,9.677419066429138184e-01,4.829999923706054688e+01,0.000000000000000000e+00,0.000000000000000000e+00,-1.000000000000000000e+00
-1.774193572998046875e+01,1.290322542190551758e+00,4.829999923706054688e+01,0.000000000000000000e+00,0.000000000000000000e+00,-1.000000000000000000e+00
-1.771762084960937500e+01,1.612903237342834473e+00,4.829999923706054688e+01,0.000000000000000000e+00,0.000000000000000000e+00,-1.000000000000000000e+00
-1.769330596923828125e+01,1.935483813285827637e+00,4.829999923706054688e+01,0.000000000000000000e+00,0.000000000000000000e+00,-1.000000000000000000e+00
-1.766898918151855469e+01,2.258064508438110352e+00,4.829999923706054688e+01,0.000000000000000000e+00,0.000000000000000000e+00,-1.000000000000000000e+00
-1.764467430114746094e+01,2.580645084381103516e+00,4.829999923706054688e+01,0.000000000000000000e+00,0.000000000000000000e+00,-1.000000000000000000e+00
-1.762035942077636719e+01,2.903225898742675781e+00,4.829999923706054688e+01,0.000000000000000000e+00,0.000000000000000000e+00,-1.000000000000000000e+00
-1.759604454040527344e+01,3.225806474685668945e+00,4.829999923706054688e+01,0.000000000000000000e+00,0.000000000000000000e+00,-1.000000000000000000e+00
-1.757172966003417969e+01,3.548387050628662109e+00,4.829999923706054688e+01,0.000000000000000000e+00,0.000000000000000000e+00,-1.000000000000000000e+00
-1.754741477966308594e+01,3.870967626571655273e+00,4.829999923706054688e+01,0.000000000000000000e+00,0.000000000000000000e+00,-1.000000000000000000e+00
-1.752309989929199219e+01,4.193548202514648438e+00,4.829999923706054688e+01,0.000000000000000000e+00,0.000000000000000000e+00,-1.000000000000000000e+00
-1.749878501892089844e+01,4.516129016876220703e+00,4.829999923706054688e+01,0.000000000000000000e+00,0.000000000000000000e+00,-1.000000000000000000e+00
-1.747446823120117188e+01,4.838709831237792969e+00,4.829999923706054688e+01,0.000000000000000000e+00,0.000000000000000000e+00,-1.000000000000000000e+00
-1.745015335083007812e+01,5.161290168762207031e+00,4.829999923706054688e+01,0.000000000000000000e+00,0.000000000000000000e+00,-1.000000000000000000e+00
-1.742583847045898438e+01,5.483870983123779297e+00,4.829999923706054688e+01,0.000000000000000000e+00,0.000000000000000000e+00,-1.000000000000000000e+00
-1.740152359008789062e+01,5.806451797485351562e+00,4.829999923706054688e+01,0.000000000000000000e+00,0.000000000000000000e+00,-1.000000000000000000e+00
-1.737720870971679688e+01,6.129032135009765625e+00,4.829999923706054688e+01,0.000000000000000000e+00,0.000000000000000000e+00,-1.000000000000000000e+00
-1.735289382934570312e+01,6.451612949371337891e+00,4.829999923706054688e+01,0.000000000000000000e+00,0.000000000000000000e+00,-1.000000000000000000e+00
-1.732857894897460938e+01,6.774193763732910156e+00,4.829999923706054688e+01,0.000000000000000000e+00,0.000000000000000000e+00,-1.000000000000000000e+00
-1.730426406860351562e+01,7.096774101257324219e+00,4.829999923706054688e+01,0.000000000000000000e+00,0.000000000000000000e+00,-1.000000000000000000e+00
-1.727994728088378906e+01,7.419354915618896484e+00,4.829999923706054688e+01,0.000000000000000000e+00,0.000000000000000000e+00,-1.000000000000000000e+00
-1.725563240051269531e+01,7.741935253143310547e+00,4.829999923706054688e+01,0.000000000000000000e+00,0.000000000000000000e+00,-1.000000000000000000e+00
-1.723131752014160156e+01,8.064516067504882812e+00,4.829999923706054688e+01,0.000000000000000000e+00,0.000000000000000000e+00,-1.000000000000000000e+00
-1.720700263977050781e+01,8.387096405029296875e+00,4.829999923706054688e+01,0.000000000000000000e+00,0.000000000000000000e+00,-1.000000000000000000e+00
-1.718268775939941406e+01,8.709677696228027344e+00,4.829999923706054688e+01,0.000000000000000000e+00,0.000000000000000000e+00,-1.000000000000000000e+00
-1.715837287902832031e+01,9.032258033752441406e+00,4.829999923706054688e+01,0.000000000000000000e+00,0.000000000000000000e+00,-1.000000000000000000e+00
-1.713405799865722656e+01,9.354838371276855469e+00,4.829999923706054688e+01,0.000000000000000000e+00,0.000000000000000000e+00,-1.000000000000000000e+00
-1.710974311828613281e+01,9.677419662475585938e+00,4.829999923706054688e+01,0.000000000000000000e+00,0.000000000000000000e+00,-1.000000000000000000e+00
-1.708542633056640625e+01,1.000000000000000000e+01,4.829999923706054688e+01,0.000000000000000000e+00,0.000000000000000000e+00,-1.000000000000000000e+00
-1.708542633056640625e+01,1.000000000000000000e+01,4.829999923706054688e+01,0.000000000000000000e+00,0.000000000000000000e+00,-1.000000000000000000e+00
-1.706111145019531250e+01,9.677419662475585938e+00,4.829999923706054688e+01,0.000000000000000000e+00,0.000000000000000000e+00,-1.000000000000000000e+00
-1.703679656982421875e+01,9.354838371276855469e+00,4.829999923706054688e+01,0.000000000000000000e+00,0.000000000000000000e+00,-1.000000000000000000e+00
-1.701248168945312500e+01,9.032258033752441406e+00,4.829999923706054688e+01,0.000000000000000000e+00,0.000000000000000000e+00,-1.000000000000000000e+00
-1.698816680908203125e+01,8.709677696228027344e+00,4.829999923706054688e+01,0.000000000000000000e+00,0.000000000000000000e+00,-1.000000000000000000e+00
-1.696385192871093750e+01,8.387096405029296875e+00,4.829999923706054688e+01,0.000000000000000000e+00,0.000000000000000000e+00,-1.000000000000000000e+00
-1.693953704833984375e+01,8.064516067504882812e+00,4.829999923706054688e+01,0.000000000000000000e+00,0.000000000000000000e+00,-1.000000000000000000e+00
-1.691522216796875000e+01,7.741935253143310547e+00,4.829999923706054688e+01,0.000000000000000000e+00,0.000000000000000000e+00,-1.000000000000000000e+00
-1.689090538024902344e+01,7.419354915618896484e+00,4.829999923706054688e+01,0.000000000000000000e+00,0.000000000000000000e+00,-1.000000000000000000e+00
-1.686659049987792969e+01,7.096774101257324219e+00,4.829999923706054688e+01,0.000000000000000000e+00,0.000000000000000000e+00,-1.000000000000000000e+00
-1.684227561950683594e+01,6.774193763732910156e+00,4.829999923706054688e+01,0.000000000000000000e+00,0.000000000000000000e+00,-1.000000000000000000e+00
-1.681796073913574219e+01,6.451612949371337891e+00,4.829999923706054688e+01,0.000000000000000000e+00,0.000000000000000000e+00,-1.000000000000000000e+00
-1.679364585876464844e+01,6.129032135009765625e+00,4.829999923706054688e+01,0.000000000000000000e+00,0.000000000000000000e+00,-1.000000000000000000e+00
-1.676933097839355469e+01,5.806451797485351562e+00,4.829999923706054688e+01,0.000000000000000000e+00,0.000000000000000000e+00,-1.000000000000000000e+00
-1.674501609802246094e+01,5.483870983123779297e+00,4.829999923706054688e+01,0.000000000000000000e+00,0.000000000000000000e+00,-1.000000000000000000e+00
-1.672070121765136719e+01,5.161290168762207031e+00,4.829999923706054688e+01,0.000000000000000000e+00,0.000000000000000000e+00,-1.000000000000000000e+00
-1.669638442993164062e+01,4.838709831237792969e+00,4.829999923706054688e+01,0.000000000000000000e+00,0.000000000000000000e+00,-1.000000000000000000e+00
-1.667206954956054688e+01,4.516129016876220703e+00,4.829999923706054688e+01,0.000000000000000000e+00,0.000000000000000000e+00,-1.000000000000000000e+00
-1.664775466918945312e+01,4.193548202514648438e+00,4.829999923706054688e+01,0.000000000000000000e+00,0.000000000000000000e+00,-1.000000000000000000e+00
-1.662343978881835938e+01,3.870967626571655273e+00,4.829999923706054688e+01,0.000000000000000000e+00,0.000000000000000000e+00,-1.000000000000000000e+00
-1.659912490844726562e+01,3.548387050628662109e+00,4.829999923706054688e+01,0.000000000000000000e+00,0.000000000000000000e+00,-1.000000000000000000e+00
-1.657481002807617188e+01,3.225806474685668945e+00,4.829999923706054688e+01,0.000000000000000000e+00,0.000000000000000000e+00,-1.000000000000000000e+00
-1.655049514770507812e+01,2.903225898742675781e+00,4.829999923706054688e+01,0.000000000000000000e+00,0.000000000000000000e+00,-1.000000000000000000e+00
-1.652617835998535156e+01,2.580645084381103516e+00,4.829999923706054688e+01,0.000000000000000000e+00,0.000000000000000000e+00,-1.000000000000000000e+00
-1.650186347961425781e+01,2.258064508438110352e+00,4.829999923706054688e+01,0.000000000000000000e+00,0.000000000000000000e+00,-1.000000000000000000e+00
-1.647754859924316406e+01,1.935483813285827637e+00,4.829999923706054688e+01,0.000000000000000000e+00,0.000000000000000000e+00,-1.000000000000000000e+00
-1.645323371887207031e+01,1.612903237342834473e+00,4.829999923706054688e+01,0.000000000000000000e+00,0.000000000000000000e+00,-1.000000000000000000e+00
-1.642891883850097656e+01,1.290322542190551758e+00,4.829999923706054688e+01,0.000000000000000000e+00,0.000000000000000000e+00,-1.000000000000000000e+00
-1.640460395812988281e+01,9.677419066429138184e-01,4.829999923706054688e+01,0.000000000000000000e+00,0.000000000000000000e+00,-1.000000000000000000e+00
-1.638028907775878906e+01,6.451612710952758789e-01,4.829999923706054688e+01,0.000000000000000000e+00,0.000000000000000000e+00,-1.000000000000000000e+00
-1.635597419738769531e+01,3.225806355476379395e-01,4.829999923706054688e+01,0.000000000000000000e+00,0.000000000000000000e+00,-1.000000000000000000e+00
-1.683417129516601562e+01,0.000000000000000000e+00,4.829999923706054688e+01,0.000000000000000000e+00,0.000000000000000000e+00,-1.000000000000000000e+00
-1.680985641479492188e+01,-3.225806355476379395e-01,4.829999923706054688e+01,0.000000000000000000e+00,0.000000000000000000e+00,-1.000000000000000000e+00
-1.678554153442382812e+01,-6.451612710952758789e-01,4.829999923706054688e+01,0.000000000000000000e+00,0.000000000000000000e+00,-1.000000000000000000e+00
-1.676122474670410156e+01,-9.677419066429138184e-01,4.829999923706054688e+01,0.000000000000000000e+00,0.000000000000000000e+00,-1.000000000000000000e+00
-1.673690986633300781e+01,-1.290322542190551758e+00,4.829999923706054688e+01,0.000000000000000000e+00,0.000000000000000000e+00,-1.000000000000000000e+00
-1.671259498596191406e+01,-1.612903237342834473e+00,4.829999923706054688e+01,0.000000000000000000e+00,0.000000000000000000e+00,-1.000000000000000000e+00
-1.668828010559082031e+01,-1.935483813285827637e+00,4.829999923706054688e+01,0.000000000000000000e+00,0.000000000000000000e+00,-1.000000000000000000e+00
-1.666396522521972656e+01,-2.258064508438110352e+00,4.829999923706054688e+01,0.000000000000000000e+00,0.000000000000000000e+00,-1.000000000000000000e+00
-1.663965034484863281e+01,-2.580645084381103516e+00,4.829999923706054688e+01,0.000000000000000000e+00,0.000000000000000000e+00,-1.000000000000000000e+00
-1.661533546447753906e+01,-2.903225898742675781e+00,4.829999923706054688e+01,0.000000000000000000e+00,0.000000000000000000e+00,-1.000000000000000000e+00
-1.659101867675781250e+01,-3.225806474685668945e+00,4.829999923706054688e+01,0.000000000000000000e+00,0.000000000000000000e+00,-1.000000000000000000e+00
-1.656670379638671875e+01,-3.548387050628662109e+00,4.829999923706054688e+01,0.000000000000000000e+00,0.000000000000000000e+00,-1.000000000000000000e+00
-1.654238891601562500e+01,-3.870967626571655273e+00,4.829999923706054688e+01,0.000000000000000000e+00,0.000000000000000000e+00,-1.000000000000000000e+00
-1.651807403564453125e+01,-4.193548202514648438e+00,4.829999923706054688e+01,0.000000000000000000e+00,0.000000000000000000e+00,-1.000000000000000000e+00
-1.649375915527343750e+01,-4.516129016876220703e+00,4.829999923706054688e+01,0.000000000000000000e+00,0.000000000000000000e+00,-1.000000000000000000e+00
-1.646944427490234375e+01,-4.838709831237792969e+00,4.829999923706054688e+01,0.000000000000000000e+00,0.000000000000000000e+00,-1.000000000000000000e+00
-1.644512939453125000e+01,-5.161290168762207031e+00,4.829999923706054688e+01,0.000000000000000000e+00,0.000000000000000000e+00,-1.000000000000000000e+00
-1.642081451416015625e+01,-5.483870983123779297e+00,4.829999923706054688e+01,0.000000000000000000e+00,0.000000000000000000e+00,-1.000000000000000000e+00
-1.639649772644042969e+01,-5.806451797485351562e+00,4.829999923706054688e+01,0.000000000000000000e+00,0.000000000000000000e+00,-1.000000000000000000e+00
-1.637218284606933594e+01,-6.129032135009765625e+00,4.829999923706054688e+01,0.000000000000000000e+00,0.000000000000000000e+00,-1.000000000000000000e+00
-1.634786796569824219e+01,-6.451612949371337891e+00,4.829999923706054688e+01,0.000000000000000000e+00,0.000000000000000000e+00,-1.000000000000000000e+00
-1.632355308532714844e+01,-6.774193763732910156e+00,4.829999923706054688e+01,0.000000000000000000e+00,0.000000000000000000e+00,-1.000000000000000000e+00
-1.629923820495605469e+01,-7.096774101257324219e+00,4.829999923706054688e+01,0.000000000000000000e+00,0.000000000000000000e+00,-1.000000000000000000e+00
-1.627492332458496094e+01,-7.419354915618896484e+00,4.829999923706054688e+01,0.000000000000000000e+00,0.000000000000000000e+00,-1.000000000000000000e+00
-1.625060844421386719e+01,-7.741935253143310547e+00,4.829999923706054688e+01,0.000000000000000000e+00,0.000000000000000000e+00,-1.000000000000000000e+00
-1.622629356384277344e+01,-8.064516067504882812e+00,4.829999923706054688e+01,0.000000000000000000e+00,0.000000000000000000e+00,-1.000000000000000000e+00
-1.620197677612304688e+01,-8.387096405029296875e+00,4.829999923706054688e+01,0.000000000000000000e+00,0.000000000000000000e+00,-1.000000000000000000e+00
-1.617766189575195312e+01,-8.709677696228027344e+00,4.829999923706054688e+01,0.000000000000000000e+00,0.000000000000000000e+00,-1.000000000000000000e+00
-1.615334701538085938e+01,-9.032258033752441406e+00,4.829999923706054688e+01,0.000000000000000000e+00,0.000000000000000000e+00,-1.000000000000000000e+00
-1.612903213500976562e+01,-9.354838371276855469e+00,4.829999923706054688e+01,0.000000000000000000e+00,0.000000000000000000e+00,-1.000000000000000000e+00
-1.610471725463867188e+01,-9.677419662475585938e+00,4.829999923706054688e+01,0.000000000000000000e+00,0.000000000000000000e+00,-1.000000000000000000e+00
-1.608040237426757812e+01,-1.000000000000000000e+01,4.829999923706054688e+01,0.000000000000000000e+00,0.000000000000000000e+00,-1.000000000000000000e+00
-1.608040237426757812e+01,-1.000000000000000000e+01,4.829999923706054688e+01,0.000000000000000000e+00,0.000000000000000000e+00,-1.000000000000000000e+00
-1.605608749389648438e+01,-9.677419662475585938e+00,4.829999923706054688e+01,0.000000000000000000e+00,0.000000000000000000e+00,-1.000000000000000000e+00
-1.603177261352539062e+01,-9.354838371276855469e+00,4.829999923706054688e+01,0.000000000000000000e+00,0.000000000000000000e+00,-1.000000000000000000e+00
-1.600745582580566406e+01,-9.032258033752441406e+00,4.829999923706054688e+01,0.000000000000000000e+00,0.000000000000000000e+00,-1.000000000000000000e+00
-1.598314189910888672e+01,-8.709677696228027344e+00,4.829999923706054688e+01,0.000000000000000000e+00,0.000000000000000000e+00,-1.000000000000000000e+00
-1.595882606506347656e+01,-8.387096405029296875e+00,4.829999923706054688e+01,0.000000000000000000e+00,0.000000000000000000e+00,-1.000000000000000000e+00
-1.593451118469238281e+01,-8.064516067504882812e+00,4.829999923706054688e+01,0.000000000000000000e+00,0.000000000000000000e+00,-1.000000000000000000e+00
-1.591019630432128906e+01,-7.741935253143310547e+00,4.829999923706054688e+01,0.000000000000000000e+00,0.000000000000000000e+00,-1.000000000000000000e+00
-1.588588142395019531e+01,-7.419354915618896484e+00,4.829999923706054688e+01,0.000000000000000000e+00,0.000000000000000000e+00,-1.000000000000000000e+00
-1.586156558990478516e+01,-7.096774101257324219e+00,4.829999923706054688e+01,0.000000000000000000e+00,0.000000000000000000e+00,-1.000000000000000000e+00
-1.583725070953369141e+01,-6.774193763732910156e+00,4.829999923706054688e+01,0.000000000000000000e+00,0.000000000000000000e+00,-1.000000000000000000e+00
-1.581293582916259766e+01,-6.451612949371337891e+00,4.829999923706054688e+01,0.000000000000000000e+00,0.000000000000000000e+00,-1.000000000000000000e+00
-1.578862094879150391e+01,-6.129032135009765625e+00,4.829999923706054688e+01,0.000000000000000000e+00,0.000000000000000000e+00,-1.000000000000000000e+00
-1.576430511474609375e+01,-5.806451797485351562e+00,4.829999923706054688e+01,0.000000000000000000e+00,0.000000000000000000e+00,-1.000000000000000000e+00
-1.573999023437500000e+01,-5.483870983123779297e+00,4.829999923706054688e+01,0.000000000000000000e+00,0.000000000000000000e+00,-1.000000000000000000e+00
-1.571567535400390625e+01,-5.161290168762207031e+00,4.829999923706054688e+01,0.000000000000000000e+00,0.000000000000000000e+00,-1.000000000000000000e+00
-1.569136047363281250e+01,-4.838709831237792969e+00,4.829999923706054688e+01,0.000000000000000000e+00,0.000000000000000000e+00,-1.000000000000000000e+00
-1.566704463958740234e+01,-4.516129016876220703e+00,4.829999923706054688e+01,0.000000000000000000e+00,0.000000000000000000e+00,-1.000000000000000000e+00
-1.564272975921630859e+01,-4.193548202514648438e+00,4.829999923706054688e+01,0.000000000000000000e+00,0.000000000000000000e+00,-1.000000000000000000e+00
-1.561841487884521484e+01,-3.870967626571655273e+00,4.829999923706054688e+01,0.000000000000000000e+00,0.000000000000000000e+00,-1.000000000000000000e+00
-1.559409999847412109e+01,-3.548387050628662109e+00,4.829999923706054688e+01,0.000000000000000000e+00,0.000000000000000000e+00,-1.000000000000000000e+00
-1.556978416442871094e+01,-3.225806474685668945e+00,4.829999923706054688e+01,0.000000000000000000e+00,0.000000000000000000e+00,-1.000000000000000000e+00
-1.554546928405761719e+01,-2.903225898742675781e+00,4.829999923706054688e+01,0.000000000000000000e+00,0.000000000000000000e+00,-1.000000000000000000e+00
-1.552115440368652344e+01,-2.580645084381103516e+00,4.829999923706054688e+01,0.000000000000000000e+00,0.000000000000000000e+00,-1.000000000000000000e+00
-1.549683856964111328e+01,-2.258064508438110352e+00,4.829999923706054688e+01,0.000000000000000000e+00,0.000000000000000000e+00,-1.000000000000000000e+00
-1.547252368927001953e+01,-1.935483813285827637e+00,4.829999923706054688e+01,0.000000000000000000e+00,0.000000000000000000e+00,-1.000000000000000000e+00
-1.544820880889892578e+01,-1.612903237342834473e+00,4.829999923706054688e+01,0.000000000000000000e+00,0.000000000000000000e+00,-1.000000000000000000e+00
-1.542389392852783203e+01,-1.290322542190551758e+00,4.829999923706054688e+01,0.000000000000000000e+00,0.000000000000000000e+00,-1.000000000000000000e+00
-1.539957809448242188e+01,-9.677419066429138184e-01,4.829999923706054688e+01,0.000000000000000000e+00,0.000000000000000000e+00,-1.000000000000000000e+00
-1.537526321411132812e+01,-6.451612710952758789e-01,4.829999923706054688e+01,0.000000000000000000e+00,0.000000000000000000e+00,-1.000000000000000000e+00
-1.535094833374023438e+01,-3.225806355476379395e-01,4.829999923706054688e+01,0.000000000000000000e+00,0.000000000000000000e+00,-1.000000000000000000e+00
-1.582914543151855469e+01,0.000000000000000000e+00,4.829999923706054688e+01,0.000000000000000000e+00,0.000000000000000000e+00,-1.000000000000000000e+00
-1.580483055114746094e+01,3.225806355476379395e-01,4.829999923706054688e+01,0.000000000000000000e+00,0.000000000000000000e+00,-1.000000000000000000e+00
-1.578051567077636719e+01,6.451612710952758789e-01,4.829999923706054688e+01,0.000000000000000000e+00,0.000000000000000000e+00,-1.000000000000000000e+00
-1.575620079040527344e+01,9.677419066429138184e-01,4.829999923706054688e+01,0.000000000000000000e+00,0.000000000000000000e+00,-1.000000000000000000e+00
-1.573188495635986328e+01,1.290322542190551758e+00,4.829999923706054688e+01,0.000000000000000000e+00,0.000000000000000000e+00,-1.000000000000000000e+00
-1.570757007598876953e+01,1.612903237342834473e+00,4.829999923706054688e+01,0.000000000000000000e+00,0.000000000000000000e+00,-1.000000000000000000e+00
-1.568325519561767578e+01,1.935483813285827637e+00,4.829999923706054688e+01,0.000000000000000000e+00,0.000000000000000000e+00,-1.000000000000000000e+00
-1.565894031524658203e+01,2.258064508438110352e+00,4.829999923706054688e+01,0.000000000000000000e+00,0.000000000000000000e+00,-1.000000000000000000e+00
-1.563462448120117188e+01,2.580645084381103516e+00,4.829999923706054688e+01,0.000000000000000000e+00,0.000000000000000000e+00,-1.000000000000000000e+00
-1.561030960083007812e+01,2.903225898742675781e+00,4.829999923706054688e+01,0.000000000000000000e+00,0.000000000000000000e+00,-1.000000000000000000e+00
-1.558599472045898438e+01,3.225806474685668945e+00,4.829999923706054688e+01,0.000000000000000000e+00,0.000000000000000000e+00,-1.000000000000000000e+00
-1.556167984008789062e+01,3.548387050628662109e+00,4.829999923706054688e+01,0.000000000000000000e+00,0.000000000000000000e+00,-1.000000000000000000e+00
-1.553736400604248047e+01,3.870967626571655273e+00,4.829999923706054688e+01,0.000000000000000000e+00,0.000000000000000000e+00,-1.000000000000000000e+00
-1.551304912567138672e+01,4.193548202514648438e+00,4.829999923706054688e+01,0.000000000000000000e+00,0.000000000000000000e+00,-1.000000000000000000e+00
-1.548873424530029297e+01,4.516129016876220703e+00,4.829999923706054688e+01,0.000000000000000000e+00,0.000000000000000000e+00,-1.000000000000000000e+00
-1.546441841125488281e+01,4.838709831237792969e+00,4.829999923706054688e+01,0.000000000000000000e+00,0.000000000000000000e+00,-1.000000000000000000e+00
-1.544010353088378906e+01,5.161290168762207031e+00,4.829999923706054688e+01,0.000000000000000000e+00,0.000000000000000000e+00,-1.000000000000000000e+00
-1.541578865051269531e+01,5.483870983123779297e+00,4.829999923706054688e+01,0.000000000000000000e+00,0.000000000000000000e+00,-1.000000000000000000e+00
-1.539147377014160156e+01,5.806451797485351562e+00,4.829999923706054688e+01,0.000000000000000000e+00,0.000000000000000000e+00,-1.000000000000000000e+00
-1.536715793609619141e+01,6.129032135009765625e+00,4.829999923706054688e+01,0.000000000000000000e+00,0.000000000000000000e+00,-1.000000000000000000e+00
-1.534284305572509766e+01,6.451612949371337891e+00,4.829999923706054688e+01,0.000000000000000000e+00,0.000000000000000000e+00,-1.000000000000000000e+00
-1.531852817535400391e+01,6.774193763732910156e+00,4.829999923706054688e+01,0.000000000000000000e+00,0.000000000000000000e+00,-1.000000000000000000e+00
-1.529421329498291016e+01,7.096774101257324219e+00,4.829999923706054688e+01,0.000000000000000000e+00,0.000000000000000000e+00,-1.000000000000000000e+00
-1.526989746093750000e+01,7.419354915618896484e+00,4.829999923706054688e+01,0.000000000000000000e+00,0.000000000000000000e+00,-1.000000000000000000e+00
-1.524558258056640625e+01,7.741935253143310547e+00,4.829999923706054688e+01,0.000000000000000000e+00,0.000000000000000000e+00,-1.000000000000000000e+00
-1.522126770019531250e+01,8.064516067504882812e+00,4.829999923706054688e+01,0.000000000000000000e+00,0.000000000000000000e+00,-1.000000000000000000e+00
-1.519695281982421875e+01,8.387096405029296875e+00,4.829999923706054688e+01,0.000000000000000000e+00,0.000000000000000000e+00,-1.000000000000000000e+00
-1.517263698577880859e+01,8.709677696228027344e+00,4.829999923706054688e+01,0.000000000000000000e+00,0.000000000000000000e+00,-1.000000000000000000e+00
-1.514832210540771484e+01,9.032258033752441406e+00,4.829999923706054688e+01,0.000000000000000000e+00,0.000000000000000000e+00,-1.000000000000000000e+00
-1.512400722503662109e+01,9.354838371276855469e+00,4.829999923706054688e+01,0.000000000000000000e+00,0.000000000000000000e+00,-1.000000000000000000e+00
-1.509969234466552734e+01,9.677419662475585938e+00,4.829999923706054688e+01,0.000000000000000000e+00,0.000000000000000000e+00,-1.000000000000000000e+00
-1.507537651062011719e+01,1.000000000000000000e+01,4.829999923706054688e+01,0.000000000000000000e+00,0.000000000000000000e+00,-1.000000000000000000e+00
-1.507537651062011719e+01,1.000000000000000000e+01,4.829999923706054688e+01,0.000000000000000000e+00,0.000000000000000000e+00,-1.000000000000000000e+00
-1.505106163024902344e+01,9.677419662475585938e+00,4.829999923706054688e+01,0.000000000000000000e+00,0.000000000000000000e+00,-1.000000000000000000e+00
-1.502674674987792969e+01,9.354838371276855469e+00,4.829999923706054688e+01,0.000000000000000000e+00,0.000000000000000000e+00,-1.000000000000000000e+00
-1.500243186950683594e+01,9.032258033752441406e+00,4.829999923706054688e+01,0.000000000000000000e+00,0.000000000000000000e+00,-1.000000000000000000e+00
-1.497811603546142578e+01,8.709677696228027344e+00,4.829999923706054688e+01,0.000000000000000000e+00,0.000000000000000000e+00,-1.000000000000000000e+00
-1.495380115509033203e+01,8.387096405029296875e+00,4.829999923706054688e+01,0.000000000000000000e+00,0.000000000000000000e+00,-1.000000000000000000e+00
-1.492948627471923828e+01,8.064516067504882812e+00,4.829999923706054688e+01,0.000000000000000000e+00,0.000000000000000000e+00,-1.000000000000000000e+00
-1.490517139434814453e+01,7.741935253143310547e+00,4.829999923706054688e+01,0.000000000000000000e+00,0.000000000000000000e+00,-1.000000000000000000e+00
-1.488085556030273438e+01,7.419354915618896484e+00,4.829999923706054688e+01,0.000000000000000000e+00,0.000000000000000000e+00,-1.000000000000000000e+00
-1.485654067993164062e+01,7.096774101257324219e+00,4.829999923706054688e+01,0.000000000000000000e+00,0.000000000000000000e+00,-1.000000000000000000e+00
-1.483222579956054688e+01,6.774193763732910156e+00,4.829999923706054688e+01,0.000000000000000000e+00,0.000000000000000000e+00,-1.000000000000000000e+00
-1.480791091918945312e+01,6.451612949371337891e+00,4.829999923706054688e+01,0.000000000000000000e+00,0.000000000000000000e+00,-1.000000000000000000e+00
-1.478359508514404297e+01,6.129032135009765625e+00,4.829999923706054688e+01,0.000000000000000000e+00,0.000000000000000000e+00,-1.000000000000000000e+00
-1.475928020477294922e+01,5.806451797485351562e+00,4.829999923706054688e+01,0.000000000000000000e+00,0.000000000000000000e+00,-1.000000000000000000e+00
-1.473496532440185547e+01,5.483870983123779297e+00,4.829999923706054688e+01,0.000000000000000000e+00,0.000000000000000000e+00,-1.000000000000000000e+00
-1.471065044403076172e+01,5.161290168762207031e+00,4.829999923706054688e+01,0.000000000000000000e+00,0.000000000000000000e+00,-1.000000000000000000e+00
-1.468633460998535156e+01,4.838709831237792969e+00,4.829999923706054688e+01,0.000000000000000000e+00,0.000000000000000000e+00,-1.000000000000000000e+00
-1.466201972961425781e+01,4.516129016876220703e+00,4.829999923706054688e+01,0.000000000000000000e+00,0.000000000000000000e+00,-1.000000000000000000e+00
-1.463770484924316406e+01,4.193548202514648438e+00,4.829999923706054688e+01,0.000000000000000000e+00,0.000000000000000000e+00,-1.000000000000000000e+00
-1.461338996887207031e+01,3.870967626571655273e+00,4.829999923706054688e+01,0.000000000000000000e+00,0.000000000000000000e+00,-1.000000000000000000e+00
-1.458907413482666016e+01,3.548387050628662109e+00,4.829999923706054688e+01,0.000000000000000000e+00,0.000000000000000000e+00,-1.000000000000000000e+00
-1.456475925445556641e+01,3.225806474685668945e+00,4.829999923706054688e+01,0.000000000000000000e+00,0.000000000000000000e+00,-1.000000000000000000e+00
-1.454044437408447266e+01,2.903225898742675781e+00,4.829999923706054688e+01,0.000000000000000000e+00,0.000000000000000000e+00,-1.000000000000000000e+00
-1.451612949371337891e+01,2.580645084381103516e+00,4.829999923706054688e+01,0.000000000000000000e+00,0.000000000000000000e+00,-1.000000000000000000e+00
-1.449181365966796875e+01,2.258064508438110352e+00,4.829999923706054688e+01,0.000000000000000000e+00,0.000000000000000000e+00,-1.000000000000000000e+00
-1.446749877929687500e+01,1.935483813285827637e+00,4.829999923706054688e+01,0.000000000000000000e+00,0.000000000000000000e+00,-1.000000000000000000e+00
-1.444318389892578125e+01,1.612903237342834473e+00,4.829999923706054688e+01,0.000000000000000000e+00,0.000000000000000000e+00,-1.000000000000000000e+00
-1.441886806488037109e+01,1.290322542190551758e+00,4.829999923706054688e+01,0.000000000000000000e+00,0.000000000000000000e+00,-1.000000000000000000e+00
-1.439455318450927734e+01,9.677419066429138184e-01,4.829999923706054688e+01,0.000000000000000000e+00,0.000000000000000000e+00,-1.000000000000000000e+00
-1.437023830413818359e+01,6.451612710952758789e-01,4.829999923706054688e+01,0.000000000000000000e+00,0.000000000000000000e+00,-1.000000000000000000e+00
-1.434592342376708984e+01,3.225806355476379395e-01,4.829999923706054688e+01,0.000000000000000000e+00,0.000000000000000000e+00,-1.000000000000000000e+00
-1.482412052154541016e+01,0.000000000000000000e+00,4.829999923706054688e+01,0.000000000000000000e+00,0.000000000000000000e+00,-1.000000000000000000e+00
-1.479980564117431641e+01,-3.225806355476379395e-01,4.829999923706054688e+01,0.000000000000000000e+00,0.000000000000000000e+00,-1.000000000000000000e+00
-1.477549076080322266e+01,-6.451612710952758789e-01,4.829999923706054688e+01,0.000000000000000000e+00,0.000000000000000000e+00,-1.000000000000000000e+00
-1.475117492675781250e+01,-9.677419066429138184e-01,4.829999923706054688e+01,0.000000000000000000e+00,0.000000000000000000e+00,-1.000000000000000000e+00
-1.472686004638671875e+01,-1.290322542190551758e+00,4.829999923706054688e+01,0.000000000000000000e+00,0.000000000000000000e+00,-1.000000000000000000e+00
-1.470254516601562500e+01,-1.612903237342834473e+00,4.829999923706054688e+01,0.000000000000000000e+00,0.000000000000000000e+00,-1.000000000000000000e+00
-1.467823028564453125e+01,-1.935483813285827637e+00,4.829999923706054688e+01,0.000000000000000000e+00,0.000000000000000000e+00,-1.000000000000000000e+00
-1.465391445159912109e+01,-2.258064508438110352e+00,4.829999923706054688e+01,0.000000000000000000e+00,0.000000000000000000e+00,-1.000000000000000000e+00
-1.462959957122802734e+01,-2.580645084381103516e+00,4.829999923706054688e+01,0.000000000000000000e+00,0.000000000000000000e+00,-1.000000000000000000e+00
-1.460528469085693359e+01,-2.903225898742675781e+00,4.829999923706054688e+01,0.000000000000000000e+00,0.000000000000000000e+00,-1.000000000000000000e+00
-1.458096981048583984e+01,-3.225806474685668945e+00,4.829999923706054688e+01,0.000000000000000000e+00,0.000000000000000000e+00,-1.000000000000000000e+00
-1.455665397644042969e+01,-3.548387050628662109e+00,4.829999923706054688e+01,0.000000000000000000e+00,0.000000000000000000e+00,-1.000000000000000000e+00
-1.453233909606933594e+01,-3.870967626571655273e+00,4.829999923706054688e+01,0.000000000000000000e+00,0.000000000000000000e+00,-1.000000000000000000e+00
-1.450802421569824219e+01,-4.193548202514648438e+00,4.829999923706054688e+01,0.000000000000000000e+00,0.000000000000000000e+00,-1.000000000000000000e+00
-1.448370933532714844e+01,-4.516129016876220703e+00,4.829999923706054688e+01,0.000000000000000000e+00,0.000000000000000000e+00,-1.000000000000000000e+00
-1.445939350128173828e+01,-4.838709831237792969e+00,4.829999923706054688e+01,0.000000000000000000e+00,0.000000000000000000e+00,-1.000000000000000000e+00
-1.443507862091064453e+01,-5.161290168762207031e+00,4.829999923706054688e+01,0.000000000000000000e+00,0.000000000000000000e+00,-1.000000000000000000e+00
-1.441076374053955078e+01,-5.483870983123779297e+00,4.829999923706054688e+01,0.000000000000000000e+00,0.000000000000000000e+00,-1.000000000000000000e+00
-1.438644790649414062e+01,-5.806451797485351562e+00,4.829999923706054688e+01,0.000000000000000000e+00,0.000000000000000000e+00,-1.000000000000000000e+00
-1.436213302612304688e+01,-6.129032135009765625e+00,4.829999923706054688e+01,0.000000000000000000e+00,0.000000000000000000e+00,-1.000000000000000000e+00
-1.433781814575195312e+01,-6.451612949371337891e+00,4.829999923706054688e+01,0.000000000000000000e+00,0.000000000000000000e+00,-1.000000000000000000e+00
-1.431350326538085938e+01,-6.774193763732910156e+00,4.829999923706054688e+01,0.000000000000000000e+00,0.000000000000000000e+00,-1.000000000000000000e+00
-1.428918743133544922e+01,-7.096774101257324219e+00,4.829999923706054688e+01,0.000000000000000000e+00,0.000000000000000000e+00,-1.000000000000000000e+00
-1.426487255096435547e+01,-7.419354915618896484e+00,4.829999923706054688e+01,0.000000000000000000e+00,0.000000000000000000e+00,-1.000000000000000000e+00
-1.424055767059326172e+01,-7.741935253143310547e+00,4.829999923706054688e+01,0.000000000000000000e+00,0.000000000000000000e+00,-1.000000000000000000e+00
-1.421624279022216797e+01,-8.064516067504882812e+00,4.829999923706054688e+01,0.000000000000000000e+00,0.000000000000000000e+00,-1.000000000000000000e+00
-1.419192695617675781e+01,-8.387096405029296875e+00,4.829999923706054688e+01,0.000000000000000000e+00,0.000000000000000000e+00,-1.000000000000000000e+00
-1.416761207580566406e+01,-8.709677696228027344e+00,4.829999923706054688e+01,0.000000000000000000e+00,0.000000000000000000e+00,-1.000000000000000000e+00
-1.414329719543457031e+01,-9.032258033752441406e+00,4.829999923706054688e+01,0.000000000000000000e+00,0.000000000000000000e+00,-1.000000000000000000e+00
-1.411898231506347656e+01,-9.354838371276855469e+00,4.829999923706054688e+01,0.000000000000000000e+00,0.000000000000000000e+00,-1.000000000000000000e+00
-1.409466648101806641e+01,-9.677419662475585938e+00,4.829999923706054688e+01,0.000000000000000000e+00,0.000000000000000000e+00,-1.000000000000000000e+00
-1.407035160064697266e+01,-1.000000000000000000e+01,4.829999923706054688e+01,0.000000000000000000e+00,0.000000000000000000e+00,-1.000000000000000000e+00
-1.407035160064697266e+01,-1.000000000000000000e+01,4.829999923706054688e+01,0.000000000000000000e+00,0.000000000000000000e+00,-1.000000000000000000e+00
-1.404603672027587891e+01,-9.677419662475585938e+00,4.829999923706054688e+01,0.000000000000000000e+00,0.000000000000000000e+00,-1.000000000000000000e+00
-1.402172183990478516e+01,-9.354838371276855469e+00,4.829999923706054688e+01,0.000000000000000000e+00,0.000000000000000000e+00,-1.000000000000000000e+00
-1.399740600585937500e+01,-9.032258033752441406e+00,4.829999923706054688e+01,0.000000000000000000e+00,0.000000000000000000e+00,-1.000000000000000000e+00
-1.397309112548828125e+01,-8.709677696228027344e+00,4.829999923706054688e+01,0.000000000000000000e+00,0.000000000000000000e+00,-1.000000000000000000e+00
-1.394877624511718750e+01,-8.387096405029296875e+00,4.829999923706054688e+01,0.000000000000000000e+00,0.000000000000000000e+00,-1.000000000000000000e+00
-1.392446136474609375e+01,-8.064516067504882812e+00,4.829999923706054688e+01,0.000000000000000000e+00,0.000000000000000000e+00,-1.000000000000000000e+00
-1.390014553070068359e+01,-7.741935253143310547e+00,4.829999923706054688e+01,0.000000000000000000e+00,0.000000000000000000e+00,-1.000000000000000000e+00
-1.387583065032958984e+01,-7.419354915618896484e+00,4.829999923706054688e+01,0.000000000000000000e+00,0.000000000000000000e+00,-1.000000000000000000e+00
-1.385151576995849609e+01,-7.096774101257324219e+00,4.829999923706054688e+01,0.000000000000000000e+00,0.000000000000000000e+00,-1.000000000000000000e+00
-1.382720088958740234e+01,-6.774193763732910156e+00,4.829999923706054688e+01,0.000000000000000000e+00,0.000000000000000000e+00,-1.000000000000000000e+00
-1.380288505554199219e+01,-6.451612949371337891e+00,4.829999923706054688e+01,0.000000000000000000e+00,0.000000000000000000e+00,-1.000000000000000000e+00
-1.377857017517089844e+01,-6.129032135009765625e+00,4.829999923706054688e+01,0.000000000000000000e+00,0.000000000000000000e+00,-1.000000000000000000e+00
-1.375425529479980469e+01,-5.806451797485351562e+00,4.829999923706054688e+01,0.000000000000000000e+00,0.000000000000000000e+00,-1.000000000000000000e+00
-1.372994041442871094e+01,-5.483870983123779297e+00,4.829999923706054688e+01,0.000000000000000000e+00,0.000000000000000000e+00,-1.000000000000000000e+00
-1.370562458038330078e+01,-5.161290168762207031e+00,4.829999923706054688e+01,0.000000000000000000e+00,0.000000000000000000e+00,-1.000000000000000000e+00
-1.368130970001220703e+01,-4.838709831237792969e+00,4.829999923706054688e+01,0.000000000000000000e+00,0.000000000000000000e+00,-1.000000000000000000e+00
-1.365699481964111328e+01,-4.516129016876220703e+00,4.829999923706054688e+01,0.000000000000000000e+00,0.000000000000000000e+00,-1.000000000000000000e+00
-1.363267993927001953e+01,-4.193548202514648438e+00,4.829999923706054688e+01,0.000000000000000000e+00,0.000000000000000000e+00,-1.000000000000000000e+00
-1.360836410522460938e+01,-3.870967626571655273e+00,4.829999923706054688e+01,0.000000000000000000e+00,0.000000000000000000e+00,-1.000000000000000000e+00
-1.358404922485351562e+01,-3.548387050628662109e+00,4.829999923706054688e+01,0.000000000000000000e+00,0.000000000000000000e+00,-1.000000000000000000e+00
-1.355973434448242188e+01,-3.225806474685668945e+00,4.829999923706054688e+01,0.000000000000000000e+00,0.000000000000000000e+00,-1.000000000000000000e+00
-1.353541946411132812e+01,-2.903225898742675781e+00,4.829999923706054688e+01,0.000000000000000000e+00,0.000000000000000000e+00,-1.000000000000000000e+00
-1.351110363006591797e+01,-2.580645084381103516e+00,4.829999923706054688e+01,0.000000000000000000e+00,0.000000000000000000e+00,-1.000000000000000000e+00
-1.348678874969482422e+01,-2.258064508438110352e+00,4.829999923706054688e+01,0.000000000000000000e+00,0.000000000000000000e+00,-1.000000000000000000e+00
-1.346247386932373047e+01,-1.935483813285827637e+00,4.829999923706054688e+01,0.000000000000000000e+00,0.000000000000000000e+00,-1.000000000000000000e+00
-1.343815898895263672e+01,-1.612903237342834473e+00,4.829999923706054688e+01,0.000000000000000000e+00,0.000000000000000000e+00,-1.000000000000000000e+00
-1.341384315490722656e+01,-1.290322542190551758e+00,4.829999923706054688e+01,0.000000000000000000e+00,0.000000000000000000e+00,-1.000000000000000000e+00
-1.338952827453613281e+01,-9.677419066429138184e-01,4.829999923706054688e+01,0.000000000000000000e+00,0.000000000000000000e+00,-1.000000000000000000e+00
-1.336521339416503906e+01,-6.451612710952758789e-01,4.829999923706054688e+01,0.000000000000000000e+00,0.000000000000000000e+00,-1.000000000000000000e+00
-1.334089851379394531e+01,-3.225806355476379395e-01,4.829999923706054688e+01,0.000000000000000000e+00,0.000000000000000000e+00,-1.000000000000000000e+00
-1.381909561157226562e+01,0.000000000000000000e+00,4.829999923706054688e+01,0.000000000000000000e+00,0.000000000000000000e+00,-1.000000000000000000e+00
-1.379478073120117188e+01,3.225806355476379395e-01,4.829999923706054688e+01,0.000000000000000000e+00,0.000000000000000000e+00,-1.000000000000000000e+00
-1.377046489715576172e+01,6.451612710952758789e-01,4.829999923706054688e+01,0.000000000000000000e+00,0.000000000000000000e+00,-1.000000000000000000e+00
-1.374615001678466797e+01,9.677419066429138184e-01,4.829999923706054688e+01,0.000000000000000000e+00,0.000000000000000000e+00,-1.000000000000000000e+00
-1.372183513641357422e+01,1.290322542190551758e+00,4.829999923706054688e+01,0.000000000000000000e+00,0.000000000000000000e+00,-1.000000000000000000e+00
-1.369752025604248047e+01,1.612903237342834473e+00,4.829999923706054688e+01,0.000000000000000000e+00,0.000000000000000000e+00,-1.000000000000000000e+00
-1.367320442199707031e+01,1.935483813285827637e+00,4.829999923706054688e+01,0.000000000000000000e+00,0.000000000000000000e+00,-1.000000000000000000e+00
-1.364888954162597656e+01,2.258064508438110352e+00,4.829999923706054688e+01,0.000000000000000000e+00,0.000000000000000000e+00,-1.000000000000000000e+00
-1.362457466125488281e+01,2.580645084381103516e+00,4.829999923706054688e+01,0.000000000000000000e+00,0.000000000000000000e+00,-1.000000000000000000e+00
-1.360025978088378906e+01,2.903225898742675781e+00,4.829999923706054688e+01,0.000000000000000000e+00,0.000000000000000000e+00,-1.000000000000000000e+00
-1.357594394683837891e+01,3.225806474685668945e+00,4.829999923706054688e+01,0.000000000000000000e+00,0.000000000000000000e+00,-1.000000000000000000e+00
-1.355162906646728516e+01,3.548387050628662109e+00,4.829999923706054688e+01,0.000000000000000000e+00,0.000000000000000000e+00,-1.000000000000000000e+00
-1.352731418609619141e+01,3.870967626571655273e+00,4.829999923706054688e+01,0.000000000000000000e+00,0.000000000000000000e+00,-1.000000000000000000e+00
-1.350299930572509766e+01,4.193548202514648438e+00,4.829999923706054688e+01,0.000000000000000000e+00,0.000000000000000000e+00,-1.000000000000000000e+00
-1.347868347167968750e+01,4.516129016876220703e+00,4.829999923706054688e+01,0.000000000000000000e+00,0.000000000000000000e+00,-1.000000000000000000e+00
-1.345436859130859375e+01,4.838709831237792969e+00,4.829999923706054688e+01,0.000000000000000000e+00,0.000000000000000000e+00,-1.000000000000000000e+00
-1.343005371093750000e+01,5.161290168762207031e+00,4.829999923706054688e+01,0.000000000000000000e+00,0.000000000000000000e+00,-1.000000000000000000e+00
-1.340573883056640625e+01,5.483870983123779297e+00,4.829999923706054688e+01,0.000000000000000000e+00,0.000000000000000000e+00,-1.000000000000000000e+00
-1.338142299652099609e+01,5.806451797485351562e+00,4.829999923706054688e+01,0.000000000000000000e+00,0.000000000000000000e+00,-1.000000000000000000e+00
-1.335710811614990234e+01,6.129032135009765625e+00,4.829999923706054688e+01,0.000000000000000000e+00,0.000000000000000000e+00,-1.000000000000000000e+00
-1.333279323577880859e+01,6.451612949371337891e+00,4.829999923706054688e+01,0.000000000000000000e+00,0.000000000000000000e+00,-1.000000000000000000e+00
-1.330847740173339844e+01,6.774193763732910156e+00,4.829999923706054688e+01,0.000000000000000000e+00,0.000000000000000000e+00,-1.000000000000000000e+00
-1.328416252136230469e+01,7.096774101257324219e+00,4.829999923706054688e+01,0.000000000000000000e+00,0.000000000000000000e+00,-1.000000000000000000e+00
-1.325984764099121094e+01,7.419354915618896484e+00,4.829999923706054688e+01,0.000000000000000000e+00,0.000000000000000000e+00,-1.000000000000000000e+00
-1.323553276062011719e+01,7.741935253143310547e+00,4.829999923706054688e+01,0.000000000000000000e+00,0.000000000000000000e+00,-1.000000000000000000e+00
-1.321121692657470703e+01,8.064516067504882812e+00,4.829999923706054688e+01,0.000000000000000000e+00,0.000000000000000000e+00,-1.000000000000000000e+00
-1.318690204620361328e+01,8.387096405029296875e+00,4.829999923706054688e+01,0.000000000000000000e+00,0.000000000000000000e+00,-1.000000000000000000e+00
-1.316258716583251953e+01,8.709677696228027344e+00,4.829999923706054688e+01,0.000000000000000000e+00,0.000000000000000000e+00,-1.000000000000000000e+00
-1.313827228546142578e+01,9.032258033752441406e+00,4.829999923706054688e+01,0.000000000000000000e+00,0.000000000000000000e+00,-1.000000000000000000e+00
-1.311395645141601562e+01,9.354838371276855469e+00,4.829999923706054688e+01,0.000000000000000000e+00,0.000000000000000000e+00,-1.000000000000000000e+00
-1.308964157104492188e+01,9.677419662475585938e+00,4.829999923706054688e+01,0.000000000000000000e+00,0.000000000000000000e+00,-1.000000000000000000e+00
-1.306532669067382812e+01,1.000000000000000000e+01,4.829999923706054688e+01,0.000000000000000000e+00,0.000000000000000000e+00,-1.000000000000000000e+00
-1.306532669067382812e+01,1.000000000000000000e+01,4.829999923706054688e+01,0.000000000000000000e+00,0.000000000000000000e+00,-1.000000000000000000e+00
-1.304101181030273438e+01,9.677419662475585938e+00,4.829999923706054688e+01,0.000000000000000000e+00,0.000000000000000000e+00,-1.000000000000000000e+00
-1.301669597625732422e+01,9.354838371276855469e+00,4.829999923706054688e+01,0.000000000000000000e+00,0.000000000000000000e+00,-1.000000000000000000e+00
-1.299238109588623047e+01,9.032258033752441406e+00,4.829999923706054688e+01,0.000000000000000000e+00,0.000000000000000000e+00,-1.000000000000000000e+00
-1.296806621551513672e+01,8.709677696228027344e+00,4.829999923706054688e+01,0.000000000000000000e+00,0.000000000000000000e+00,-1.000000000000000000e+00
-1.294375133514404297e+01,8.387096405029296875e+00,4.829999923706054688e+01,0.000000000000000000e+00,0.000000000000000000e+00,-1.000000000000000000e+00
-1.291943550109863281e+01,8.064516067504882812e+00,4.829999923706054688e+01,0.000000000000000000e+00,0.000000000000000000e+00,-1.000000000000000000e+00
-1.289512062072753906e+01,7.741935253143310547e+00,4.829999923706054688e+01,0.000000000000000000e+00,0.000000000000000000e+00,-1.000000000000000000e+00
-1.287080574035644531e+01,7.419354915618896484e+00,4.829999923706054688e+01,0.000000000000000000e+00,0.000000000000000000e+00,-1.000000000000000000e+00
-1.284649085998535156e+01,7.096774101257324219e+00,4.829999923706054688e+01,0.000000000000000000e+00,0.000000000000000000e+00,-1.000000000000000000e+00
-1.282217502593994141e+01,6.774193763732910156e+00,4.829999923706054688e+01,0.000000000000000000e+00,0.000000000000000000e+00,-1.000000000000000000e+00
-1.279786014556884766e+01,6.451612949371337891e+00,4.829999923706054688e+01,0.000000000000000000e+00,0.000000000000000000e+00,-1.000000000000000000e+00
-1.277354526519775391e+01,6.129032135009765625e+00,4.829999923706054688e+01,0.000000000000000000e+00,0.000000000000000000e+00,-1.000000000000000000e+00
-1.274923038482666016e+01,5.806451797485351562e+00,4.829999923706054688e+01,0.000000000000000000e+00,0.000000000000000000e+00,-1.000000000000000000e+00
-1.272491455078125000e+01,5.483870983123779297e+00,4.829999923706054688e+01,0.000000000000000000e+00,0.000000000000000000e+00,-1.000000000000000000e+00
-1.270059967041015625e+01,5.161290168762207031e+00,4.829999923706054688e+01,0.000000000000000000e+00,0.000000000000000000e+00,-1.000000000000000000e+00
-1.267628479003906250e+01,4.838709831237792969e+00,4.829999923706054688e+01,0.000000000000000000e+00,0.000000000000000000e+00,-1.000000000000000000e+00
-1.265196990966796875e+01,4.516129016876220703e+00,4.829999923706054688e+01,0.000000000000000000e+00,0.000000000000000000e+00,-1.000000000000000000e+00
-1.262765407562255859e+01,4.193548202514648438e+00,4.829999923706054688e+01,0.000000000000000000e+00,0.000000000000000000e+00,-1.000000000000000000e+00
-1.260333919525146484e+01,3.870967626571655273e+00,4.829999923706054688e+01,0.000000000000000000e+00,0.000000000000000000e+00,-1.000000000000000000e+00
-1.257902431488037109e+01,3.548387050628662109e+00,4.829999923706054688e+01,0.000000000000000000e+00,0.000000000000000000e+00,-1.000000000000000000e+00
-1.255470943450927734e+01,3.225806474685668945e+00,4.829999923706054688e+01,0.000000000000000000e+00,0.000000000000000000e+00,-1.000000000000000000e+00
-1.253039360046386719e+01,2.903225898742675781e+00,4.829999923706054688e+01,0.000000000000000000e+00,0.000000000000000000e+00,-1.000000000000000000e+00
-1.250607872009277344e+01,2.580645084381103516e+00,4.829999923706054688e+01,0.000000000000000000e+00,0.000000000000000000e+00,-1.000000000000000000e+00
-1.248176383972167969e+01,2.258064508438110352e+00,4.829999923706054688e+01,0.000000000000000000e+00,0.000000000000000000e+00,-1.000000000000000000e+00
-1.245744895935058594e+01,1.935483813285827637e+00,4.829999923706054688e+01,0.000000000000000000e+00,0.000000000000000000e+00,-1.000000000000000000e+00
-1.243313312530517578e+01,1.612903237342834473e+00,4.829999923706054688e+01,0.000000000000000000e+00,0.000000000000000000e+00,-1.000000000000000000e+00
-1.240881824493408203e+01,1.290322542190551758e+00,4.829999923706054688e+01,0.000000000000000000e+00,0.000000000000000000e+00,-1.000000000000000000e+00
-1.238450336456298828e+01,9.677419066429138184e-01,4.829999923706054688e+01,0.000000000000000000e+00,0.000000000000000000e+00,-1.000000000000000000e+00
-1.236018848419189453e+01,6.451612710952758789e-01,4.829999923706054688e+01,0.000000000000000000e+00,0.000000000000000000e+00,-1.000000000000000000e+00
-1.233587265014648438e+01,3.225806355476379395e-01,4.829999923706054688e+01,0.000000000000000000e+00,0.000000000000000000e+00,-1.000000000000000000e+00
-1.281407070159912109e+01,0.000000000000000000e+00,4.829999923706054688e+01,0.000000000000000000e+00,0.000000000000000000e+00,-1.000000000000000000e+00
-1.278975486755371094e+01,-3.225806355476379395e-01,4.829999923706054688e+01,0.000000000000000000e+00,0.000000000000000000e+00,-1.000000000000000000e+00
-1.276543998718261719e+01,-6.451612710952758789e-01,4.829999923706054688e+01,0.000000000000000000e+00,0.000000000000000000e+00,-1.000000000000000000e+00
-1.274112510681152344e+01,-9.677419066429138184e-01,4.829999923706054688e+01,0.000000000000000000e+00,0.000000000000000000e+00,-1.000000000000000000e+00
-1.271681022644042969e+01,-1.290322542190551758e+00,4.829999923706054688e+01,0.000000000000000000e+00,0.000000000000000000e+00,-1.000000000000000000e+00
-1.269249439239501953e+01,-1.612903237342834473e+00,4.829999923706054688e+01,0.000000000000000000e+00,0.000000000000000000e+00,-1.000000000000000000e+00
-1.266817951202392578e+01,-1.935483813285827637e+00,4.829999923706054688e+01,0.000000000000000000e+00,0.000000000000000000e+00,-1.000000000000000000e+00
-1.264386463165283203e+01,-2.258064508438110352e+00,4.829999923706054688e+01,0.000000000000000000e+00,0.000000000000000000e+00,-1.000000000000000000e+00
-1.261954975128173828e+01,-2.580645084381103516e+00,4.829999923706054688e+01,0.000000000000000000e+00,0.000000000000000000e+00,-1.000000000000000000e+00
-1.259523391723632812e+01,-2.903225898742675781e+00,4.829999923706054688e+01,0.000000000000000000e+00,0.000000000000000000e+00,-1.000000000000000000e+00
-1.257091903686523438e+01,-3.225806474685668945e+00,4.829999923706054688e+01,0.000000000000000000e+00,0.000000000000000000e+00,-1.000000000000000000e+00
-1.254660415649414062e+01,-3.548387050628662109e+00,4.829999923706054688e+01,0.000000000000000000e+00,0.000000000000000000e+00,-1.000000000000000000e+00
-1.252228927612304688e+01,-3.870967626571655273e+00,4.829999923706054688e+01,0.000000000000000000e+00,0.000000000000000000e+00,-1.000000000000000000e+00
-1.249797344207763672e+01,-4.193548202514648438e+00,4.829999923706054688e+01,0.000000000000000000e+00,0.000000000000000000e+00,-1.000000000000000000e+00
-1.247365856170654297e+01,-4.516129016876220703e+00,4.829999923706054688e+01,0.000000000000000000e+00,0.000000000000000000e+00,-1.000000000000000000e+00
-1.244934368133544922e+01,-4.838709831237792969e+00,4.829999923706054688e+01,0.000000000000000000e+00,0.000000000000000000e+00,-1.000000000000000000e+00
-1.242502880096435547e+01,-5.161290168762207031e+00,4.829999923706054688e+01,0.000000000000000000e+00,0.000000000000000000e+00,-1.000000000000000000e+00
-1.240071296691894531e+01,-5.483870983123779297e+00,4.829999923706054688e+01,0.000000000000000000e+00,0.000000000000000000e+00,-1.000000000000000000e+00
-1.237639808654785156e+01,-5.806451797485351562e+00,4.829999923706054688e+01,0.000000000000000000e+00,0.000000000000000000e+00,-1.000000000000000000e+00
-1.235208320617675781e+01,-6.129032135009765625e+00,4.829999923706054688e+01,0.000000000000000000e+00,0.000000000000000000e+00,-1.000000000000000000e+00
-1.232776832580566406e+01,-6.451612949371337891e+00,4.829999923706054688e+01,0.000000000000000000e+00,0.000000000000000000e+00,-1.000000000000000000e+00
-1.230345249176025391e+01,-6.774193763732910156e+00,4.829999923706054688e+01,0.000000000000000000e+00,0.000000000000000000e+00,-1.000000000000000000e+00
-1.227913761138916016e+01,-7.096774101257324219e+00,4.829999923706054688e+01,0.000000000000000000e+00,0.000000000000000000e+00,-1.000000000000000000e+00
-1.225482273101806641e+01,-7.419354915618896484e+00,4.829999923706054688e+01,0.000000000000000000e+00,0.000000000000000000e+00,-1.000000000000000000e+00
-1.223050785064697266e+01,-7.741935253143310547e+00,4.829999923706054688e+01,0.000000000000000000e+00,0.000000000000000000e+00,-1.000000000000000000e+00
-1.220619201660156250e+01,-8.064516067504882812e+00,4.829999923706054688e+01,0.000000000000000000e+00,0.000000000000000000e+00,-1.000000000000000000e+00
-1.218187713623046875e+01,-8.387096405029296875e+00,4.829999923706054688e+01,0.000000000000000000e+00,0.000000000000000000e+00,-1.000000000000000000e+00
-1.215756225585937500e+01,-8.709677696228027344e+00,4.829999923706054688e+01,0.000000000000000000e+00,0.000000000000000000e+00,-1.000000000000000000e+00
-1.213324642181396484e+01,-9.032258033752441406e+00,4.829999923706054688e+01,0.000000000000000000e+00,0.000000000000000000e+00,-1.000000000000000000e+00
-1.210893154144287109e+01,-9.354838371276855469e+00,4.829999923706054688e+01,0.000000000000000000e+00,0.000000000000000000e+00,-1.000000000000000000e+00
-1.208461666107177734e+01,-9.677419662475585938e+00,4.829999923706054688e+01,0.000000000000000000e+00,0.000000000000000000e+00,-1.000000000000000000e+00
-1.206030178070068359e+01,-1.000000000000000000e+01,4.829999923706054688e+01,0.000000000000000000e+00,0.000000000000000000e+00,-1.000000000000000000e+00
-1.206030178070068359e+01,-1.000000000000000000e+01,4.829999923706054688e+01,0.000000000000000000e+00,0.000000000000000000e+00,-1.000000000000000000e+00
-1.203598594665527344e+01,-9.677419662475585938e+00,4.829999923706054688e+01,0.000000000000000000e+00,0.000000000000000000e+00,-1.000000000000000000e+00
-1.201167106628417969e+01,-9.354838371276855469e+00,4.829999923706054688e+01,0.000000000000000000e+00,0.000000000000000000e+00,-1.000000000000000000e+00
-1.198735618591308594e+01,-9.032258033752441406e+00,4.829999923706054688e+01,0.000000000000000000e+00,0.000000000000000000e+00,-1.000000000000000000e+00
-1.196304130554199219e+01,-8.709677696228027344e+00,4.829999923706054688e+01,0.000000000000000000e+00,0.000000000000000000e+00,-1.000000000000000000e+00
-1.193872547149658203e+01,-8.387096405029296875e+00,4.829999923706054688e+01,0.000000000000000000e+00,0.000000000000000000e+00,-1.000000000000000000e+00
-1.191441059112548828e+01,-8.064516067504882812e+00,4.829999923706054688e+01,0.000000000000000000e+00,0.000000000000000000e+00,-1.000000000000000000e+00
-1.189009571075439453e+01,-7.741935253143310547e+00,4.829999923706054688e+01,0.000000000000000000e+00,0.000000000000000000e+00,-1.000000000000000000e+00
-1.186578083038330078e+01,-7.419354915618896484e+00,4.829999923706054688e+01,0.000000000000000000e+00,0.000000000000000000e+00,-1.000000000000000000e+00
-1.184146499633789062e+01,-7.096774101257324219e+00,4.829999923706054688e+01,0.000000000000000000e+00,0.000000000000000000e+00,-1.000000000000000000e+00
-1.181715011596679688e+01,-6.774193763732910156e+00,4.829999923706054688e+01,0.000000000000000000e+00,0.000000000000000000e+00,-1.000000000000000000e+00
-1.179283523559570312e+01,-6.451612949371337891e+00,4.829999923706054688e+01,0.000000000000000000e+00,0.000000000000000000e+00,-1.000000000000000000e+00
-1.176852035522460938e+01,-6.129032135009765625e+00,4.829999923706054688e+01,0.000000000000000000e+00,0.000000000000000000e+00,-1.000000000000000000e+00
-1.174420452117919922e+01,-5.806451797485351562e+00,4.829999923706054688e+01,0.000000000000000000e+00,0.000000000000000000e+00,-1.000000000000000000e+00
-1.171988964080810547e+01,-5.483870983123779297e+00,4.829999923706054688e+01,0.000000000000000000e+00,0.000000000000000000e+00,-1.000000000000000000e+00
-1.169557476043701172e+01,-5.161290168762207031e+00,4.829999923706054688e+01,0.000000000000000000e+00,0.000000000000000000e+00,-1.000000000000000000e+00
-1.167125988006591797e+01,-4.838709831237792969e+00,4.829999923706054688e+01,0.000000000000000000e+00,0.000000000000000000e+00,-1.000000000000000000e+00
-1.164694404602050781e+01,-4.516129016876220703e+00,4.829999923706054688e+01,0.000000000000000000e+00,0.000000000000000000e+00,-1.000000000000000000e+00
-1.162262916564941406e+01,-4.193548202514648438e+00,4.829999923706054688e+01,0.000000000000000000e+00,0.000000000000000000e+00,-1.000000000000000000e+00
-1.159831428527832031e+01,-3.870967626571655273e+00,4.829999923706054688e+01,0.000000000000000000e+00,0.000000000000000000e+00,-1.000000000000000000e+00
-1.157399940490722656e+01,-3.548387050628662109e+00,4.829999923706054688e+01,0.000000000000000000e+00,0.000000000000000000e+00,-1.000000000000000000e+00
-1.154968357086181641e+01,-3.225806474685668945e+00,4.829999923706054688e+01,0.000000000000000000e+00,0.000000000000000000e+00,-1.000000000000000000e+00
-1.152536869049072266e+01,-2.903225898742675781e+00,4.829999923706054688e+01,0.000000000000000000e+00,0.000000000000000000e+00,-1.000000000000000000e+00
-1.150105381011962891e+01,-2.580645084381103516e+00,4.829999923706054688e+01,0.000000000000000000e+00,0.000000000000000000e+00,-1.000000000000000000e+00
-1.147673892974853516e+01,-2.258064508438110352e+00,4.829999923706054688e+01,0.000000000000000000e+00,0.000000000000000000e+00,-1.000000000000000000e+00
-1.145242309570312500e+01,-1.935483813285827637e+00,4.829999923706054688e+01,0.000000000000000000e+00,0.000000000000000000e+00,-1.000000000000000000e+00
-1.142810821533203125e+01,-1.612903237342834473e+00,4.829999923706054688e+01,0.000000000000000000e+00,0.000000000000000000e+00,-1.000000000000000000e+00
-1.140379333496093750e+01,-1.290322542190551758e+00,4.829999923706054688e+01,0.000000000000000000e+00,0.000000000000000000e+00,-1.000000000000000000e+00
-1.137947845458984375e+01,-9.677419066429138184e-01,4.829999923706054688e+01,0.000000000000000000e+00,0.000000000000000000e+00,-1.000000000000000000e+00
-1.135516262054443359e+01,-6.451612710952758789e-01,4.829999923706054688e+01,0.000000000000000000e+00,0.000000000000000000e+00,-1.000000000000000000e+00
-1.133084774017333984e+01,-3.225806355476379395e-01,4.829999923706054688e+01,0.000000000000000000e+00,0.000000000000000000e+00,-1.000000000000000000e+00
-1.180904483795166016e+01,0.000000000000000000e+00,4.829999923706054688e+01,0.000000000000000000e+00,0.000000000000000000e+00,-1.000000000000000000e+00
-1.178472995758056641e+01,3.225806355476379395e-01,4.829999923706054688e+01,0.000000000000000000e+00,0.000000000000000000e+00,-1.000000000000000000e+00
-1.176041507720947266e+01,6.451612710952758789e-01,4.829999923706054688e+01,0.000000000000000000e+00,0.000000000000000000e+00,-1.000000000000000000e+00
-1.173610019683837891e+01,9.677419066429138184e-01,4.829999923706054688e+01,0.000000000000000000e+00,0.000000000000000000e+00,-1.000000000000000000e+00
-1.171178436279296875e+01,1.290322542190551758e+00,4.829999923706054688e+01,0.000000000000000000e+00,0.000000000000000000e+00,-1.000000000000000000e+00
-1.168746948242187500e+01,1.612903237342834473e+00,4.829999923706054688e+01,0.000000000000000000e+00,0.000000000000000000e+00,-1.000000000000000000e+00
-1.166315460205078125e+01,1.935483813285827637e+00,4.829999923706054688e+01,0.000000000000000000e+00,0.000000000000000000e+00,-1.000000000000000000e+00
-1.163883972167968750e+01,2.258064508438110352e+00,4.829999923706054688e+01,0.000000000000000000e+00,0.000000000000000000e+00,-1.000000000000000000e+00
-1.161452388763427734e+01,2.580645084381103516e+00,4.829999923706054688e+01,0.000000000000000000e+00,0.000000000000000000e+00,-1.000000000000000000e+00
-1.159020900726318359e+01,2.903225898742675781e+00,4.829999923706054688e+01,0.000000000000000000e+00,0.000000000000000000e+00,-1.000000000000000000e+00
-1.156589412689208984e+01,3.225806474685668945e+00,4.829999923706054688e+01,0.000000000000000000e+00,0.000000000000000000e+00,-1.000000000000000000e+00
-1.154157924652099609e+01,3.548387050628662109e+00,4.829999923706054688e+01,0.000000000000000000e+00,0.000000000000000000e+00,-1.000000000000000000e+00
-1.151726341247558594e+01,3.870967626571655273e+00,4.829999923706054688e+01,0.000000000000000000e+00,0.000000000000000000e+00,-1.000000000000000000e+00
-1.149294853210449219e+01,4.193548202514648438e+00,4.829999923706054688e+01,0.000000000000000000e+00,0.000000000000000000e+00,-1.000000000000000000e+00
-1.146863365173339844e+01,4.516129016876220703e+00,4.829999923706054688e+01,0.000000000000000000e+00,0.000000000000000000e+00,-1.000000000000000000e+00
-1.144431877136230469e+01,4.838709831237792969e+00,4.829999923706054688e+01,0.000000000000000000e+00,0.000000000000000000e+00,-1.000000000000000000e+00
-1.142000293731689453e+01,5.161290168762207031e+00,4.829999923706054688e+01,0.000000000000000000e+00,0.000000000000000000e+00,-1.000000000000000000e+00
-1.139568805694580078e+01,5.483870983123779297e+00,4.829999923706054688e+01,0.000000000000000000e+00,0.000000000000000000e+00,-1.000000000000000000e+00
-1.137137317657470703e+01,5.806451797485351562e+00,4.829999923706054688e+01,0.000000000000000000e+00,0.000000000000000000e+00,-1.000000000000000000e+00
-1.134705829620361328e+01,6.129032135009765625e+00,4.829999923706054688e+01,0.000000000000000000e+00,0.000000000000000000e+00,-1.000000000000000000e+00
-1.132274246215820312e+01,6.451612949371337891e+00,4.829999923706054688e+01,0.000000000000000000e+00,0.000000000000000000e+00,-1.000000000000000000e+00
-1.129842758178710938e+01,6.774193763732910156e+00,4.829999923706054688e+01,0.000000000000000000e+00,0.000000000000000000e+00,-1.000000000000000000e+00
-1.127411270141601562e+01,7.096774101257324219e+00,4.829999923706054688e+01,0.000000000000000000e+00,0.000000000000000000e+00,-1.000000000000000000e+00
-1.124979782104492188e+01,7.419354915618896484e+00,4.829999923706054688e+01,0.000000000000000000e+00,0.000000000000000000e+00,-1.000000000000000000e+00
-1.122548198699951172e+01,7.741935253143310547e+00,4.829999923706054688e+01,0.000000000000000000e+00,0.000000000000000000e+00,-1.000000000000000000e+00
-1.120116710662841797e+01,8.064516067504882812e+00,4.829999923706054688e+01,0.000000000000000000e+00,0.000000000000000000e+00,-1.000000000000000000e+00
-1.117685222625732422e+01,8.387096405029296875e+00,4.829999923706054688e+01,0.000000000000000000e+00,0.000000000000000000e+00,-1.000000000000000000e+00
-1.115253734588623047e+01,8.709677696228027344e+00,4.829999923706054688e+01,0.000000000000000000e+00,0.000000000000000000e+00,-1.000000000000000000e+00
-1.112822151184082031e+01,9.032258033752441406e+00,4.829999923706054688e+01,0.000000000000000000e+00,0.000000000000000000e+00,-1.000000000000000000e+00
-1.110390663146972656e+01,9.354838371276855469e+00,4.829999923706054688e+01,0.000000000000000000e+00,0.000000000000000000e+00,-1.000000000000000000e+00
-1.107959175109863281e+01,9.677419662475585938e+00,4.829999923706054688e+01,0.000000000000000000e+00,0.000000000000000000e+00,-1.000000000000000000e+00
-1.105527591705322266e+01,1.000000000000000000e+01,4.829999923706054688e+01,0.000000000000000000e+00,0.000000000000000000e+00,-1.000000000000000000e+00
-1.105527591705322266e+01,1.000000000000000000e+01,4.829999923706054688e+01,0.000000000000000000e+00,0.000000000000000000e+00,-1.000000000000000000e+00
-1.103096103668212891e+01,9.677419662475585938e+00,4.829999923706054688e+01,0.000000000000000000e+00,0.000000000000000000e+00,-1.000000000000000000e+00
-1.100664615631103516e+01,9.354838371276855469e+00,4.829999923706054688e+01,0.000000000000000000e+00,0.000000000000000000e+00,-1.000000000000000000e+00
-1.098233127593994141e+01,9.032258033752441406e+00,4.829999923706054688e+01,0.000000000000000000e+00,0.000000000000000000e+00,-1.000000000000000000e+00
-1.095801544189453125e+01,8.709677696228027344e+00,4.829999923706054688e+01,0.000000000000000000e+00,0.000000000000000000e+00,-1.000000000000000000e+00
-1.093370056152343750e+01,8.387096405029296875e+00,4.829999923706054688e+01,0.000000000000000000e+00,0.000000000000000000e+00,-1.000000000000000000e+00
-1.090938568115234375e+01,8.064516067504882812e+00,4.829999923706054688e+01,0.000000000000000000e+00,0.000000000000000000e+00,-1.000000000000000000e+00
-1.088507080078125000e+01,7.741935253143310547e+00,4.829999923706054688e+01,0.000000000000000000e+00,0.000000000000000000e+00,-1.000000000000000000e+00
-1.086075496673583984e+01,7.419354915618896484e+00,4.829999923706054688e+01,0.000000000000000000e+00,0.000000000000000000e+00,-1.000000000000000000e+00
-1.083644008636474609e+01,7.096774101257324219e+00,4.829999923706054688e+01,0.000000000000000000e+00,0.000000000000000000e+00,-1.000000000000000000e+00
-1.081212520599365234e+01,6.774193763732910156e+00,4.829999923706054688e+01,0.000000000000000000e+00,0.000000000000000000e+00,-1.000000000000000000e+00
-1.078781032562255859e+01,6.451612949371337891e+00,4.829999923706054688e+01,0.000000000000000000e+00,0.000000000000000000e+00,-1.000000000000000000e+00
-1.076349449157714844e+01,6.129032135009765625e+00,4.829999923706054688e+01,0.000000000000000000e+00,0.000000000000000000e+00,-1.000000000000000000e+00
-1.073917961120605469e+01,5.806451797485351562e+00,4.829999923706054688e+01,0.000000000000000000e+00,0.000000000000000000e+00,-1.000000000000000000e+00
-1.071486473083496094e+01,5.483870983123779297e+00,4.829999923706054688e+01,0.000000000000000000e+00,0.000000000000000000e+00,-1.000000000000000000e+00
-1.069054985046386719e+01,5.161290168762207031e+00,4.829999923706054688e+01,0.000000000000000000e+00,0.000000000000000000e+00,-1.000000000000000000e+00
-1.066623401641845703e+01,4.838709831237792969e+00,4.829999923706054688e+01,0.000000000000000000e+00,0.000000000000000000e+00,-1.000000000000000000e+00
-1.064191913604736328e+01,4.516129016876220703e+00,4.829999923706054688e+01,0.000000000000000000e+00,0.000000000000000000e+00,-1.000000000000000000e+00
-1.061760425567626953e+01,4.193548202514648438e+00,4.829999923706054688e+01,0.000000000000000000e+00,0.000000000000000000e+00,-1.000000000000000000e+00
-1.059328937530517578e+01,3.870967626571655273e+00,4.829999923706054688e+01,0.000000000000000000e+00,0.000000000000000000e+00,-1.000000000000000000e+00
-1.056897354125976562e+01,3.548387050628662109e+00,4.829999923706054688e+01,0.000000000000000000e+00,0.000000000000000000e+00,-1.000000000000000000e+00
-1.054465866088867188e+01,3.225806474685668945e+00,4.829999923706054688e+01,0.000000000000000000e+00,0.000000000000000000e+00,-1.000000000000000000e+00
-1.052034378051757812e+01,2.903225898742675781e+00,4.829999923706054688e+01,0.000000000000000000e+00,0.000000000000000000e+00,-1.000000000000000000e+00
-1.049602890014648438e+01,2.580645084381103516e+00,4.829999923706054688e+01,0.000000000000000000e+00,0.000000000000000000e+00,-1.000000000000000000e+00
-1.047171306610107422e+01,2.258064508438110352e+00,4.829999923706054688e+01,0.000000000000000000e+00,0.000000000000000000e+00,-1.000000000000000000e+00
-1.044739818572998047e+01,1.935483813285827637e+00,4.829999923706054688e+01,0.000000000000000000e+00,0.000000000000000000e+00,-1.000000000000000000e+00
-1.042308330535888672e+01,1.612903237342834473e+00,4.829999923706054688e+01,0.000000000000000000e+00,0.000000000000000000e+00,-1.000000000000000000e+00
-1.039876842498779297e+01,1.290322542190551758e+00,4.829999923706054688e+01,0.000000000000000000e+00,0.000000000000000000e+00,-1.000000000000000000e+00
-1.037445259094238281e+01,9.677419066429138184e-01,4.829999923706054688e+01,0.000000000000000000e+00,0.000000000000000000e+00,-1.000000000000000000e+00
-1.035013771057128906e+01,6.451612710952758789e-01,4.829999923706054688e+01,0.000000000000000000e+00,0.000000000000000000e+00,-1.000000000000000000e+00
-1.032582283020019531e+01,3.225806355476379395e-01,4.829999923706054688e+01,0.000000000000000000e+00,0.000000000000000000e+00,-1.000000000000000000e+00
-1.080401992797851562e+01,0.000000000000000000e+00,4.829999923706054688e+01,0.000000000000000000e+00,0.000000000000000000e+00,-1.000000000000000000e+00
-1.077970504760742188e+01,-3.225806355476379395e-01,4.829999923706054688e+01,0.000000000000000000e+00,0.000000000000000000e+00,-1.000000000000000000e+00
-1.075539016723632812e+01,-6.451612710952758789e-01,4.829999923706054688e+01,0.000000000000000000e+00,0.000000000000000000e+00,-1.000000000000000000e+00
-1.073107433319091797e+01,-9.677419066429138184e-01,4.829999923706054688e+01,0.000000000000000000e+00,0.000000000000000000e+00,-1.000000000000000000e+00
-1.070675945281982422e+01,-1.290322542190551758e+00,4.829999923706054688e+01,0.000000000000000000e+00,0.000000000000000000e+00,-1.000000000000000000e+00
-1.068244457244873047e+01,-1.612903237342834473e+00,4.829999923706054688e+01,0.000000000000000000e+00,0.000000000000000000e+00,-1.000000000000000000e+00
-1.065812969207763672e+01,-1.935483813285827637e+00,4.829999923706054688e+01,0.000000000000000000e+00,0.000000000000000000e+00,-1.000000000000000000e+00
-1.063381385803222656e+01,-2.258064508438110352e+00,4.829999923706054688e+01,0.000000000000000000e+00,0.000000000000000000e+00,-1.000000000000000000e+00
-1.060949897766113281e+01,-2.580645084381103516e+00,4.829999923706054688e+01,0.000000000000000000e+00,0.000000000000000000e+00,-1.000000000000000000e+00
-1.058518409729003906e+01,-2.903225898742675781e+00,4.829999923706054688e+01,0.000000000000000000e+00,0.000000000000000000e+00,-1.000000000000000000e+00
-1.056086921691894531e+01,-3.225806474685668945e+00,4.829999923706054688e+01,0.000000000000000000e+00,0.000000000000000000e+00,-1.000000000000000000e+00
-1.053655338287353516e+01,-3.548387050628662109e+00,4.829999923706054688e+01,0.000000000000000000e+00,0.000000000000000000e+00,-1.000000000000000000e+00
-1.051223850250244141e+01,-3.870967626571655273e+00,4.829999923706054688e+01,0.000000000000000000e+00,0.000000000000000000e+00,-1.000000000000000000e+00
-1.048792362213134766e+01,-4.193548202514648438e+00,4.829999923706054688e+01,0.000000000000000000e+00,0.000000000000000000e+00,-1.000000000000000000e+00
-1.046360874176025391e+01,-4.516129016876220703e+00,4.829999923706054688e+01,0.000000000000000000e+00,0.000000000000000000e+00,-1.000000000000000000e+00
-1.043929290771484375e+01,-4.838709831237792969e+00,4.829999923706054688e+01,0.000000000000000000e+00,0.000000000000000000e+00,-1.000000000000000000e+00
-1.041497802734375000e+01,-5.161290168762207031e+00,4.829999923706054688e+01,0.000000000000000000e+00,0.000000000000000000e+00,-1.000000000000000000e+00
-1.039066314697265625e+01,-5.483870983123779297e+00,4.829999923706054688e+01,0.000000000000000000e+00,0.000000000000000000e+00,-1.000000000000000000e+00
-1.036634826660156250e+01,-5.806451797485351562e+00,4.829999923706054688e+01,0.000000000000000000e+00,0.000000000000000000e+00,-1.000000000000000000e+00
-1.034203243255615234e+01,-6.129032135009765625e+00,4.829999923706054688e+01,0.000000000000000000e+00,0.000000000000000000e+00,-1.000000000000000000e+00
-1.031771755218505859e+01,-6.451612949371337891e+00,4.829999923706054688e+01,0.000000000000000000e+00,0.000000000000000000e+00,-1.000000000000000000e+00
-1.029340267181396484e+01,-6.774193763732910156e+00,4.829999923706054688e+01,0.000000000000000000e+00,0.000000000000000000e+00,-1.000000000000000000e+00
-1.026908779144287109e+01,-7.096774101257324219e+00,4.829999923706054688e+01,0.000000000000000000e+00,0.000000000000000000e+00,-1.000000000000000000e+00
-1.024477195739746094e+01,-7.419354915618896484e+00,4.829999923706054688e+01,0.000000000000000000e+00,0.000000000000000000e+00,-1.000000000000000000e+00
-1.022045707702636719e+01,-7.741935253143310547e+00,4.829999923706054688e+01,0.000000000000000000e+00,0.000000000000000000e+00,-1.000000000000000000e+00
-1.019614219665527344e+01,-8.064516067504882812e+00,4.829999923706054688e+01,0.000000000000000000e+00,0.000000000000000000e+00,-1.000000000000000000e+00
-1.017182731628417969e+01,-8.387096405029296875e+00,4.829999923706054688e+01,0.000000000000000000e+00,0.000000000000000000e+00,-1.000000000000000000e+00
-1.014751148223876953e+01,-8.709677696228027344e+00,4.829999923706054688e+01,0.000000000000000000e+00,0.000000000000000000e+00,-1.000000000000000000e+00
-1.012319660186767578e+01,-9.032258033752441406e+00,4.829999923706054688e+01,0.000000000000000000e+00,0.000000000000000000e+00,-1.000000000000000000e+00
-1.009888172149658203e+01,-9.354838371276855469e+00,4.829999923706054688e+01,0.000000000000000000e+00,0.000000000000000000e+00,-1.000000000000000000e+00
-1.007456684112548828e+01,-9.677419662475585938e+00,4.829999923706054688e+01,0.000000000000000000e+00,0.000000000000000000e+00,-1.000000000000000000e+00
-1.005025100708007812e+01,-1.000000000000000000e+01,4.829999923706054688e+01,0.000000000000000000e+00,0.000000000000000000e+00,-1.000000000000000000e+00
-1.005025100708007812e+01,-1.000000000000000000e+01,4.829999923706054688e+01,0.000000000000000000e+00,0.000000000000000000e+00,-1.000000000000000000e+00
-1.002593612670898438e+01,-9.677419662475585938e+00,4.829999923706054688e+01,0.000000000000000000e+00,0.000000000000000000e+00,-1.000000000000000000e+00
-1.000162124633789062e+01,-9.354838371276855469e+00,4.829999923706054688e+01,0.000000000000000000e+00,0.000000000000000000e+00,-1.000000000000000000e+00
-9.977305412292480469e+00,-9.032258033752441406e+00,4.829999923706054688e+01,0.000000000000000000e+00,0.000000000000000000e+00,-1.000000000000000000e+00
-9.952990531921386719e+00,-8.709677696228027344e+00,4.829999923706054688e+01,0.000000000000000000e+00,0.000000000000000000e+00,-1.000000000000000000e+00
-9.928675651550292969e+00,-8.387096405029296875e+00,4.829999923706054688e+01,0.000000000000000000e+00,0.000000000000000000e+00,-1.000000000000000000e+00
-9.904360771179199219e+00,-8.064516067504882812e+00,4.829999923706054688e+01,0.000000000000000000e+00,0.000000000000000000e+00,-1.000000000000000000e+00
-9.880044937133789062e+00,-7.741935253143310547e+00,4.829999923706054688e+01,0.000000000000000000e+00,0.000000000000000000e+00,-1.000000000000000000e+00
-9.855730056762695312e+00,-7.419354915618896484e+00,4.829999923706054688e+01,0.000000000000000000e+00,0.000000000000000000e+00,-1.000000000000000000e+00
-9.831415176391601562e+00,-7.096774101257324219e+00,4.829999923706054688e+01,0.000000000000000000e+00,0.000000000000000000e+00,-1.000000000000000000e+00
-9.807100296020507812e+00,-6.774193763732910156e+00,4.829999923706054688e+01,0.000000000000000000e+00,0.000000000000000000e+00,-1.000000000000000000e+00
-9.782784461975097656e+00,-6.451612949371337891e+00,4.829999923706054688e+01,0.000000000000000000e+00,0.000000000000000000e+00,-1.000000000000000000e+00
-9.758469581604003906e+00,-6.129032135009765625e+00,4.829999923706054688e+01,0.000000000000000000e+00,0.000000000000000000e+00,-1.000000000000000000e+00
-9.734154701232910156e+00,-5.806451797485351562e+00,4.829999923706054688e+01,0.000000000000000000e+00,0.000000000000000000e+00,-1.000000000000000000e+00
-9.709839820861816406e+00,-5.483870983123779297e+00,4.829999923706054688e+01,0.000000000000000000e+00,0.000000000000000000e+00,-1.000000000000000000e+00
-9.685523986816406250e+00,-5.161290168762207031e+00,4.829999923706054688e+01,0.000000000000000000e+00,0.000000000000000000e+00,-1.000000000000000000e+00
-9.661209106445312500e+00,-4.838709831237792969e+00,4.829999923706054688e+01,0.000000000000000000e+00,0.000000000000000000e+00,-1.000000000000000000e+00
-9.636894226074218750e+00,-4.516129016876220703e+00,4.829999923706054688e+01,0.000000000000000000e+00,0.000000000000000000e+00,-1.000000000000000000e+00
-9.612579345703125000e+00,-4.193548202514648438e+00,4.829999923706054688e+01,0.000000000000000000e+00,0.000000000000000000e+00,-1.000000000000000000e+00
-9.588263511657714844e+00,-3.870967626571655273e+00,4.829999923706054688e+01,0.000000000000000000e+00,0.000000000000000000e+00,-1.000000000000000000e+00
-9.563948631286621094e+00,-3.548387050628662109e+00,4.829999923706054688e+01,0.000000000000000000e+00,0.000000000000000000e+00,-1.000000000000000000e+00
-9.539633750915527344e+00,-3.225806474685668945e+00,4.829999923706054688e+01,0.000000000000000000e+00,0.000000000000000000e+00,-1.000000000000000000e+00
-9.515318870544433594e+00,-2.903225898742675781e+00,4.829999923706054688e+01,0.000000000000000000e+00,0.000000000000000000e+00,-1.000000000000000000e+00
-9.491003036499023438e+00,-2.580645084381103516e+00,4.829999923706054688e+01,0.000000000000000000e+00,0.000000000000000000e+00,-1.000000000000000000e+00
-9.466688156127929688e+00,-2.258064508438110352e+00,4.829999923706054688e+01,0.000000000000000000e+00,0.000000000000000000e+00,-1.000000000000000000e+00
-9.442373275756835938e+00,-1.935483813285827637e+00,4.829999923706054688e+01,0.000000000000000000e+00,0.000000000000000000e+00,-1.000000000000000000e+00
-9.418058395385742188e+00,-1.612903237342834473e+00,4.829999923706054688e+01,0.000000000000000000e+00,0.000000000000000000e+00,-1.000000000000000000e+00
-9.393742561340332031e+00,-1.290322542190551758e+00,4.829999923706054688e+01,0.000000000000000000e+00,0.000000000000000000e+00,-1.000000000000000000e+00
-9.369427680969238281e+00,-9.677419066429138184e-01,4.829999923706054688e+01,0.000000000000000000e+00,0.000000000000000000e+00,-1.000000000000000000e+00
-9.345112800598144531e+00,-6.451612710952758789e-01,4.829999923706054688e+01,0.000000000000000000e+00,0.000000000000000000e+00,-1.000000000000000000e+00
-9.320797920227050781e+00,-3.225806355476379395e-01,4.829999923706054688e+01,0.000000000000000000e+00,0.000000000000000000e+00,-1.000000000000000000e+00
-9.798995018005371094e+00,0.000000000000000000e+00,4.829999923706054688e+01,0.000000000000000000e+00,0.000000000000000000e+00,-1.000000000000000000e+00
-9.774680137634277344e+00,3.225806355476379395e-01,4.829999923706054688e+01,0.000000000000000000e+00,0.000000000000000000e+00,-1.000000000000000000e+00
-9.750364303588867188e+00,6.451612710952758789e-01,4.829999923706054688e+01,0.000000000000000000e+00,0.000000000000000000e+00,-1.000000000000000000e+00
-9.726049423217773438e+00,9.677419066429138184e-01,4.829999923706054688e+01,0.000000000000000000e+00,0.000000000000000000e+00,-1.000000000000000000e+00
-9.701734542846679688e+00,1.290322542190551758e+00,4.829999923706054688e+01,0.000000000000000000e+00,0.000000000000000000e+00,-1.000000000000000000e+00
-9.677419662475585938e+00,1.612903237342834473e+00,4.829999923706054688e+01,0.000000000000000000e+00,0.000000000000000000e+00,-1.000000000000000000e+00
-9.653103828430175781e+00,1.935483813285827637e+00,4.829999923706054688e+01,0.000000000000000000e+00,0.000000000000000000e+00,-1.000000000000000000e+00
-9.628788948059082031e+00,2.258064508438110352e+00,4.829999923706054688e+01,0.000000000000000000e+00,0.000000000000000000e+00,-1.000000000000000000e+00
-9.604474067687988281e+00,2.580645084381103516e+00,4.829999923706054688e+01,0.000000000000000000e+00,0.000000000000000000e+00,-1.000000000000000000e+00
-9.580159187316894531e+00,2.903225898742675781e+00,4.829999923706054688e+01,0.000000000000000000e+00,0.000000000000000000e+00,-1.000000000000000000e+00
-9.555843353271484375e+00,3.225806474685668945e+00,4.829999923706054688e+01,0.000000000000000000e+00,0.000000000000000000e+00,-1.000000000000000000e+00
-9.531528472900390625e+00,3.548387050628662109e+00,4.829999923706054688e+01,0.000000000000000000e+00,0.000000000000000000e+00,-1.000000000000000000e+00
-9.507213592529296875e+00,3.870967626571655273e+00,4.829999923706054688e+01,0.000000000000000000e+00,0.000000000000000000e+00,-1.000000000000000000e+00
-9.482898712158203125e+00,4.193548202514648438e+00,4.829999923706054688e+01,0.000000000000000000e+00,0.000000000000000000e+00,-1.000000000000000000e+00
-9.458582878112792969e+00,4.516129016876220703e+00,4.829999923706054688e+01,0.000000000000000000e+00,0.000000000000000000e+00,-1.000000000000000000e+00
-9.434267997741699219e+00,4.838709831237792969e+00,4.829999923706054688e+01,0.000000000000000000e+00,0.000000000000000000e+00,-1.000000000000000000e+00
-9.409953117370605469e+00,5.161290168762207031e+00,4.829999923706054688e+01,0.000000000000000000e+00,0.000000000000000000e+00,-1.000000000000000000e+00
-9.385638236999511719e+00,5.483870983123779297e+00,4.829999923706054688e+01,0.000000000000000000e+00,0.000000000000000000e+00,-1.000000000000000000e+00
-9.361322402954101562e+00,5.806451797485351562e+00,4.829999923706054688e+01,0.000000000000000000e+00,0.000000000000000000e+00,-1.000000000000000000e+00
-9.337007522583007812e+00,6.129032135009765625e+00,4.829999923706054688e+01,0.000000000000000000e+00,0.000000000000000000e+00,-1.000000000000000000e+00
-9.312692642211914062e+00,6.451612949371337891e+00,4.829999923706054688e+01,0.000000000000000000e+00,0.000000000000000000e+00,-1.000000000000000000e+00
-9.288377761840820312e+00,6.774193763732910156e+00,4.829999923706054688e+01,0.000000000000000000e+00,0.000000000000000000e+00,-1.000000000000000000e+00
-9.264061927795410156e+00,7.096774101257324219e+00,4.829999923706054688e+01,0.000000000000000000e+00,0.000000000000000000e+00,-1.000000000000000000e+00
-9.239747047424316406e+00,7.419354915618896484e+00,4.829999923706054688e+01,0.000000000000000000e+00,0.000000000000000000e+00,-1.000000000000000000e+00
-9.215432167053222656e+00,7.741935253143310547e+00,4.829999923706054688e+01,0.000000000000000000e+00,0.000000000000000000e+00,-1.000000000000000000e+00
-9.191117286682128906e+00,8.064516067504882812e+00,4.829999923706054688e+01,0.000000000000000000e+00,0.000000000000000000e+00,-1.000000000000000000e+00
-9.166801452636718750e+00,8.387096405029296875e+00,4.829999923706054688e+01,0.000000000000000000e+00,0.000000000000000000e+00,-1.000000000000000000e+00
-9.142486572265625000e+00,8.709677696228027344e+00,4.829999923706054688e+01,0.000000000000000000e+00,0.000000000000000000e+00,-1.000000000000000000e+00
-9.118171691894531250e+00,9.032258033752441406e+00,4.829999923706054688e+01,0.000000000000000000e+00,0.000000000000000000e+00,-1.000000000000000000e+00
-9.093856811523437500e+00,9.354838371276855469e+00,4.829999923706054688e+01,0.000000000000000000e+00,0.000000000000000000e+00,-1.000000000000000000e+00
-9.069540977478027344e+00,9.677419662475585938e+00,4.829999923706054688e+01,0.000000000000000000e+00,0.000000000000000000e+00,-1.000000000000000000e+00
-9.045226097106933594e+00,1.000000000000000000e+01,4.829999923706054688e+01,0.000000000000000000e+00,0.000000000000000000e+00,-1.000000000000000000e+00
-9.045226097106933594e+00,1.000000000000000000e+01,4.829999923706054688e+01,0.000000000000000000e+00,0.000000000000000000e+00,-1.000000000000000000e+00
-9.020911216735839844e+00,9.677419662475585938e+00,4.829999923706054688e+01,0.000000000000000000e+00,0.000000000000000000e+00,-1.000000000000000000e+00
-8.996596336364746094e+00,9.354838371276855469e+00,4.829999923706054688e+01,0.000000000000000000e+00,0.000000000000000000e+00,-1.000000000000000000e+00
-8.972280502319335938e+00,9.032258033752441406e+00,4.829999923706054688e+01,0.000000000000000000e+00,0.000000000000000000e+00,-1.000000000000000000e+00
-8.947965621948242188e+00,8.709677696228027344e+00,4.829999923706054688e+01,0.000000000000000000e+00,0.000000000000000000e+00,-1.000000000000000000e+00
-8.923650741577148438e+00,8.387096405029296875e+00,4.829999923706054688e+01,0.000000000000000000e+00,0.000000000000000000e+00,-1.000000000000000000e+00
-8.899335861206054688e+00,8.064516067504882812e+00,4.829999923706054688e+01,0.000000000000000000e+00,0.000000000000000000e+00,-1.000000000000000000e+00
-8.875020027160644531e+00,7.741935253143310547e+00,4.829999923706054688e+01,0.000000000000000000e+00,0.000000000000000000e+00,-1.000000000000000000e+00
-8.850705146789550781e+00,7.419354915618896484e+00,4.829999923706054688e+01,0.000000000000000000e+00,0.000000000000000000e+00,-1.000000000000000000e+00
-8.826390266418457031e+00,7.096774101257324219e+00,4.829999923706054688e+01,0.000000000000000000e+00,0.000000000000000000e+00,-1.000000000000000000e+00
-8.802074432373046875e+00,6.774193763732910156e+00,4.829999923706054688e+01,0.000000000000000000e+00,0.000000000000000000e+00,-1.000000000000000000e+00
-8.777759552001953125e+00,6.451612949371337891e+00,4.829999923706054688e+01,0.000000000000000000e+00,0.000000000000000000e+00,-1.000000000000000000e+00
-8.753444671630859375e+00,6.129032135009765625e+00,4.829999923706054688e+01,0.000000000000000000e+00,0.000000000000000000e+00,-1.000000000000000000e+00
-8.729129791259765625e+00,5.806451797485351562e+00,4.829999923706054688e+01,0.000000000000000000e+00,0.000000000000000000e+00,-1.000000000000000000e+00
-8.704813957214355469e+00,5.483870983123779297e+00,4.829999923706054688e+01,0.000000000000000000e+00,0.000000000000000000e+00,-1.000000000000000000e+00
-8.680499076843261719e+00,5.161290168762207031e+00,4.829999923706054688e+01,0.000000000000000000e+00,0.000000000000000000e+00,-1.000000000000000000e+00
-8.656184196472167969e+00,4.838709831237792969e+00,4.829999923706054688e+01,0.000000000000000000e+00,0.000000000000000000e+00,-1.000000000000000000e+00
-8.631869316101074219e+00,4.516129016876220703e+00,4.829999923706054688e+01,0.000000000000000000e+00,0.000000000000000000e+00,-1.000000000000000000e+00
-8.607553482055664062e+00,4.193548202514648438e+00,4.829999923706054688e+01,0.000000000000000000e+00,0.000000000000000000e+00,-1.000000000000000000e+00
-8.583238601684570312e+00,3.870967626571655273e+00,4.829999923706054688e+01,0.000000000000000000e+00,0.000000000000000000e+00,-1.000000000000000000e+00
-8.558923721313476562e+00,3.548387050628662109e+00,4.829999923706054688e+01,0.000000000000000000e+00,0.000000000000000000e+00,-1.000000000000000000e+00
-8.534608840942382812e+00,3.225806474685668945e+00,4.829999923706054688e+01,0.000000000000000000e+00,0.000000000000000000e+00,-1.000000000000000000e+00
-8.510293006896972656e+00,2.903225898742675781e+00,4.829999923706054688e+01,0.000000000000000000e+00,0.000000000000000000e+00,-1.000000000000000000e+00
-8.485978126525878906e+00,2.580645084381103516e+00,4.829999923706054688e+01,0.000000000000000000e+00,0.000000000000000000e+00,-1.000000000000000000e+00
-8.461663246154785156e+00,2.258064508438110352e+00,4.829999923706054688e+01,0.000000000000000000e+00,0.000000000000000000e+00,-1.000000000000000000e+00
-8.437348365783691406e+00,1.935483813285827637e+00,4.829999923706054688e+01,0.000000000000000000e+00,0.000000000000000000e+00,-1.000000000000000000e+00
-8.413032531738281250e+00,1.612903237342834473e+00,4.829999923706054688e+01,0.000000000000000000e+00,0.000000000000000000e+00,-1.000000000000000000e+00
-8.388717651367187500e+00,1.290322542190551758e+00,4.829999923706054688e+01,0.000000000000000000e+00,0.000000000000000000e+00,-1.000000000000000000e+00
-8.364402770996093750e+00,9.677419066429138184e-01,4.829999923706054688e+01,0.000000000000000000e+00,0.000000000000000000e+00,-1.000000000000000000e+00
-8.340087890625000000e+00,6.451612710952758789e-01,4.829999923706054688e+01,0.000000000000000000e+00,0.000000000000000000e+00,-1.000000000000000000e+00
-8.315772056579589844e+00,3.225806355476379395e-01,4.829999923706054688e+01,0.000000000000000000e+00,0.000000000000000000e+00,-1.000000000000000000e+00
-8.793970108032226562e+00,0.000000000000000000e+00,4.829999923706054688e+01,0.000000000000000000e+00,0.000000000000000000e+00,-1.000000000000000000e+00
-8.769654273986816406e+00,-3.225806355476379395e-01,4.829999923706054688e+01,0.000000000000000000e+00,0.000000000000000000e+00,-1.000000000000000000e+00
-8.745339393615722656e+00,-6.451612710952758789e-01,4.829999923706054688e+01,0.000000000000000000e+00,0.000000000000000000e+00,-1.000000000000000000e+00
-8.721024513244628906e+00,-9.677419066429138184e-01,4.829999923706054688e+01,0.000000000000000000e+00,0.000000000000000000e+00,-1.000000000000000000e+00
-8.696709632873535156e+00,-1.290322542190551758e+00,4.829999923706054688e+01,0.000000000000000000e+00,0.000000000000000000e+00,-1.000000000000000000e+00
-8.672393798828125000e+00,-1.612903237342834473e+00,4.829999923706054688e+01,0.000000000000000000e+00,0.000000000000000000e+00,-1.000000000000000000e+00
-8.648078918457031250e+00,-1.935483813285827637e+00,4.829999923706054688e+01,0.000000000000000000e+00,0.000000000000000000e+00,-1.000000000000000000e+00
-8.623764038085937500e+00,-2.258064508438110352e+00,4.829999923706054688e+01,0.000000000000000000e+00,0.000000000000000000e+00,-1.000000000000000000e+00
-8.599449157714843750e+00,-2.580645084381103516e+00,4.829999923706054688e+01,0.000000000000000000e+00,0.000000000000000000e+00,-1.000000000000000000e+00
-8.575133323669433594e+00,-2.903225898742675781e+00,4.829999923706054688e+01,0.000000000000000000e+00,0.000000000000000000e+00,-1.000000000000000000e+00
-8.550818443298339844e+00,-3.225806474685668945e+00,4.829999923706054688e+01,0.000000000000000000e+00,0.000000000000000000e+00,-1.000000000000000000e+00
-8.526503562927246094e+00,-3.548387050628662109e+00,4.829999923706054688e+01,0.000000000000000000e+00,0.000000000000000000e+00,-1.000000000000000000e+00
-8.502188682556152344e+00,-3.870967626571655273e+00,4.829999923706054688e+01,0.000000000000000000e+00,0.000000000000000000e+00,-1.000000000000000000e+00
-8.477872848510742188e+00,-4.193548202514648438e+00,4.829999923706054688e+01,0.000000000000000000e+00,0.000000000000000000e+00,-1.000000000000000000e+00
-8.453557968139648438e+00,-4.516129016876220703e+00,4.829999923706054688e+01,0.000000000000000000e+00,0.000000000000000000e+00,-1.000000000000000000e+00
-8.429243087768554688e+00,-4.838709831237792969e+00,4.829999923706054688e+01,0.000000000000000000e+00,0.000000000000000000e+00,-1.000000000000000000e+00
-8.404928207397460938e+00,-5.161290168762207031e+00,4.829999923706054688e+01,0.000000000000000000e+00,0.000000000000000000e+00,-1.000000000000000000e+00
-8.380612373352050781e+00,-5.483870983123779297e+00,4.829999923706054688e+01,0.000000000000000000e+00,0.000000000000000000e+00,-1.000000000000000000e+00
-8.356297492980957031e+00,-5.806451797485351562e+00,4.829999923706054688e+01,0.000000000000000000e+00,0.000000000000000000e+00,-1.000000000000000000e+00
-8.331982612609863281e+00,-6.129032135009765625e+00,4.829999923706054688e+01,0.000000000000000000e+00,0.000000000000000000e+00,-1.000000000000000000e+00
-8.307667732238769531e+00,-6.451612949371337891e+00,4.829999923706054688e+01,0.000000000000000000e+00,0.000000000000000000e+00,-1.000000000000000000e+00
-8.283351898193359375e+00,-6.774193763732910156e+00,4.829999923706054688e+01,0.000000000000000000e+00,0.000000000000000000e+00,-1.000000000000000000e+00
-8.259037017822265625e+00,-7.096774101257324219e+00,4.829999923706054688e+01,0.000000000000000000e+00,0.000000000000000000e+00,-1.000000000000000000e+00
-8.234722137451171875e+00,-7.419354915618896484e+00,4.829999923706054688e+01,0.000000000000000000e+00,0.000000000000000000e+00,-1.000000000000000000e+00
-8.210407257080078125e+00,-7.741935253143310547e+00,4.829999923706054688e+01,0.000000000000000000e+00,0.000000000000000000e+00,-1.000000000000000000e+00
-8.186091423034667969e+00,-8.064516067504882812e+00,4.829999923706054688e+01,0.000000000000000000e+00,0.000000000000000000e+00,-1.000000000000000000e+00
-8.161776542663574219e+00,-8.387096405029296875e+00,4.829999923706054688e+01,0.000000000000000000e+00,0.000000000000000000e+00,-1.000000000000000000e+00
-8.137461662292480469e+00,-8.709677696228027344e+00,4.829999923706054688e+01,0.000000000000000000e+00,0.000000000000000000e+00,-1.000000000000000000e+00
-8.113146781921386719e+00,-9.032258033752441406e+00,4.829999923706054688e+01,0.000000000000000000e+00,0.000000000000000000e+00,-1.000000000000000000e+00
-8.088830947875976562e+00,-9.354838371276855469e+00,4.829999923706054688e+01,0.000000000000000000e+00,0.000000000000000000e+00,-1.000000000000000000e+00
-8.064516067504882812e+00,-9.677419662475585938e+00,4.829999923706054688e+01,0.000000000000000000e+00,0.000000000000000000e+00,-1.000000000000000000e+00
-8.040201187133789062e+00,-1.000000000000000000e+01,4.829999923706054688e+01,0.000000000000000000e+00,0.000000000000000000e+00,-1.000000000000000000e+00
-8.040201187133789062e+00,-1.000000000000000000e+01,4.829999923706054688e+01,0.000000000000000000e+00,0.000000000000000000e+00,-1.000000000000000000e+00
-8.015886306762695312e+00,-9.677419662475585938e+00,4.829999923706054688e+01,0.000000000000000000e+00,0.000000000000000000e+00,-1.000000000000000000e+00
-7.991570949554443359e+00,-9.354838371276855469e+00,4.829999923706054688e+01,0.000000000000000000e+00,0.000000000000000000e+00,-1.000000000000000000e+00
-7.967255592346191406e+00,-9.032258033752441406e+00,4.829999923706054688e+01,0.000000000000000000e+00,0.000000000000000000e+00,-1.000000000000000000e+00
-7.942940711975097656e+00,-8.709677696228027344e+00,4.829999923706054688e+01,0.000000000000000000e+00,0.000000000000000000e+00,-1.000000000000000000e+00
-7.918625354766845703e+00,-8.387096405029296875e+00,4.829999923706054688e+01,0.000000000000000000e+00,0.000000000000000000e+00,-1.000000000000000000e+00
-7.894310474395751953e+00,-8.064516067504882812e+00,4.829999923706054688e+01,0.000000000000000000e+00,0.000000000000000000e+00,-1.000000000000000000e+00
-7.869995117187500000e+00,-7.741935253143310547e+00,4.829999923706054688e+01,0.000000000000000000e+00,0.000000000000000000e+00,-1.000000000000000000e+00
-7.845680236816406250e+00,-7.419354915618896484e+00,4.829999923706054688e+01,0.000000000000000000e+00,0.000000000000000000e+00,-1.000000000000000000e+00
-7.821364879608154297e+00,-7.096774101257324219e+00,4.829999923706054688e+01,0.000000000000000000e+00,0.000000000000000000e+00,-1.000000000000000000e+00
-7.797049999237060547e+00,-6.774193763732910156e+00,4.829999923706054688e+01,0.000000000000000000e+00,0.000000000000000000e+00,-1.000000000000000000e+00
-7.772734642028808594e+00,-6.451612949371337891e+00,4.829999923706054688e+01,0.000000000000000000e+00,0.000000000000000000e+00,-1.000000000000000000e+00
-7.748419284820556641e+00,-6.129032135009765625e+00,4.829999923706054688e+01,0.000000000000000000e+00,0.000000000000000000e+00,-1.000000000000000000e+00
-7.724104404449462891e+00,-5.806451797485351562e+00,4.829999923706054688e+01,0.000000000000000000e+00,0.000000000000000000e+00,-1.000000000000000000e+00
-7.699789047241210938e+00,-5.483870983123779297e+00,4.829999923706054688e+01,0.000000000000000000e+00,0.000000000000000000e+00,-1.000000000000000000e+00
-7.675474166870117188e+00,-5.161290168762207031e+00,4.829999923706054688e+01,0.000000000000000000e+00,0.000000000000000000e+00,-1.000000000000000000e+00
-7.651158809661865234e+00,-4.838709831237792969e+00,4.829999923706054688e+01,0.000000000000000000e+00,0.000000000000000000e+00,-1.000000000000000000e+00
-7.626843929290771484e+00,-4.516129016876220703e+00,4.829999923706054688e+01,0.000000000000000000e+00,0.000000000000000000e+00,-1.000000000000000000e+00
-7.602528572082519531e+00,-4.193548202514648438e+00,4.829999923706054688e+01,0.000000000000000000e+00,0.000000000000000000e+00,-1.000000000000000000e+00
-7.578213691711425781e+00,-3.870967626571655273e+00,4.829999923706054688e+01,0.000000000000000000e+00,0.000000000000000000e+00,-1.000000000000000000e+00
-7.553898334503173828e+00,-3.548387050628662109e+00,4.829999923706054688e+01,0.000000000000000000e+00,0.000000000000000000e+00,-1.000000000000000000e+00
-7.529583454132080078e+00,-3.225806474685668945e+00,4.829999923706054688e+01,0.000000000000000000e+00,0.000000000000000000e+00,-1.000000000000000000e+00
-7.505268096923828125e+00,-2.903225898742675781e+00,4.829999923706054688e+01,0.000000000000000000e+00,0.000000000000000000e+00,-1.000000000000000000e+00
-7.480953216552734375e+00,-2.580645084381103516e+00,4.829999923706054688e+01,0.000000000000000000e+00,0.000000000000000000e+00,-1.000000000000000000e+00
-7.456637859344482422e+00,-2.258064508438110352e+00,4.829999923706054688e+01,0.000000000000000000e+00,0.000000000000000000e+00,-1.000000000000000000e+00
-7.432322978973388672e+00,-1.935483813285827637e+00,4.829999923706054688e+01,0.000000000000000000e+00,0.000000000000000000e+00,-1.000000000000000000e+00
-7.408007621765136719e+00,-1.612903237342834473e+00,4.829999923706054688e+01,0.000000000000000000e+00,0.000000000000000000e+00,-1.000000000000000000e+00
-7.383692741394042969e+00,-1.290322542190551758e+00,4.829999923706054688e+01,0.000000000000000000e+00,0.000000000000000000e+00,-1.000000000000000000e+00
-7.359377384185791016e+00,-9.677419066429138184e-01,4.829999923706054688e+01,0.000000000000000000e+00,0.000000000000000000e+00,-1.000000000000000000e+00
-7.335062503814697266e+00,-6.451612710952758789e-01,4.829999923706054688e+01,0.000000000000000000e+00,0.000000000000000000e+00,-1.000000000000000000e+00
-7.310747146606445312e+00,-3.225806355476379395e-01,4.829999923706054688e+01,0.000000000000000000e+00,0.000000000000000000e+00,-1.000000000000000000e+00
-7.788944721221923828e+00,0.000000000000000000e+00,4.829999923706054688e+01,0.000000000000000000e+00,0.000000000000000000e+00,-1.000000000000000000e+00
-7.764629364013671875e+00,3.225806355476379395e-01,4.829999923706054688e+01,0.000000000000000000e+00,0.000000000000000000e+00,-1.000000000000000000e+00
-7.740314483642578125e+00,6.451612710952758789e-01,4.829999923706054688e+01,0.000000000000000000e+00,0.000000000000000000e+00,-1.000000000000000000e+00
-7.715999126434326172e+00,9.677419066429138184e-01,4.829999923706054688e+01,0.000000000000000000e+00,0.000000000000000000e+00,-1.000000000000000000e+00
-7.691684246063232422e+00,1.290322542190551758e+00,4.829999923706054688e+01,0.000000000000000000e+00,0.000000000000000000e+00,-1.000000000000000000e+00
-7.667368888854980469e+00,1.612903237342834473e+00,4.829999923706054688e+01,0.000000000000000000e+00,0.000000000000000000e+00,-1.000000000000000000e+00
-7.643054008483886719e+00,1.935483813285827637e+00,4.829999923706054688e+01,0.000000000000000000e+00,0.000000000000000000e+00,-1.000000000000000000e+00
-7.618738651275634766e+00,2.258064508438110352e+00,4.829999923706054688e+01,0.000000000000000000e+00,0.000000000000000000e+00,-1.000000000000000000e+00
-7.594423770904541016e+00,2.580645084381103516e+00,4.829999923706054688e+01,0.000000000000000000e+00,0.000000000000000000e+00,-1.000000000000000000e+00
-7.570108413696289062e+00,2.903225898742675781e+00,4.829999923706054688e+01,0.000000000000000000e+00,0.000000000000000000e+00,-1.000000000000000000e+00
-7.545793533325195312e+00,3.225806474685668945e+00,4.829999923706054688e+01,0.000000000000000000e+00,0.000000000000000000e+00,-1.000000000000000000e+00
-7.521478176116943359e+00,3.548387050628662109e+00,4.829999923706054688e+01,0.000000000000000000e+00,0.000000000000000000e+00,-1.000000000000000000e+00
-7.497163295745849609e+00,3.870967626571655273e+00,4.829999923706054688e+01,0.000000000000000000e+00,0.000000000000000000e+00,-1.000000000000000000e+00
-7.472847938537597656e+00,4.193548202514648438e+00,4.829999923706054688e+01,0.000000000000000000e+00,0.000000000000000000e+00,-1.000000000000000000e+00
-7.448533058166503906e+00,4.516129016876220703e+00,4.829999923706054688e+01,0.000000000000000000e+00,0.000000000000000000e+00,-1.000000000000000000e+00
-7.424217700958251953e+00,4.838709831237792969e+00,4.829999923706054688e+01,0.000000000000000000e+00,0.000000000000000000e+00,-1.000000000000000000e+00
-7.399902820587158203e+00,5.161290168762207031e+00,4.829999923706054688e+01,0.000000000000000000e+00,0.000000000000000000e+00,-1.000000000000000000e+00
-7.375587463378906250e+00,5.483870983123779297e+00,4.829999923706054688e+01,0.000000000000000000e+00,0.000000000000000000e+00,-1.000000000000000000e+00
-7.351272583007812500e+00,5.806451797485351562e+00,4.829999923706054688e+01,0.000000000000000000e+00,0.000000000000000000e+00,-1.000000000000000000e+00
-7.326957225799560547e+00,6.129032135009765625e+00,4.829999923706054688e+01,0.000000000000000000e+00,0.000000000000000000e+00,-1.000000000000000000e+00
-7.302642345428466797e+00,6.451612949371337891e+00,4.829999923706054688e+01,0.000000000000000000e+00,0.000000000000000000e+00,-1.000000000000000000e+00
-7.278326988220214844e+00,6.774193763732910156e+00,4.829999923706054688e+01,0.000000000000000000e+00,0.000000000000000000e+00,-1.000000000000000000e+00
-7.254012107849121094e+00,7.096774101257324219e+00,4.829999923706054688e+01,0.000000000000000000e+00,0.000000000000000000e+00,-1.000000000000000000e+00
-7.229696750640869141e+00,7.419354915618896484e+00,4.829999923706054688e+01,0.000000000000000000e+00,0.000000000000000000e+00,-1.000000000000000000e+00
-7.205381870269775391e+00,7.741935253143310547e+00,4.829999923706054688e+01,0.000000000000000000e+00,0.000000000000000000e+00,-1.000000000000000000e+00
-7.181066513061523438e+00,8.064516067504882812e+00,4.829999923706054688e+01,0.000000000000000000e+00,0.000000000000000000e+00,-1.000000000000000000e+00
-7.156751632690429688e+00,8.387096405029296875e+00,4.829999923706054688e+01,0.000000000000000000e+00,0.000000000000000000e+00,-1.000000000000000000e+00
-7.132436275482177734e+00,8.709677696228027344e+00,4.829999923706054688e+01,0.000000000000000000e+00,0.000000000000000000e+00,-1.000000000000000000e+00
-7.108121395111083984e+00,9.032258033752441406e+00,4.829999923706054688e+01,0.000000000000000000e+00,0.000000000000000000e+00,-1.000000000000000000e+00
-7.083806037902832031e+00,9.354838371276855469e+00,4.829999923706054688e+01,0.000000000000000000e+00,0.000000000000000000e+00,-1.000000000000000000e+00
-7.059491157531738281e+00,9.677419662475585938e+00,4.829999923706054688e+01,0.000000000000000000e+00,0.000000000000000000e+00,-1.000000000000000000e+00
-7.035175800323486328e+00,1.000000000000000000e+01,4.829999923706054688e+01,0.000000000000000000e+00,0.000000000000000000e+00,-1.000000000000000000e+00
-7.035175800323486328e+00,1.000000000000000000e+01,4.829999923706054688e+01,0.000000000000000000e+00,0.000000000000000000e+00,-1.000000000000000000e+00
-7.010860919952392578e+00,9.677419662475585938e+00,4.829999923706054688e+01,0.000000000000000000e+00,0.000000000000000000e+00,-1.000000000000000000e+00
-6.986545562744140625e+00,9.354838371276855469e+00,4.829999923706054688e+01,0.000000000000000000e+00,0.000000000000000000e+00,-1.000000000000000000e+00
-6.962230682373046875e+00,9.032258033752441406e+00,4.829999923706054688e+01,0.000000000000000000e+00,0.000000000000000000e+00,-1.000000000000000000e+00
-6.937915325164794922e+00,8.709677696228027344e+00,4.829999923706054688e+01,0.000000000000000000e+00,0.000000000000000000e+00,-1.000000000000000000e+00
-6.913600444793701172e+00,8.387096405029296875e+00,4.829999923706054688e+01,0.000000000000000000e+00,0.000000000000000000e+00,-1.000000000000000000e+00
-6.889285087585449219e+00,8.064516067504882812e+00,4.829999923706054688e+01,0.000000000000000000e+00,0.000000000000000000e+00,-1.000000000000000000e+00
-6.864970207214355469e+00,7.741935253143310547e+00,4.829999923706054688e+01,0.000000000000000000e+00,0.000000000000000000e+00,-1.000000000000000000e+00
-6.840654850006103516e+00,7.419354915618896484e+00,4.829999923706054688e+01,0.000000000000000000e+00,0.000000000000000000e+00,-1.000000000000000000e+00
-6.816339969635009766e+00,7.096774101257324219e+00,4.829999923706054688e+01,0.000000000000000000e+00,0.000000000000000000e+00,-1.000000000000000000e+00
-6.792024612426757812e+00,6.774193763732910156e+00,4.829999923706054688e+01,0.000000000000000000e+00,0.000000000000000000e+00,-1.000000000000000000e+00
-6.767709732055664062e+00,6.451612949371337891e+00,4.829999923706054688e+01,0.000000000000000000e+00,0.000000000000000000e+00,-1.000000000000000000e+00
-6.743394374847412109e+00,6.129032135009765625e+00,4.829999923706054688e+01,0.000000000000000000e+00,0.000000000000000000e+00,-1.000000000000000000e+00
-6.719079494476318359e+00,5.806451797485351562e+00,4.829999923706054688e+01,0.000000000000000000e+00,0.000000000000000000e+00,-1.000000000000000000e+00
-6.694764137268066406e+00,5.483870983123779297e+00,4.829999923706054688e+01,0.000000000000000000e+00,0.000000000000000000e+00,-1.000000000000000000e+00
-6.670449256896972656e+00,5.161290168762207031e+00,4.829999923706054688e+01,0.000000000000000000e+00,0.000000000000000000e+00,-1.000000000000000000e+00
-6.646133899688720703e+00,4.838709831237792969e+00,4.829999923706054688e+01,0.000000000000000000e+00,0.000000000000000000e+00,-1.000000000000000000e+00
-6.621818542480468750e+00,4.516129016876220703e+00,4.829999923706054688e+01,0.000000000000000000e+00,0.000000000000000000e+00,-1.000000000000000000e+00
-6.597503662109375000e+00,4.193548202514648438e+00,4.829999923706054688e+01,0.000000000000000000e+00,0.000000000000000000e+00,-1.000000000000000000e+00
-6.573188304901123047e+00,3.870967626571655273e+00,4.829999923706054688e+01,0.000000000000000000e+00,0.000000000000000000e+00,-1.000000000000000000e+00
-6.548873424530029297e+00,3.548387050628662109e+00,4.829999923706054688e+01,0.000000000000000000e+00,0.000000000000000000e+00,-1.000000000000000000e+00
-6.524558067321777344e+00,3.225806474685668945e+00,4.829999923706054688e+01,0.000000000000000000e+00,0.000000000000000000e+00,-1.000000000000000000e+00
-6.500243186950683594e+00,2.903225898742675781e+00,4.829999923706054688e+01,0.000000000000000000e+00,0.000000000000000000e+00,-1.000000000000000000e+00
-6.475927829742431641e+00,2.580645084381103516e+00,4.829999923706054688e+01,0.000000000000000000e+00,0.000000000000000000e+00,-1.000000000000000000e+00
-6.451612949371337891e+00,2.258064508438110352e+00,4.829999923706054688e+01,0.000000000000000000e+00,0.000000000000000000e+00,-1.000000000000000000e+00
-6.427297592163085938e+00,1.935483813285827637e+00,4.829999923706054688e+01,0.000000000000000000e+00,0.000000000000000000e+00,-1.000000000000000000e+00
-6.402982711791992188e+00,1.612903237342834473e+00,4.829999923706054688e+01,0.000000000000000000e+00,0.000000000000000000e+00,-1.000000000000000000e+00
-6.378667354583740234e+00,1.290322542190551758e+00,4.829999923706054688e+01,0.000000000000000000e+00,0.000000000000000000e+00,-1.000000000000000000e+00
-6.354352474212646484e+00,9.677419066429138184e-01,4.829999923706054688e+01,0.000000000000000000e+00,0.000000000000000000e+00,-1.000000000000000000e+00
-6.330037117004394531e+00,6.451612710952758789e-01,4.829999923706054688e+01,0.000000000000000000e+00,0.000000000000000000e+00,-1.000000000000000000e+00
-6.305722236633300781e+00,3.225806355476379395e-01,4.829999923706054688e+01,0.000000000000000000e+00,0.000000000000000000e+00,-1.000000000000000000e+00
-6.783919811248779297e+00,0.000000000000000000e+00,4.829999923706054688e+01,0.000000000000000000e+00,0.000000000000000000e+00,-1.000000000000000000e+00
-6.759604454040527344e+00,-3.225806355476379395e-01,4.829999923706054688e+01,0.000000000000000000e+00,0.000000000000000000e+00,-1.000000000000000000e+00
-6.735289573669433594e+00,-6.451612710952758789e-01,4.829999923706054688e+01,0.000000000000000000e+00,0.000000000000000000e+00,-1.000000000000000000e+00
-6.710974216461181641e+00,-9.677419066429138184e-01,4.829999923706054688e+01,0.000000000000000000e+00,0.000000000000000000e+00,-1.000000000000000000e+00
-6.686659336090087891e+00,-1.290322542190551758e+00,4.829999923706054688e+01,0.000000000000000000e+00,0.000000000000000000e+00,-1.000000000000000000e+00
-6.662343978881835938e+00,-1.612903237342834473e+00,4.829999923706054688e+01,0.000000000000000000e+00,0.000000000000000000e+00,-1.000000000000000000e+00
-6.638028621673583984e+00,-1.935483813285827637e+00,4.829999923706054688e+01,0.000000000000000000e+00,0.000000000000000000e+00,-1.000000000000000000e+00
-6.613713741302490234e+00,-2.258064508438110352e+00,4.829999923706054688e+01,0.000000000000000000e+00,0.000000000000000000e+00,-1.000000000000000000e+00
-6.589398384094238281e+00,-2.580645084381103516e+00,4.829999923706054688e+01,0.000000000000000000e+00,0.000000000000000000e+00,-1.000000000000000000e+00
-6.565083503723144531e+00,-2.903225898742675781e+00,4.829999923706054688e+01,0.000000000000000000e+00,0.000000000000000000e+00,-1.000000000000000000e+00
-6.540768146514892578e+00,-3.225806474685668945e+00,4.829999923706054688e+01,0.000000000000000000e+00,0.000000000000000000e+00,-1.000000000000000000e+00
-6.516453266143798828e+00,-3.548387050628662109e+00,4.829999923706054688e+01,0.000000000000000000e+00,0.000000000000000000e+00,-1.000000000000000000e+00
-6.492137908935546875e+00,-3.870967626571655273e+00,4.829999923706054688e+01,0.000000000000000000e+00,0.000000000000000000e+00,-1.000000000000000000e+00
-6.467823028564453125e+00,-4.193548202514648438e+00,4.829999923706054688e+01,0.000000000000000000e+00,0.000000000000000000e+00,-1.000000000000000000e+00
-6.443507671356201172e+00,-4.516129016876220703e+00,4.829999923706054688e+01,0.000000000000000000e+00,0.000000000000000000e+00,-1.000000000000000000e+00
-6.419192790985107422e+00,-4.838709831237792969e+00,4.829999923706054688e+01,0.000000000000000000e+00,0.000000000000000000e+00,-1.000000000000000000e+00
-6.394877433776855469e+00,-5.161290168762207031e+00,4.829999923706054688e+01,0.000000000000000000e+00,0.000000000000000000e+00,-1.000000000000000000e+00
-6.370562553405761719e+00,-5.483870983123779297e+00,4.829999923706054688e+01,0.000000000000000000e+00,0.000000000000000000e+00,-1.000000000000000000e+00
-6.346247196197509766e+00,-5.806451797485351562e+00,4.829999923706054688e+01,0.000000000000000000e+00,0.000000000000000000e+00,-1.000000000000000000e+00
-6.321932315826416016e+00,-6.129032135009765625e+00,4.829999923706054688e+01,0.000000000000000000e+00,0.000000000000000000e+00,-1.000000000000000000e+00
-6.297616958618164062e+00,-6.451612949371337891e+00,4.829999923706054688e+01,0.000000000000000000e+00,0.000000000000000000e+00,-1.000000000000000000e+00
-6.273302078247070312e+00,-6.774193763732910156e+00,4.829999923706054688e+01,0.000000000000000000e+00,0.000000000000000000e+00,-1.000000000000000000e+00
-6.248986721038818359e+00,-7.096774101257324219e+00,4.829999923706054688e+01,0.000000000000000000e+00,0.000000000000000000e+00,-1.000000000000000000e+00
-6.224671840667724609e+00,-7.419354915618896484e+00,4.829999923706054688e+01,0.000000000000000000e+00,0.000000000000000000e+00,-1.000000000000000000e+00
-6.200356483459472656e+00,-7.741935253143310547e+00,4.829999923706054688e+01,0.000000000000000000e+00,0.000000000000000000e+00,-1.000000000000000000e+00
-6.176041603088378906e+00,-8.064516067504882812e+00,4.829999923706054688e+01,0.000000000000000000e+00,0.000000000000000000e+00,-1.000000000000000000e+00
-6.151726245880126953e+00,-8.387096405029296875e+00,4.829999923706054688e+01,0.000000000000000000e+00,0.000000000000000000e+00,-1.000000000000000000e+00
-6.127411365509033203e+00,-8.709677696228027344e+00,4.829999923706054688e+01,0.000000000000000000e+00,0.000000000000000000e+00,-1.000000000000000000e+00
-6.103096008300781250e+00,-9.032258033752441406e+00,4.829999923706054688e+01,0.000000000000000000e+00,0.000000000000000000e+00,-1.000000000000000000e+00
-6.078781127929687500e+00,-9.354838371276855469e+00,4.829999923706054688e+01,0.000000000000000000e+00,0.000000000000000000e+00,-1.000000000000000000e+00
-6.054465770721435547e+00,-9.677419662475585938e+00,4.829999923706054688e+01,0.000000000000000000e+00,0.000000000000000000e+00,-1.000000000000000000e+00
-6.030150890350341797e+00,-1.000000000000000000e+01,4.829999923706054688e+01,0.000000000000000000e+00,0.000000000000000000e+00,-1.000000000000000000e+00
-6.030150890350341797e+00,-1.000000000000000000e+01,4.829999923706054688e+01,0.000000000000000000e+00,0.000000000000000000e+00,-1.000000000000000000e+00
-6.005835533142089844e+00,-9.677419662475585938e+00,4.829999923706054688e+01,0.000000000000000000e+00,0.000000000000000000e+00,-1.000000000000000000e+00
-5.981520652770996094e+00,-9.354838371276855469e+00,4.829999923706054688e+01,0.000000000000000000e+00,0.000000000000000000e+00,-1.000000000000000000e+00
-5.957205295562744141e+00,-9.032258033752441406e+00,4.829999923706054688e+01,0.000000000000000000e+00,0.000000000000000000e+00,-1.000000000000000000e+00
-5.932890415191650391e+00,-8.709677696228027344e+00,4.829999923706054688e+01,0.000000000000000000e+00,0.000000000000000000e+00,-1.000000000000000000e+00
-5.908575057983398438e+00,-8.387096405029296875e+00,4.829999923706054688e+01,0.000000000000000000e+00,0.000000000000000000e+00,-1.000000000000000000e+00
-5.884260177612304688e+00,-8.064516067504882812e+00,4.829999923706054688e+01,0.000000000000000000e+00,0.000000000000000000e+00,-1.000000000000000000e+00
-5.859944820404052734e+00,-7.741935253143310547e+00,4.829999923706054688e+01,0.000000000000000000e+00,0.000000000000000000e+00,-1.000000000000000000e+00
-5.835629940032958984e+00,-7.419354915618896484e+00,4.829999923706054688e+01,0.000000000000000000e+00,0.000000000000000000e+00,-1.000000000000000000e+00
-5.811314582824707031e+00,-7.096774101257324219e+00,4.829999923706054688e+01,0.000000000000000000e+00,0.000000000000000000e+00,-1.000000000000000000e+00
-5.786999702453613281e+00,-6.774193763732910156e+00,4.829999923706054688e+01,0.000000000000000000e+00,0.000000000000000000e+00,-1.000000000000000000e+00
-5.762684345245361328e+00,-6.451612949371337891e+00,4.829999923706054688e+01,0.000000000000000000e+00,0.000000000000000000e+00,-1.000000000000000000e+00
-5.738369464874267578e+00,-6.129032135009765625e+00,4.829999923706054688e+01,0.000000000000000000e+00,0.000000000000000000e+00,-1.000000000000000000e+00
-5.714054107666015625e+00,-5.806451797485351562e+00,4.829999923706054688e+01,0.000000000000000000e+00,0.000000000000000000e+00,-1.000000000000000000e+00
-5.689739227294921875e+00,-5.483870983123779297e+00,4.829999923706054688e+01,0.000000000000000000e+00,0.000000000000000000e+00,-1.000000000000000000e+00
-5.665423870086669922e+00,-5.161290168762207031e+00,4.829999923706054688e+01,0.000000000000000000e+00,0.000000000000000000e+00,-1.000000000000000000e+00
-5.641108989715576172e+00,-4.838709831237792969e+00,4.829999923706054688e+01,0.000000000000000000e+00,0.000000000000000000e+00,-1.000000000000000000e+00
-5.616793632507324219e+00,-4.516129016876220703e+00,4.829999923706054688e+01,0.000000000000000000e+00,0.000000000000000000e+00,-1.000000000000000000e+00
-5.592478752136230469e+00,-4.193548202514648438e+00,4.829999923706054688e+01,0.000000000000000000e+00,0.000000000000000000e+00,-1.000000000000000000e+00
-5.568163394927978516e+00,-3.870967626571655273e+00,4.829999923706054688e+01,0.000000000000000000e+00,0.000000000000000000e+00,-1.000000000000000000e+00
-5.543848037719726562e+00,-3.548387050628662109e+00,4.829999923706054688e+01,0.000000000000000000e+00,0.000000000000000000e+00,-1.000000000000000000e+00
-5.519533157348632812e+00,-3.225806474685668945e+00,4.829999923706054688e+01,0.000000000000000000e+00,0.000000000000000000e+00,-1.000000000000000000e+00
-5.495217800140380859e+00,-2.903225898742675781e+00,4.829999923706054688e+01,0.000000000000000000e+00,0.000000000000000000e+00,-1.000000000000000000e+00
-5.470902919769287109e+00,-2.580645084381103516e+00,4.829999923706054688e+01,0.000000000000000000e+00,0.000000000000000000e+00,-1.000000000000000000e+00
-5.446587562561035156e+00,-2.258064508438110352e+00,4.829999923706054688e+01,0.000000000000000000e+00,0.000000000000000000e+00,-1.000000000000000000e+00
-5.422272682189941406e+00,-1.935483813285827637e+00,4.829999923706054688e+01,0.000000000000000000e+00,0.000000000000000000e+00,-1.000000000000000000e+00
-5.397957324981689453e+00,-1.612903237342834473e+00,4.829999923706054688e+01,0.000000000000000000e+00,0.000000000000000000e+00,-1.000000000000000000e+00
-5.373642444610595703e+00,-1.290322542190551758e+00,4.829999923706054688e+01,0.000000000000000000e+00,0.000000000000000000e+00,-1.000000000000000000e+00
-5.349327087402343750e+00,-9.677419066429138184e-01,4.829999923706054688e+01,0.000000000000000000e+00,0.000000000000000000e+00,-1.000000000000000000e+00
-5.325012207031250000e+00,-6.451612710952758789e-01,4.829999923706054688e+01,0.000000000000000000e+00,0.000000000000000000e+00,-1.000000000000000000e+00
-5.300696849822998047e+00,-3.225806355476379395e-01,4.829999923706054688e+01,0.000000000000000000e+00,0.000000000000000000e+00,-1.000000000000000000e+00
-5.778894424438476562e+00,0.000000000000000000e+00,4.829999923706054688e+01,0.000000000000000000e+00,0.000000000000000000e+00,-1.000000000000000000e+00
-5.754579544067382812e+00,3.225806355476379395e-01,4.829999923706054688e+01,0.000000000000000000e+00,0.000000000000000000e+00,-1.000000000000000000e+00
-5.730264186859130859e+00,6.451612710952758789e-01,4.829999923706054688e+01,0.000000000000000000e+00,0.000000000000000000e+00,-1.000000000000000000e+00
-5.705949306488037109e+00,9.677419066429138184e-01,4.829999923706054688e+01,0.000000000000000000e+00,0.000000000000000000e+00,-1.000000000000000000e+00
-5.681633949279785156e+00,1.290322542190551758e+00,4.829999923706054688e+01,0.000000000000000000e+00,0.000000000000000000e+00,-1.000000000000000000e+00
-5.657319068908691406e+00,1.612903237342834473e+00,4.829999923706054688e+01,0.000000000000000000e+00,0.000000000000000000e+00,-1.000000000000000000e+00
-5.633003711700439453e+00,1.935483813285827637e+00,4.829999923706054688e+01,0.000000000000000000e+00,0.000000000000000000e+00,-1.000000000000000000e+00
-5.608688831329345703e+00,2.258064508438110352e+00,4.829999923706054688e+01,0.000000000000000000e+00,0.000000000000000000e+00,-1.000000000000000000e+00
-5.584373474121093750e+00,2.580645084381103516e+00,4.829999923706054688e+01,0.000000000000000000e+00,0.000000000000000000e+00,-1.000000000000000000e+00
-5.560058593750000000e+00,2.903225898742675781e+00,4.829999923706054688e+01,0.000000000000000000e+00,0.000000000000000000e+00,-1.000000000000000000e+00
-5.535743236541748047e+00,3.225806474685668945e+00,4.829999923706054688e+01,0.000000000000000000e+00,0.000000000000000000e+00,-1.000000000000000000e+00
-5.511427879333496094e+00,3.548387050628662109e+00,4.829999923706054688e+01,0.000000000000000000e+00,0.000000000000000000e+00,-1.000000000000000000e+00
-5.487112998962402344e+00,3.870967626571655273e+00,4.829999923706054688e+01,0.000000000000000000e+00,0.000000000000000000e+00,-1.000000000000000000e+00
-5.462797641754150391e+00,4.193548202514648438e+00,4.829999923706054688e+01,0.000000000000000000e+00,0.000000000000000000e+00,-1.000000000000000000e+00
-5.438482761383056641e+00,4.516129016876220703e+00,4.829999923706054688e+01,0.000000000000000000e+00,0.000000000000000000e+00,-1.000000000000000000e+00
-5.414167404174804688e+00,4.838709831237792969e+00,4.829999923706054688e+01,0.000000000000000000e+00,0.000000000000000000e+00,-1.000000000000000000e+00
-5.389852523803710938e+00,5.161290168762207031e+00,4.829999923706054688e+01,0.000000000000000000e+00,0.000000000000000000e+00,-1.000000000000000000e+00
-5.365537166595458984e+00,5.483870983123779297e+00,4.829999923706054688e+01,0.000000000000000000e+00,0.000000000000000000e+00,-1.000000000000000000e+00
-5.341222286224365234e+00,5.806451797485351562e+00,4.829999923706054688e+01,0.000000000000000000e+00,0.000000000000000000e+00,-1.000000000000000000e+00
-5.316906929016113281e+00,6.129032135009765625e+00,4.829999923706054688e+01,0.000000000000000000e+00,0.000000000000000000e+00,-1.000000000000000000e+00
-5.292592048645019531e+00,6.451612949371337891e+00,4.829999923706054688e+01,0.000000000000000000e+00,0.000000000000000000e+00,-1.000000000000000000e+00
-5.268276691436767578e+00,6.774193763732910156e+00,4.829999923706054688e+01,0.000000000000000000e+00,0.000000000000000000e+00,-1.000000000000000000e+00
-5.243961811065673828e+00,7.096774101257324219e+00,4.829999923706054688e+01,0.000000000000000000e+00,0.000000000000000000e+00,-1.000000000000000000e+00
-5.219646453857421875e+00,7.419354915618896484e+00,4.829999923706054688e+01,0.000000000000000000e+00,0.000000000000000000e+00,-1.000000000000000000e+00
-5.195331573486328125e+00,7.741935253143310547e+00,4.829999923706054688e+01,0.000000000000000000e+00,0.000000000000000000e+00,-1.000000000000000000e+00
-5.171016216278076172e+00,8.064516067504882812e+00,4.829999923706054688e+01,0.000000000000000000e+00,0.000000000000000000e+00,-1.000000000000000000e+00
-5.146701335906982422e+00,8.387096405029296875e+00,4.829999923706054688e+01,0.000000000000000000e+00,0.000000000000000000e+00,-1.000000000000000000e+00
-5.122385978698730469e+00,8.709677696228027344e+00,4.829999923706054688e+01,0.000000000000000000e+00,0.000000000000000000e+00,-1.000000000000000000e+00
-5.098071098327636719e+00,9.032258033752441406e+00,4.829999923706054688e+01,0.000000000000000000e+00,0.000000000000000000e+00,-1.000000000000000000e+00
-5.073755741119384766e+00,9.354838371276855469e+00,4.829999923706054688e+01,0.000000000000000000e+00,0.000000000000000000e+00,-1.000000000000000000e+00
-5.049440860748291016e+00,9.677419662475585938e+00,4.829999923706054688e+01,0.000000000000000000e+00,0.000000000000000000e+00,-1.000000000000000000e+00
-5.025125503540039062e+00,1.000000000000000000e+01,4.829999923706054688e+01,0.000000000000000000e+00,0.000000000000000000e+00,-1.000000000000000000e+00
-5.025125503540039062e+00,1.000000000000000000e+01,4.829999923706054688e+01,0.000000000000000000e+00,0.000000000000000000e+00,-1.000000000000000000e+00
-5.000810623168945312e+00,9.677419662475585938e+00,4.829999923706054688e+01,0.000000000000000000e+00,0.000000000000000000e+00,-1.000000000000000000e+00
-4.976495265960693359e+00,9.354838371276855469e+00,4.829999923706054688e+01,0.000000000000000000e+00,0.000000000000000000e+00,-1.000000000000000000e+00
-4.952180385589599609e+00,9.032258033752441406e+00,4.829999923706054688e+01,0.000000000000000000e+00,0.000000000000000000e+00,-1.000000000000000000e+00
-4.927865028381347656e+00,8.709677696228027344e+00,4.829999923706054688e+01,0.000000000000000000e+00,0.000000000000000000e+00,-1.000000000000000000e+00
-4.903550148010253906e+00,8.387096405029296875e+00,4.829999923706054688e+01,0.000000000000000000e+00,0.000000000000000000e+00,-1.000000000000000000e+00
-4.879234790802001953e+00,8.064516067504882812e+00,4.829999923706054688e+01,0.000000000000000000e+00,0.000000000000000000e+00,-1.000000000000000000e+00
-4.854919910430908203e+00,7.741935253143310547e+00,4.829999923706054688e+01,0.000000000000000000e+00,0.000000000000000000e+00,-1.000000000000000000e+00
-4.830604553222656250e+00,7.419354915618896484e+00,4.829999923706054688e+01,0.000000000000000000e+00,0.000000000000000000e+00,-1.000000000000000000e+00
-4.806289672851562500e+00,7.096774101257324219e+00,4.829999923706054688e+01,0.000000000000000000e+00,0.000000000000000000e+00,-1.000000000000000000e+00
-4.781974315643310547e+00,6.774193763732910156e+00,4.829999923706054688e+01,0.000000000000000000e+00,0.000000000000000000e+00,-1.000000000000000000e+00
-4.757659435272216797e+00,6.451612949371337891e+00,4.829999923706054688e+01,0.000000000000000000e+00,0.000000000000000000e+00,-1.000000000000000000e+00
-4.733344078063964844e+00,6.129032135009765625e+00,4.829999923706054688e+01,0.000000000000000000e+00,0.000000000000000000e+00,-1.000000000000000000e+00
-4.709029197692871094e+00,5.806451797485351562e+00,4.829999923706054688e+01,0.000000000000000000e+00,0.000000000000000000e+00,-1.000000000000000000e+00
-4.684713840484619141e+00,5.483870983123779297e+00,4.829999923706054688e+01,0.000000000000000000e+00,0.000000000000000000e+00,-1.000000000000000000e+00
-4.660398960113525391e+00,5.161290168762207031e+00,4.829999923706054688e+01,0.000000000000000000e+00,0.000000000000000000e+00,-1.000000000000000000e+00
-4.636083602905273438e+00,4.838709831237792969e+00,4.829999923706054688e+01,0.000000000000000000e+00,0.000000000000000000e+00,-1.000000000000000000e+00
-4.611768722534179688e+00,4.516129016876220703e+00,4.829999923706054688e+01,0.000000000000000000e+00,0.000000000000000000e+00,-1.000000000000000000e+00
-4.587453365325927734e+00,4.193548202514648438e+00,4.829999923706054688e+01,0.000000000000000000e+00,0.000000000000000000e+00,-1.000000000000000000e+00
-4.563138484954833984e+00,3.870967626571655273e+00,4.829999923706054688e+01,0.000000000000000000e+00,0.000000000000000000e+00,-1.000000000000000000e+00
-4.538823127746582031e+00,3.548387050628662109e+00,4.829999923706054688e+01,0.000000000000000000e+00,0.000000000000000000e+00,-1.000000000000000000e+00
-4.514508247375488281e+00,3.225806474685668945e+00,4.829999923706054688e+01,0.000000000000000000e+00,0.000000000000000000e+00,-1.000000000000000000e+00
-4.490192890167236328e+00,2.903225898742675781e+00,4.829999923706054688e+01,0.000000000000000000e+00,0.000000000000000000e+00,-1.000000000000000000e+00
-4.465878009796142578e+00,2.580645084381103516e+00,4.829999923706054688e+01,0.000000000000000000e+00,0.000000000000000000e+00,-1.000000000000000000e+00
-4.441562652587890625e+00,2.258064508438110352e+00,4.829999923706054688e+01,0.000000000000000000e+00,0.000000000000000000e+00,-1.000000000000000000e+00
-4.417247295379638672e+00,1.935483813285827637e+00,4.829999923706054688e+01,0.000000000000000000e+00,0.000000000000000000e+00,-1.000000000000000000e+00
-4.392932415008544922e+00,1.612903237342834473e+00,4.829999923706054688e+01,0.000000000000000000e+00,0.000000000000000000e+00,-1.000000000000000000e+00
-4.368617057800292969e+00,1.290322542190551758e+00,4.829999923706054688e+01,0.000000000000000000e+00,0.000000000000000000e+00,-1.000000000000000000e+00
-4.344302177429199219e+00,9.677419066429138184e-01,4.829999923706054688e+01,0.000000000000000000e+00,0.000000000000000000e+00,-1.000000000000000000e+00
-4.319986820220947266e+00,6.451612710952758789e-01,4.829999923706054688e+01,0.000000000000000000e+00,0.000000000000000000e+00,-1.000000000000000000e+00
-4.295671939849853516e+00,3.225806355476379395e-01,4.829999923706054688e+01,0.000000000000000000e+00,0.000000000000000000e+00,-1.000000000000000000e+00
-4.773869514465332031e+00,0.000000000000000000e+00,4.829999923706054688e+01,0.000000000000000000e+00,0.000000000000000000e+00,-1.000000000000000000e+00
-4.749554157257080078e+00,-3.225806355476379395e-01,4.829999923706054688e+01,0.000000000000000000e+00,0.000000000000000000e+00,-1.000000000000000000e+00
-4.725239276885986328e+00,-6.451612710952758789e-01,4.829999923706054688e+01,0.000000000000000000e+00,0.000000000000000000e+00,-1.000000000000000000e+00
-4.700923919677734375e+00,-9.677419066429138184e-01,4.829999923706054688e+01,0.000000000000000000e+00,0.000000000000000000e+00,-1.000000000000000000e+00
-4.676609039306640625e+00,-1.290322542190551758e+00,4.829999923706054688e+01,0.000000000000000000e+00,0.000000000000000000e+00,-1.000000000000000000e+00
-4.652293682098388672e+00,-1.612903237342834473e+00,4.829999923706054688e+01,0.000000000000000000e+00,0.000000000000000000e+00,-1.000000000000000000e+00
-4.627978801727294922e+00,-1.935483813285827637e+00,4.829999923706054688e+01,0.000000000000000000e+00,0.000000000000000000e+00,-1.000000000000000000e+00
-4.603663444519042969e+00,-2.258064508438110352e+00,4.829999923706054688e+01,0.000000000000000000e+00,0.000000000000000000e+00,-1.000000000000000000e+00
-4.579348564147949219e+00,-2.580645084381103516e+00,4.829999923706054688e+01,0.000000000000000000e+00,0.000000000000000000e+00,-1.000000000000000000e+00
-4.555033206939697266e+00,-2.903225898742675781e+00,4.829999923706054688e+01,0.000000000000000000e+00,0.000000000000000000e+00,-1.000000000000000000e+00
-4.530718326568603516e+00,-3.225806474685668945e+00,4.829999923706054688e+01,0.000000000000000000e+00,0.000000000000000000e+00,-1.000000000000000000e+00
-4.506402969360351562e+00,-3.548387050628662109e+00,4.829999923706054688e+01,0.000000000000000000e+00,0.000000000000000000e+00,-1.000000000000000000e+00
-4.482088088989257812e+00,-3.870967626571655273e+00,4.829999923706054688e+01,0.000000000000000000e+00,0.000000000000000000e+00,-1.000000000000000000e+00
-4.457772731781005859e+00,-4.193548202514648438e+00,4.829999923706054688e+01,0.000000000000000000e+00,0.000000000000000000e+00,-1.000000000000000000e+00
-4.433457374572753906e+00,-4.516129016876220703e+00,4.829999923706054688e+01,0.000000000000000000e+00,0.000000000000000000e+00,-1.000000000000000000e+00
-4.409142494201660156e+00,-4.838709831237792969e+00,4.829999923706054688e+01,0.000000000000000000e+00,0.000000000000000000e+00,-1.000000000000000000e+00
-4.384827136993408203e+00,-5.161290168762207031e+00,4.829999923706054688e+01,0.000000000000000000e+00,0.000000000000000000e+00,-1.000000000000000000e+00
-4.360512256622314453e+00,-5.483870983123779297e+00,4.829999923706054688e+01,0.000000000000000000e+00,0.000000000000000000e+00,-1.000000000000000000e+00
-4.336196899414062500e+00,-5.806451797485351562e+00,4.829999923706054688e+01,0.000000000000000000e+00,0.000000000000000000e+00,-1.000000000000000000e+00
-4.311882019042968750e+00,-6.129032135009765625e+00,4.829999923706054688e+01,0.000000000000000000e+00,0.000000000000000000e+00,-1.000000000000000000e+00
-4.287566661834716797e+00,-6.451612949371337891e+00,4.829999923706054688e+01,0.000000000000000000e+00,0.000000000000000000e+00,-1.000000000000000000e+00
-4.263251781463623047e+00,-6.774193763732910156e+00,4.829999923706054688e+01,0.000000000000000000e+00,0.000000000000000000e+00,-1.000000000000000000e+00
-4.238936424255371094e+00,-7.096774101257324219e+00,4.829999923706054688e+01,0.000000000000000000e+00,0.000000000000000000e+00,-1.000000000000000000e+00
-4.214621543884277344e+00,-7.419354915618896484e+00,4.829999923706054688e+01,0.000000000000000000e+00,0.000000000000000000e+00,-1.000000000000000000e+00
-4.190306186676025391e+00,-7.741935253143310547e+00,4.829999923706054688e+01,0.000000000000000000e+00,0.000000000000000000e+00,-1.000000000000000000e+00
-4.165991306304931641e+00,-8.064516067504882812e+00,4.829999923706054688e+01,0.000000000000000000e+00,0.000000000000000000e+00,-1.000000000000000000e+00
-4.141675949096679688e+00,-8.387096405029296875e+00,4.829999923706054688e+01,0.000000000000000000e+00,0.000000000000000000e+00,-1.000000000000000000e+00
-4.117361068725585938e+00,-8.709677696228027344e+00,4.829999923706054688e+01,0.000000000000000000e+00,0.000000000000000000e+00,-1.000000000000000000e+00
-4.093045711517333984e+00,-9.032258033752441406e+00,4.829999923706054688e+01,0.000000000000000000e+00,0.000000000000000000e+00,-1.000000000000000000e+00
-4.068730831146240234e+00,-9.354838371276855469e+00,4.829999923706054688e+01,0.000000000000000000e+00,0.000000000000000000e+00,-1.000000000000000000e+00
-4.044415473937988281e+00,-9.677419662475585938e+00,4.829999923706054688e+01,0.000000000000000000e+00,0.000000000000000000e+00,-1.000000000000000000e+00
-4.020100593566894531e+00,-1.000000000000000000e+01,4.829999923706054688e+01,0.000000000000000000e+00,0.000000000000000000e+00,-1.000000000000000000e+00
-4.020100593566894531e+00,-1.000000000000000000e+01,4.829999923706054688e+01,0.000000000000000000e+00,0.000000000000000000e+00,-1.000000000000000000e+00
-3.995785474777221680e+00,-9.677419662475585938e+00,4.829999923706054688e+01,0.000000000000000000e+00,0.000000000000000000e+00,-1.000000000000000000e+00
-3.971470355987548828e+00,-9.354838371276855469e+00,4.829999923706054688e+01,0.000000000000000000e+00,0.000000000000000000e+00,-1.000000000000000000e+00
-3.947155237197875977e+00,-9.032258033752441406e+00,4.829999923706054688e+01,0.000000000000000000e+00,0.000000000000000000e+00,-1.000000000000000000e+00
-3.922840118408203125e+00,-8.709677696228027344e+00,4.829999923706054688e+01,0.000000000000000000e+00,0.000000000000000000e+00,-1.000000000000000000e+00
-3.898524999618530273e+00,-8.387096405029296875e+00,4.829999923706054688e+01,0.000000000000000000e+00,0.000000000000000000e+00,-1.000000000000000000e+00
-3.874209642410278320e+00,-8.064516067504882812e+00,4.829999923706054688e+01,0.000000000000000000e+00,0.000000000000000000e+00,-1.000000000000000000e+00
-3.849894523620605469e+00,-7.741935253143310547e+00,4.829999923706054688e+01,0.000000000000000000e+00,0.000000000000000000e+00,-1.000000000000000000e+00
-3.825579404830932617e+00,-7.419354915618896484e+00,4.829999923706054688e+01,0.000000000000000000e+00,0.000000000000000000e+00,-1.000000000000000000e+00
-3.801264286041259766e+00,-7.096774101257324219e+00,4.829999923706054688e+01,0.000000000000000000e+00,0.000000000000000000e+00,-1.000000000000000000e+00
-3.776949167251586914e+00,-6.774193763732910156e+00,4.829999923706054688e+01,0.000000000000000000e+00,0.000000000000000000e+00,-1.000000000000000000e+00
-3.752634048461914062e+00,-6.451612949371337891e+00,4.829999923706054688e+01,0.000000000000000000e+00,0.000000000000000000e+00,-1.000000000000000000e+00
-3.728318929672241211e+00,-6.129032135009765625e+00,4.829999923706054688e+01,0.000000000000000000e+00,0.000000000000000000e+00,-1.000000000000000000e+00
-3.704003810882568359e+00,-5.806451797485351562e+00,4.829999923706054688e+01,0.000000000000000000e+00,0.000000000000000000e+00,-1.000000000000000000e+00
-3.679688692092895508e+00,-5.483870983123779297e+00,4.829999923706054688e+01,0.000000000000000000e+00,0.000000000000000000e+00,-1.000000000000000000e+00
-3.655373573303222656e+00,-5.161290168762207031e+00,4.829999923706054688e+01,0.000000000000000000e+00,0.000000000000000000e+00,-1.000000000000000000e+00
-3.631058454513549805e+00,-4.838709831237792969e+00,4.829999923706054688e+01,0.000000000000000000e+00,0.000000000000000000e+00,-1.000000000000000000e+00
-3.606743335723876953e+00,-4.516129016876220703e+00,4.829999923706054688e+01,0.000000000000000000e+00,0.000000000000000000e+00,-1.000000000000000000e+00
-3.582428216934204102e+00,-4.193548202514648438e+00,4.829999923706054688e+01,0.000000000000000000e+00,0.000000000000000000e+00,-1.000000000000000000e+00
-3.558113098144531250e+00,-3.870967626571655273e+00,4.829999923706054688e+01,0.000000000000000000e+00,0.000000000000000000e+00,-1.000000000000000000e+00
-3.533797979354858398e+00,-3.548387050628662109e+00,4.829999923706054688e+01,0.000000000000000000e+00,0.000000000000000000e+00,-1.000000000000000000e+00
-3.509482860565185547e+00,-3.225806474685668945e+00,4.829999923706054688e+01,0.000000000000000000e+00,0.000000000000000000e+00,-1.000000000000000000e+00
-3.485167741775512695e+00,-2.903225898742675781e+00,4.829999923706054688e+01,0.000000000000000000e+00,0.000000000000000000e+00,-1.000000000000000000e+00
-3.460852622985839844e+00,-2.580645084381103516e+00,4.829999923706054688e+01,0.000000000000000000e+00,0.000000000000000000e+00,-1.000000000000000000e+00
-3.436537504196166992e+00,-2.258064508438110352e+00,4.829999923706054688e+01,0.000000000000000000e+00,0.000000000000000000e+00,-1.000000000000000000e+00
-3.412222385406494141e+00,-1.935483813285827637e+00,4.829999923706054688e+01,0.000000000000000000e+00,0.000000000000000000e+00,-1.000000000000000000e+00
-3.387907266616821289e+00,-1.612903237342834473e+00,4.829999923706054688e+01,0.000000000000000000e+00,0.000000000000000000e+00,-1.000000000000000000e+00
-3.363592147827148438e+00,-1.290322542190551758e+00,4.829999923706054688e+01,0.000000000000000000e+00,0.000000000000000000e+00,-1.000000000000000000e+00
-3.339277029037475586e+00,-9.677419066429138184e-01,4.829999923706054688e+01,0.000000000000000000e+00,0.000000000000000000e+00,-1.000000000000000000e+00
-3.314961910247802734e+00,-6.451612710952758789e-01,4.829999923706054688e+01,0.000000000000000000e+00,0.000000000000000000e+00,-1.000000000000000000e+00
-3.290646791458129883e+00,-3.225806355476379395e-01,4.829999923706054688e+01,0.000000000000000000e+00,0.000000000000000000e+00,-1.000000000000000000e+00
-3.768844127655029297e+00,0.000000000000000000e+00,4.829999923706054688e+01,0.000000000000000000e+00,0.000000000000000000e+00,-1.000000000000000000e+00
-3.744529008865356445e+00,3.225806355476379395e-01,4.829999923706054688e+01,0.000000000000000000e+00,0.000000000000000000e+00,-1.000000000000000000e+00
-3.720213890075683594e+00,6.451612710952758789e-01,4.829999923706054688e+01,0.000000000000000000e+00,0.000000000000000000e+00,-1.000000000000000000e+00
-3.695898771286010742e+00,9.677419066429138184e-01,4.829999923706054688e+01,0.000000000000000000e+00,0.000000000000000000e+00,-1.000000000000000000e+00
-3.671583652496337891e+00,1.290322542190551758e+00,4.829999923706054688e+01,0.000000000000000000e+00,0.000000000000000000e+00,-1.000000000000000000e+00
-3.647268533706665039e+00,1.612903237342834473e+00,4.829999923706054688e+01,0.000000000000000000e+00,0.000000000000000000e+00,-1.000000000000000000e+00
-3.622953414916992188e+00,1.935483813285827637e+00,4.829999923706054688e+01,0.000000000000000000e+00,0.000000000000000000e+00,-1.000000000000000000e+00
-3.598638296127319336e+00,2.258064508438110352e+00,4.829999923706054688e+01,0.000000000000000000e+00,0.000000000000000000e+00,-1.000000000000000000e+00
-3.574323177337646484e+00,2.580645084381103516e+00,4.829999923706054688e+01,0.000000000000000000e+00,0.000000000000000000e+00,-1.000000000000000000e+00
-3.550008058547973633e+00,2.903225898742675781e+00,4.829999923706054688e+01,0.000000000000000000e+00,0.000000000000000000e+00,-1.000000000000000000e+00
-3.525692939758300781e+00,3.225806474685668945e+00,4.829999923706054688e+01,0.000000000000000000e+00,0.000000000000000000e+00,-1.000000000000000000e+00
-3.501377820968627930e+00,3.548387050628662109e+00,4.829999923706054688e+01,0.000000000000000000e+00,0.000000000000000000e+00,-1.000000000000000000e+00
-3.477062702178955078e+00,3.870967626571655273e+00,4.829999923706054688e+01,0.000000000000000000e+00,0.000000000000000000e+00,-1.000000000000000000e+00
-3.452747583389282227e+00,4.193548202514648438e+00,4.829999923706054688e+01,0.000000000000000000e+00,0.000000000000000000e+00,-1.000000000000000000e+00
-3.428432464599609375e+00,4.516129016876220703e+00,4.829999923706054688e+01,0.000000000000000000e+00,0.000000000000000000e+00,-1.000000000000000000e+00
-3.404117345809936523e+00,4.838709831237792969e+00,4.829999923706054688e+01,0.000000000000000000e+00,0.000000000000000000e+00,-1.000000000000000000e+00
-3.379802227020263672e+00,5.161290168762207031e+00,4.829999923706054688e+01,0.000000000000000000e+00,0.000000000000000000e+00,-1.000000000000000000e+00
-3.355487108230590820e+00,5.483870983123779297e+00,4.829999923706054688e+01,0.000000000000000000e+00,0.000000000000000000e+00,-1.000000000000000000e+00
-3.331171989440917969e+00,5.806451797485351562e+00,4.829999923706054688e+01,0.000000000000000000e+00,0.000000000000000000e+00,-1.000000000000000000e+00
-3.306856870651245117e+00,6.129032135009765625e+00,4.829999923706054688e+01,0.000000000000000000e+00,0.000000000000000000e+00,-1.000000000000000000e+00
-3.282541751861572266e+00,6.451612949371337891e+00,4.829999923706054688e+01,0.000000000000000000e+00,0.000000000000000000e+00,-1.000000000000000000e+00
-3.258226633071899414e+00,6.774193763732910156e+00,4.829999923706054688e+01,0.000000000000000000e+00,0.000000000000000000e+00,-1.000000000000000000e+00
-3.233911514282226562e+00,7.096774101257324219e+00,4.829999923706054688e+01,0.000000000000000000e+00,0.000000000000000000e+00,-1.000000000000000000e+00
-3.209596395492553711e+00,7.419354915618896484e+00,4.829999923706054688e+01,0.000000000000000000e+00,0.000000000000000000e+00,-1.000000000000000000e+00
-3.185281276702880859e+00,7.741935253143310547e+00,4.829999923706054688e+01,0.000000000000000000e+00,0.000000000000000000e+00,-1.000000000000000000e+00
-3.160966157913208008e+00,8.064516067504882812e+00,4.829999923706054688e+01,0.000000000000000000e+00,0.000000000000000000e+00,-1.000000000000000000e+00
-3.136651039123535156e+00,8.387096405029296875e+00,4.829999923706054688e+01,0.000000000000000000e+00,0.000000000000000000e+00,-1.000000000000000000e+00
-3.112335920333862305e+00,8.709677696228027344e+00,4.829999923706054688e+01,0.000000000000000000e+00,0.000000000000000000e+00,-1.000000000000000000e+00
-3.088020801544189453e+00,9.032258033752441406e+00,4.829999923706054688e+01,0.000000000000000000e+00,0.000000000000000000e+00,-1.000000000000000000e+00
-3.063705682754516602e+00,9.354838371276855469e+00,4.829999923706054688e+01,0.000000000000000000e+00,0.000000000000000000e+00,-1.000000000000000000e+00
-3.039390563964843750e+00,9.677419662475585938e+00,4.829999923706054688e+01,0.000000000000000000e+00,0.000000000000000000e+00,-1.000000000000000000e+00
-3.015075445175170898e+00,1.000000000000000000e+01,4.829999923706054688e+01,0.000000000000000000e+00,0.000000000000000000e+00,-1.000000000000000000e+00
-3.015075445175170898e+00,1.000000000000000000e+01,4.829999923706054688e+01,0.000000000000000000e+00,0.000000000000000000e+00,-1.000000000000000000e+00
-2.990760326385498047e+00,9.677419662475585938e+00,4.829999923706054688e+01,0.000000000000000000e+00,0.000000000000000000e+00,-1.000000000000000000e+00
-2.966445207595825195e+00,9.354838371276855469e+00,4.829999923706054688e+01,0.000000000000000000e+00,0.000000000000000000e+00,-1.000000000000000000e+00
-2.942130088806152344e+00,9.032258033752441406e+00,4.829999923706054688e+01,0.000000000000000000e+00,0.000000000000000000e+00,-1.000000000000000000e+00
-2.917814970016479492e+00,8.709677696228027344e+00,4.829999923706054688e+01,0.000000000000000000e+00,0.000000000000000000e+00,-1.000000000000000000e+00
-2.893499851226806641e+00,8.387096405029296875e+00,4.829999923706054688e+01,0.000000000000000000e+00,0.000000000000000000e+00,-1.000000000000000000e+00
-2.869184732437133789e+00,8.064516067504882812e+00,4.829999923706054688e+01,0.000000000000000000e+00,0.000000000000000000e+00,-1.000000000000000000e+00
-2.844869613647460938e+00,7.741935253143310547e+00,4.829999923706054688e+01,0.000000000000000000e+00,0.000000000000000000e+00,-1.000000000000000000e+00
-2.820554494857788086e+00,7.419354915618896484e+00,4.829999923706054688e+01,0.000000000000000000e+00,0.000000000000000000e+00,-1.000000000000000000e+00
-2.796239376068115234e+00,7.096774101257324219e+00,4.829999923706054688e+01,0.000000000000000000e+00,0.000000000000000000e+00,-1.000000000000000000e+00
-2.771924018859863281e+00,6.774193763732910156e+00,4.829999923706054688e+01,0.000000000000000000e+00,0.000000000000000000e+00,-1.000000000000000000e+00
-2.747608900070190430e+00,6.451612949371337891e+00,4.829999923706054688e+01,0.000000000000000000e+00,0.000000000000000000e+00,-1.000000000000000000e+00
-2.723293781280517578e+00,6.129032135009765625e+00,4.829999923706054688e+01,0.000000000000000000e+00,0.000000000000000000e+00,-1.000000000000000000e+00
-2.698978662490844727e+00,5.806451797485351562e+00,4.829999923706054688e+01,0.000000000000000000e+00,0.000000000000000000e+00,-1.000000000000000000e+00
-2.674663543701171875e+00,5.483870983123779297e+00,4.829999923706054688e+01,0.000000000000000000e+00,0.000000000000000000e+00,-1.000000000000000000e+00
-2.650348424911499023e+00,5.161290168762207031e+00,4.829999923706054688e+01,0.000000000000000000e+00,0.000000000000000000e+00,-1.000000000000000000e+00
-2.626033306121826172e+00,4.838709831237792969e+00,4.829999923706054688e+01,0.000000000000000000e+00,0.000000000000000000e+00,-1.000000000000000000e+00
-2.601718187332153320e+00,4.516129016876220703e+00,4.829999923706054688e+01,0.000000000000000000e+00,0.000000000000000000e+00,-1.000000000000000000e+00
-2.577403068542480469e+00,4.193548202514648438e+00,4.829999923706054688e+01,0.000000000000000000e+00,0.000000000000000000e+00,-1.000000000000000000e+00
-2.553087949752807617e+00,3.870967626571655273e+00,4.829999923706054688e+01,0.000000000000000000e+00,0.000000000000000000e+00,-1.000000000000000000e+00
-2.528772830963134766e+00,3.548387050628662109e+00,4.829999923706054688e+01,0.000000000000000000e+00,0.000000000000000000e+00,-1.000000000000000000e+00
-2.504457712173461914e+00,3.225806474685668945e+00,4.829999923706054688e+01,0.000000000000000000e+00,0.000000000000000000e+00,-1.000000000000000000e+00
-2.480142593383789062e+00,2.903225898742675781e+00,4.829999923706054688e+01,0.000000000000000000e+00,0.000000000000000000e+00,-1.000000000000000000e+00
-2.455827474594116211e+00,2.580645084381103516e+00,4.829999923706054688e+01,0.000000000000000000e+00,0.000000000000000000e+00,-1.000000000000000000e+00
-2.431512355804443359e+00,2.258064508438110352e+00,4.829999923706054688e+01,0.000000000000000000e+00,0.000000000000000000e+00,-1.000000000000000000e+00
-2.407197237014770508e+00,1.935483813285827637e+00,4.829999923706054688e+01,0.000000000000000000e+00,0.000000000000000000e+00,-1.000000000000000000e+00
-2.382882118225097656e+00,1.612903237342834473e+00,4.829999923706054688e+01,0.000000000000000000e+00,0.000000000000000000e+00,-1.000000000000000000e+00
-2.358566999435424805e+00,1.290322542190551758e+00,4.829999923706054688e+01,0.000000000000000000e+00,0.000000000000000000e+00,-1.000000000000000000e+00
-2.334251880645751953e+00,9.677419066429138184e-01,4.829999923706054688e+01,0.000000000000000000e+00,0.000000000000000000e+00,-1.000000000000000000e+00
-2.309936761856079102e+00,6.451612710952758789e-01,4.829999923706054688e+01,0.000000000000000000e+00,0.000000000000000000e+00,-1.000000000000000000e+00
-2.285621643066406250e+00,3.225806355476379395e-01,4.829999923706054688e+01,0.000000000000000000e+00,0.000000000000000000e+00,-1.000000000000000000e+00
-2.763818979263305664e+00,0.000000000000000000e+00,4.829999923706054688e+01,0.000000000000000000e+00,0.000000000000000000e+00,-1.000000000000000000e+00
-2.739503860473632812e+00,-3.225806355476379395e-01,4.829999923706054688e+01,0.000000000000000000e+00,0.000000000000000000e+00,-1.000000000000000000e+00
-2.715188741683959961e+00,-6.451612710952758789e-01,4.829999923706054688e+01,0.000000000000000000e+00,0.000000000000000000e+00,-1.000000000000000000e+00
-2.690873622894287109e+00,-9.677419066429138184e-01,4.829999923706054688e+01,0.000000000000000000e+00,0.000000000000000000e+00,-1.000000000000000000e+00
-2.666558504104614258e+00,-1.290322542190551758e+00,4.829999923706054688e+01,0.000000000000000000e+00,0.000000000000000000e+00,-1.000000000000000000e+00
-2.642243385314941406e+00,-1.612903237342834473e+00,4.829999923706054688e+01,0.000000000000000000e+00,0.000000000000000000e+00,-1.000000000000000000e+00
-2.617928266525268555e+00,-1.935483813285827637e+00,4.829999923706054688e+01,0.000000000000000000e+00,0.000000000000000000e+00,-1.000000000000000000e+00
-2.593613147735595703e+00,-2.258064508438110352e+00,4.829999923706054688e+01,0.000000000000000000e+00,0.000000000000000000e+00,-1.000000000000000000e+00
-2.569298028945922852e+00,-2.580645084381103516e+00,4.829999923706054688e+01,0.000000000000000000e+00,0.000000000000000000e+00,-1.000000000000000000e+00
-2.544982910156250000e+00,-2.903225898742675781e+00,4.829999923706054688e+01,0.000000000000000000e+00,0.000000000000000000e+00,-1.000000000000000000e+00
-2.520667791366577148e+00,-3.225806474685668945e+00,4.829999923706054688e+01,0.000000000000000000e+00,0.000000000000000000e+00,-1.000000000000000000e+00
-2.496352672576904297e+00,-3.548387050628662109e+00,4.829999923706054688e+01,0.000000000000000000e+00,0.000000000000000000e+00,-1.000000000000000000e+00
-2.472037553787231445e+00,-3.870967626571655273e+00,4.829999923706054688e+01,0.000000000000000000e+00,0.000000000000000000e+00,-1.000000000000000000e+00
-2.447722434997558594e+00,-4.193548202514648438e+00,4.829999923706054688e+01,0.000000000000000000e+00,0.000000000000000000e+00,-1.000000000000000000e+00
-2.423407316207885742e+00,-4.516129016876220703e+00,4.829999923706054688e+01,0.000000000000000000e+00,0.000000000000000000e+00,-1.000000000000000000e+00
-2.399092197418212891e+00,-4.838709831237792969e+00,4.829999923706054688e+01,0.000000000000000000e+00,0.000000000000000000e+00,-1.000000000000000000e+00
-2.374777078628540039e+00,-5.161290168762207031e+00,4.829999923706054688e+01,0.000000000000000000e+00,0.000000000000000000e+00,-1.000000000000000000e+00
-2.350461959838867188e+00,-5.483870983123779297e+00,4.829999923706054688e+01,0.000000000000000000e+00,0.000000000000000000e+00,-1.000000000000000000e+00
-2.326146841049194336e+00,-5.806451797485351562e+00,4.829999923706054688e+01,0.000000000000000000e+00,0.000000000000000000e+00,-1.000000000000000000e+00
-2.301831722259521484e+00,-6.129032135009765625e+00,4.829999923706054688e+01,0.000000000000000000e+00,0.000000000000000000e+00,-1.000000000000000000e+00
-2.277516603469848633e+00,-6.451612949371337891e+00,4.829999923706054688e+01,0.000000000000000000e+00,0.000000000000000000e+00,-1.000000000000000000e+00
-2.253201484680175781e+00,-6.774193763732910156e+00,4.829999923706054688e+01,0.000000000000000000e+00,0.000000000000000000e+00,-1.000000000000000000e+00
-2.228886365890502930e+00,-7.096774101257324219e+00,4.829999923706054688e+01,0.000000000000000000e+00,0.000000000000000000e+00,-1.000000000000000000e+00
-2.204571247100830078e+00,-7.419354915618896484e+00,4.829999923706054688e+01,0.000000000000000000e+00,0.000000000000000000e+00,-1.000000000000000000e+00
-2.180256128311157227e+00,-7.741935253143310547e+00,4.829999923706054688e+01,0.000000000000000000e+00,0.000000000000000000e+00,-1.000000000000000000e+00
-2.155941009521484375e+00,-8.064516067504882812e+00,4.829999923706054688e+01,0.000000000000000000e+00,0.000000000000000000e+00,-1.000000000000000000e+00
-2.131625890731811523e+00,-8.387096405029296875e+00,4.829999923706054688e+01,0.000000000000000000e+00,0.000000000000000000e+00,-1.000000000000000000e+00
-2.107310771942138672e+00,-8.709677696228027344e+00,4.829999923706054688e+01,0.000000000000000000e+00,0.000000000000000000e+00,-1.000000000000000000e+00
-2.082995653152465820e+00,-9.032258033752441406e+00,4.829999923706054688e+01,0.000000000000000000e+00,0.000000000000000000e+00,-1.000000000000000000e+00
-2.058680534362792969e+00,-9.354838371276855469e+00,4.829999923706054688e+01,0.000000000000000000e+00,0.000000000000000000e+00,-1.000000000000000000e+00
-2.034365415573120117e+00,-9.677419662475585938e+00,4.829999923706054688e+01,0.000000000000000000e+00,0.000000000000000000e+00,-1.000000000000000000e+00
-2.010050296783447266e+00,-1.000000000000000000e+01,4.829999923706054688e+01,0.000000000000000000e+00,0.000000000000000000e+00,-1.000000000000000000e+00
-2.010050296783447266e+00,-1.000000000000000000e+01,4.829999923706054688e+01,0.000000000000000000e+00,0.000000000000000000e+00,-1.000000000000000000e+00
-1.985735177993774414e+00,-9.677419662475585938e+00,4.829999923706054688e+01,0.000000000000000000e+00,0.000000000000000000e+00,-1.000000000000000000e+00
-1.961420059204101562e+00,-9.354838371276855469e+00,4.829999923706054688e+01,0.000000000000000000e+00,0.000000000000000000e+00,-1.000000000000000000e+00
-1.937104821205139160e+00,-9.032258033752441406e+00,4.829999923706054688e+01,0.000000000000000000e+00,0.000000000000000000e+00,-1.000000000000000000e+00
-1.912789702415466309e+00,-8.709677696228027344e+00,4.829999923706054688e+01,0.000000000000000000e+00,0.000000000000000000e+00,-1.000000000000000000e+00
-1.888474583625793457e+00,-8.387096405029296875e+00,4.829999923706054688e+01,0.000000000000000000e+00,0.000000000000000000e+00,-1.000000000000000000e+00
-1.864159464836120605e+00,-8.064516067504882812e+00,4.829999923706054688e+01,0.000000000000000000e+00,0.000000000000000000e+00,-1.000000000000000000e+00
-1.839844346046447754e+00,-7.741935253143310547e+00,4.829999923706054688e+01,0.000000000000000000e+00,0.000000000000000000e+00,-1.000000000000000000e+00
-1.815529227256774902e+00,-7.419354915618896484e+00,4.829999923706054688e+01,0.000000000000000000e+00,0.000000000000000000e+00,-1.000000000000000000e+00
-1.791214108467102051e+00,-7.096774101257324219e+00,4.829999923706054688e+01,0.000000000000000000e+00,0.000000000000000000e+00,-1.000000000000000000e+00
-1.766898989677429199e+00,-6.774193763732910156e+00,4.829999923706054688e+01,0.000000000000000000e+00,0.000000000000000000e+00,-1.000000000000000000e+00
-1.742583870887756348e+00,-6.451612949371337891e+00,4.829999923706054688e+01,0.000000000000000000e+00,0.000000000000000000e+00,-1.000000000000000000e+00
-1.718268752098083496e+00,-6.129032135009765625e+00,4.829999923706054688e+01,0.000000000000000000e+00,0.000000000000000000e+00,-1.000000000000000000e+00
-1.693953633308410645e+00,-5.806451797485351562e+00,4.829999923706054688e+01,0.000000000000000000e+00,0.000000000000000000e+00,-1.000000000000000000e+00
-1.669638514518737793e+00,-5.483870983123779297e+00,4.829999923706054688e+01,0.000000000000000000e+00,0.000000000000000000e+00,-1.000000000000000000e+00
-1.645323395729064941e+00,-5.161290168762207031e+00,4.829999923706054688e+01,0.000000000000000000e+00,0.000000000000000000e+00,-1.000000000000000000e+00
-1.621008276939392090e+00,-4.838709831237792969e+00,4.829999923706054688e+01,0.000000000000000000e+00,0.000000000000000000e+00,-1.000000000000000000e+00
-1.596693158149719238e+00,-4.516129016876220703e+00,4.829999923706054688e+01,0.000000000000000000e+00,0.000000000000000000e+00,-1.000000000000000000e+00
-1.572378039360046387e+00,-4.193548202514648438e+00,4.829999923706054688e+01,0.000000000000000000e+00,0.000000000000000000e+00,-1.000000000000000000e+00
-1.548062920570373535e+00,-3.870967626571655273e+00,4.829999923706054688e+01,0.000000000000000000e+00,0.000000000000000000e+00,-1.000000000000000000e+00
-1.523747801780700684e+00,-3.548387050628662109e+00,4.829999923706054688e+01,0.000000000000000000e+00,0.000000000000000000e+00,-1.000000000000000000e+00
-1.499432682991027832e+00,-3.225806474685668945e+00,4.829999923706054688e+01,0.000000000000000000e+00,0.000000000000000000e+00,-1.000000000000000000e+00
-1.475117564201354980e+00,-2.903225898742675781e+00,4.829999923706054688e+01,0.000000000000000000e+00,0.000000000000000000e+00,-1.000000000000000000e+00
-1.450802445411682129e+00,-2.580645084381103516e+00,4.829999923706054688e+01,0.000000000000000000e+00,0.000000000000000000e+00,-1.000000000000000000e+00
-1.426487326622009277e+00,-2.258064508438110352e+00,4.829999923706054688e+01,0.000000000000000000e+00,0.000000000000000000e+00,-1.000000000000000000e+00
-1.402172207832336426e+00,-1.935483813285827637e+00,4.829999923706054688e+01,0.000000000000000000e+00,0.000000000000000000e+00,-1.000000000000000000e+00
-1.377856969833374023e+00,-1.612903237342834473e+00,4.829999923706054688e+01,0.000000000000000000e+00,0.000000000000000000e+00,-1.000000000000000000e+00
-1.353541851043701172e+00,-1.290322542190551758e+00,4.829999923706054688e+01,0.000000000000000000e+00,0.000000000000000000e+00,-1.000000000000000000e+00
-1.329226732254028320e+00,-9.677419066429138184e-01,4.829999923706054688e+01,0.000000000000000000e+00,0.000000000000000000e+00,-1.000000000000000000e+00
-1.304911613464355469e+00,-6.451612710952758789e-01,4.829999923706054688e+01,0.000000000000000000e+00,0.000000000000000000e+00,-1.000000000000000000e+00
-1.280596494674682617e+00,-3.225806355476379395e-01,4.829999923706054688e+01,0.000000000000000000e+00,0.000000000000000000e+00,-1.000000000000000000e+00
-1.758793950080871582e+00,0.000000000000000000e+00,4.829999923706054688e+01,0.000000000000000000e+00,0.000000000000000000e+00,-1.000000000000000000e+00
-1.734478831291198730e+00,3.225806355476379395e-01,4.829999923706054688e+01,0.000000000000000000e+00,0.000000000000000000e+00,-1.000000000000000000e+00
-1.710163712501525879e+00,6.451612710952758789e-01,4.829999923706054688e+01,0.000000000000000000e+00,0.000000000000000000e+00,-1.000000000000000000e+00
-1.685848593711853027e+00,9.677419066429138184e-01,4.829999923706054688e+01,0.000000000000000000e+00,0.000000000000000000e+00,-1.000000000000000000e+00
-1.661533474922180176e+00,1.290322542190551758e+00,4.829999923706054688e+01,0.000000000000000000e+00,0.000000000000000000e+00,-1.000000000000000000e+00
-1.637218356132507324e+00,1.612903237342834473e+00,4.829999923706054688e+01,0.000000000000000000e+00,0.000000000000000000e+00,-1.000000000000000000e+00
-1.612903237342834473e+00,1.935483813285827637e+00,4.829999923706054688e+01,0.000000000000000000e+00,0.000000000000000000e+00,-1.000000000000000000e+00
-1.588588118553161621e+00,2.258064508438110352e+00,4.829999923706054688e+01,0.000000000000000000e+00,0.000000000000000000e+00,-1.000000000000000000e+00
-1.564272999763488770e+00,2.580645084381103516e+00,4.829999923706054688e+01,0.000000000000000000e+00,0.000000000000000000e+00,-1.000000000000000000e+00
-1.539957880973815918e+00,2.903225898742675781e+00,4.829999923706054688e+01,0.000000000000000000e+00,0.000000000000000000e+00,-1.000000000000000000e+00
-1.515642762184143066e+00,3.225806474685668945e+00,4.829999923706054688e+01,0.000000000000000000e+00,0.000000000000000000e+00,-1.000000000000000000e+00
-1.491327643394470215e+00,3.548387050628662109e+00,4.829999923706054688e+01,0.000000000000000000e+00,0.000000000000000000e+00,-1.000000000000000000e+00
-1.467012524604797363e+00,3.870967626571655273e+00,4.829999923706054688e+01,0.000000000000000000e+00,0.000000000000000000e+00,-1.000000000000000000e+00
-1.442697405815124512e+00,4.193548202514648438e+00,4.829999923706054688e+01,0.000000000000000000e+00,0.000000000000000000e+00,-1.000000000000000000e+00
-1.418382287025451660e+00,4.516129016876220703e+00,4.829999923706054688e+01,0.000000000000000000e+00,0.000000000000000000e+00,-1.000000000000000000e+00
-1.394067168235778809e+00,4.838709831237792969e+00,4.829999923706054688e+01,0.000000000000000000e+00,0.000000000000000000e+00,-1.000000000000000000e+00
-1.369751930236816406e+00,5.161290168762207031e+00,4.829999923706054688e+01,0.000000000000000000e+00,0.000000000000000000e+00,-1.000000000000000000e+00
-1.345436811447143555e+00,5.483870983123779297e+00,4.829999923706054688e+01,0.000000000000000000e+00,0.000000000000000000e+00,-1.000000000000000000e+00
-1.321121692657470703e+00,5.806451797485351562e+00,4.829999923706054688e+01,0.000000000000000000e+00,0.000000000000000000e+00,-1.000000000000000000e+00
-1.296806573867797852e+00,6.129032135009765625e+00,4.829999923706054688e+01,0.000000000000000000e+00,0.000000000000000000e+00,-1.000000000000000000e+00
-1.272491455078125000e+00,6.451612949371337891e+00,4.829999923706054688e+01,0.000000000000000000e+00,0.000000000000000000e+00,-1.000000000000000000e+00
-1.248176336288452148e+00,6.774193763732910156e+00,4.829999923706054688e+01,0.000000000000000000e+00,0.000000000000000000e+00,-1.000000000000000000e+00
-1.223861217498779297e+00,7.096774101257324219e+00,4.829999923706054688e+01,0.000000000000000000e+00,0.000000000000000000e+00,-1.000000000000000000e+00
-1.199546098709106445e+00,7.419354915618896484e+00,4.829999923706054688e+01,0.000000000000000000e+00,0.000000000000000000e+00,-1.000000000000000000e+00
-1.175230979919433594e+00,7.741935253143310547e+00,4.829999923706054688e+01,0.000000000000000000e+00,0.000000000000000000e+00,-1.000000000000000000e+00
-1.150915861129760742e+00,8.064516067504882812e+00,4.829999923706054688e+01,0.000000000000000000e+00,0.000000000000000000e+00,-1.000000000000000000e+00
-1.126600742340087891e+00,8.387096405029296875e+00,4.829999923706054688e+01,0.000000000000000000e+00,0.000000000000000000e+00,-1.000000000000000000e+00
-1.102285623550415039e+00,8.709677696228027344e+00,4.829999923706054688e+01,0.000000000000000000e+00,0.000000000000000000e+00,-1.000000000000000000e+00
-1.077970504760742188e+00,9.032258033752441406e+00,4.829999923706054688e+01,0.000000000000000000e+00,0.000000000000000000e+00,-1.000000000000000000e+00
-1.053655385971069336e+00,9.354838371276855469e+00,4.829999923706054688e+01,0.000000000000000000e+00,0.000000000000000000e+00,-1.000000000000000000e+00
-1.029340267181396484e+00,9.677419662475585938e+00,4.829999923706054688e+01,0.000000000000000000e+00,0.000000000000000000e+00,-1.000000000000000000e+00
-1.005025148391723633e+00,1.000000000000000000e+01,4.829999923706054688e+01,0.000000000000000000e+00,0.000000000000000000e+00,-1.000000000000000000e+00
-1.005025148391723633e+00,1.000000000000000000e+01,4.829999923706054688e+01,0.000000000000000000e+00,0.000000000000000000e+00,-1.000000000000000000e+00
-9.807100296020507812e-01,9.677419662475585938e+00,4.829999923706054688e+01,0.000000000000000000e+00,0.000000000000000000e+00,-1.000000000000000000e+00
-9.563948512077331543e-01,9.354838371276855469e+00,4.829999923706054688e+01,0.000000000000000000e+00,0.000000000000000000e+00,-1.000000000000000000e+00
-9.320797324180603027e-01,9.032258033752441406e+00,4.829999923706054688e+01,0.000000000000000000e+00,0.000000000000000000e+00,-1.000000000000000000e+00
-9.077646136283874512e-01,8.709677696228027344e+00,4.829999923706054688e+01,0.000000000000000000e+00,0.000000000000000000e+00,-1.000000000000000000e+00
-8.834494948387145996e-01,8.387096405029296875e+00,4.829999923706054688e+01,0.000000000000000000e+00,0.000000000000000000e+00,-1.000000000000000000e+00
-8.591343760490417480e-01,8.064516067504882812e+00,4.829999923706054688e+01,0.000000000000000000e+00,0.000000000000000000e+00,-1.000000000000000000e+00
-8.348192572593688965e-01,7.741935253143310547e+00,4.829999923706054688e+01,0.000000000000000000e+00,0.000000000000000000e+00,-1.000000000000000000e+00
-8.105041384696960449e-01,7.419354915618896484e+00,4.829999923706054688e+01,0.000000000000000000e+00,0.000000000000000000e+00,-1.000000000000000000e+00
-7.861890196800231934e-01,7.096774101257324219e+00,4.829999923706054688e+01,0.000000000000000000e+00,0.000000000000000000e+00,-1.000000000000000000e+00
-7.618739008903503418e-01,6.774193763732910156e+00,4.829999923706054688e+01,0.000000000000000000e+00,0.000000000000000000e+00,-1.000000000000000000e+00
-7.375587821006774902e-01,6.451612949371337891e+00,4.829999923706054688e+01,0.000000000000000000e+00,0.000000000000000000e+00,-1.000000000000000000e+00
-7.132436633110046387e-01,6.129032135009765625e+00,4.829999923706054688e+01,0.000000000000000000e+00,0.000000000000000000e+00,-1.000000000000000000e+00
-6.889284849166870117e-01,5.806451797485351562e+00,4.829999923706054688e+01,0.000000000000000000e+00,0.000000000000000000e+00,-1.000000000000000000e+00
-6.646133661270141602e-01,5.483870983123779297e+00,4.829999923706054688e+01,0.000000000000000000e+00,0.000000000000000000e+00,-1.000000000000000000e+00
-6.402982473373413086e-01,5.161290168762207031e+00,4.829999923706054688e+01,0.000000000000000000e+00,0.000000000000000000e+00,-1.000000000000000000e+00
-6.159831285476684570e-01,4.838709831237792969e+00,4.829999923706054688e+01,0.000000000000000000e+00,0.000000000000000000e+00,-1.000000000000000000e+00
-5.916680097579956055e-01,4.516129016876220703e+00,4.829999923706054688e+01,0.000000000000000000e+00,0.000000000000000000e+00,-1.000000000000000000e+00
-5.673528909683227539e-01,4.193548202514648438e+00,4.829999923706054688e+01,0.000000000000000000e+00,0.000000000000000000e+00,-1.000000000000000000e+00
-5.430377721786499023e-01,3.870967626571655273e+00,4.829999923706054688e+01,0.000000000000000000e+00,0.000000000000000000e+00,-1.000000000000000000e+00
-5.187226533889770508e-01,3.548387050628662109e+00,4.829999923706054688e+01,0.000000000000000000e+00,0.000000000000000000e+00,-1.000000000000000000e+00
-4.944075345993041992e-01,3.225806474685668945e+00,4.829999923706054688e+01,0.000000000000000000e+00,0.000000000000000000e+00,-1.000000000000000000e+00
-4.700923860073089600e-01,2.903225898742675781e+00,4.829999923706054688e+01,0.000000000000000000e+00,0.000000000000000000e+00,-1.000000000000000000e+00
-4.457772672176361084e-01,2.580645084381103516e+00,4.829999923706054688e+01,0.000000000000000000e+00,0.000000000000000000e+00,-1.000000000000000000e+00
-4.214621484279632568e-01,2.258064508438110352e+00,4.829999923706054688e+01,0.000000000000000000e+00,0.000000000000000000e+00,-1.000000000000000000e+00
-3.971470296382904053e-01,1.935483813285827637e+00,4.829999923706054688e+01,0.000000000000000000e+00,0.000000000000000000e+00,-1.000000000000000000e+00
-3.728319108486175537e-01,1.612903237342834473e+00,4.829999923706054688e+01,0.000000000000000000e+00,0.000000000000000000e+00,-1.000000000000000000e+00
-3.485167920589447021e-01,1.290322542190551758e+00,4.829999923706054688e+01,0.000000000000000000e+00,0.000000000000000000e+00,-1.000000000000000000e+00
-3.242016434669494629e-01,9.677419066429138184e-01,4.829999923706054688e+01,0.000000000000000000e+00,0.000000000000000000e+00,-1.000000000000000000e+00
-2.998865246772766113e-01,6.451612710952758789e-01,4.829999923706054688e+01,0.000000000000000000e+00,0.000000000000000000e+00,-1.000000000000000000e+00
-2.755714058876037598e-01,3.225806355476379395e-01,4.829999923706054688e+01,0.000000000000000000e+00,0.000000000000000000e+00,-1.000000000000000000e+00
-7.537688612937927246e-01,0.000000000000000000e+00,4.829999923706054688e+01,0.000000000000000000e+00,0.000000000000000000e+00,-1.000000000000000000e+00
-7.294537425041198730e-01,-3.225806355476379395e-01,4.829999923706054688e+01,0.000000000000000000e+00,0.000000000000000000e+00,-1.000000000000000000e+00
-7.051386237144470215e-01,-6.451612710952758789e-01,4.829999923706054688e+01,0.000000000000000000e+00,0.000000000000000000e+00,-1.000000000000000000e+00
-6.808234453201293945e-01,-9.677419066429138184e-01,4.829999923706054688e+01,0.000000000000000000e+00,0.000000000000000000e+00,-1.000000000000000000e+00
-6.565083265304565430e-01,-1.290322542190551758e+00,4.829999923706054688e+01,0.000000000000000000e+00,0.000000000000000000e+00,-1.000000000000000000e+00
-6.321932077407836914e-01,-1.612903237342834473e+00,4.829999923706054688e+01,0.000000000000000000e+00,0.000000000000000000e+00,-1.000000000000000000e+00
-6.078780889511108398e-01,-1.935483813285827637e+00,4.829999923706054688e+01,0.000000000000000000e+00,0.000000000000000000e+00,-1.000000000000000000e+00
-5.835629701614379883e-01,-2.258064508438110352e+00,4.829999923706054688e+01,0.000000000000000000e+00,0.000000000000000000e+00,-1.000000000000000000e+00
-5.592478513717651367e-01,-2.580645084381103516e+00,4.829999923706054688e+01,0.000000000000000000e+00,0.000000000000000000e+00,-1.000000000000000000e+00
-5.349327325820922852e-01,-2.903225898742675781e+00,4.829999923706054688e+01,0.000000000000000000e+00,0.000000000000000000e+00,-1.000000000000000000e+00
-5.106176137924194336e-01,-3.225806474685668945e+00,4.829999923706054688e+01,0.000000000000000000e+00,0.000000000000000000e+00,-1.000000000000000000e+00
-4.863024950027465820e-01,-3.548387050628662109e+00,4.829999923706054688e+01,0.000000000000000000e+00,0.000000000000000000e+00,-1.000000000000000000e+00
-4.619873464107513428e-01,-3.870967626571655273e+00,4.829999923706054688e+01,0.000000000000000000e+00,0.000000000000000000e+00,-1.000000000000000000e+00
-4.376722276210784912e-01,-4.193548202514648438e+00,4.829999923706054688e+01,0.000000000000000000e+00,0.000000000000000000e+00,-1.000000000000000000e+00
-4.133571088314056396e-01,-4.516129016876220703e+00,4.829999923706054688e+01,0.000000000000000000e+00,0.000000000000000000e+00,-1.000000000000000000e+00
-3.890419900417327881e-01,-4.838709831237792969e+00,4.829999923706054688e+01,0.000000000000000000e+00,0.000000000000000000e+00,-1.000000000000000000e+00
-3.647268712520599365e-01,-5.161290168762207031e+00,4.829999923706054688e+01,0.000000000000000000e+00,0.000000000000000000e+00,-1.000000000000000000e+00
-3.404117226600646973e-01,-5.483870983123779297e+00,4.829999923706054688e+01,0.000000000000000000e+00,0.000000000000000000e+00,-1.000000000000000000e+00
-3.160966038703918457e-01,-5.806451797485351562e+00,4.829999923706054688e+01,0.000000000000000000e+00,0.000000000000000000e+00,-1.000000000000000000e+00
-2.917814850807189941e-01,-6.129032135009765625e+00,4.829999923706054688e+01,0.000000000000000000e+00,0.000000000000000000e+00,-1.000000000000000000e+00
-2.674663662910461426e-01,-6.451612949371337891e+00,4.829999923706054688e+01,0.000000000000000000e+00,0.000000000000000000e+00,-1.000000000000000000e+00
-2.431512475013732910e-01,-6.774193763732910156e+00,4.829999923706054688e+01,0.000000000000000000e+00,0.000000000000000000e+00,-1.000000000000000000e+00
-2.188361138105392456e-01,-7.096774101257324219e+00,4.829999923706054688e+01,0.000000000000000000e+00,0.000000000000000000e+00,-1.000000000000000000e+00
-1.945209950208663940e-01,-7.419354915618896484e+00,4.829999923706054688e+01,0.000000000000000000e+00,0.000000000000000000e+00,-1.000000000000000000e+00
-1.702058613300323486e-01,-7.741935253143310547e+00,4.829999923706054688e+01,0.000000000000000000e+00,0.000000000000000000e+00,-1.000000000000000000e+00
-1.458907425403594971e-01,-8.064516067504882812e+00,4.829999923706054688e+01,0.000000000000000000e+00,0.000000000000000000e+00,-1.000000000000000000e+00
-1.215756237506866455e-01,-8.387096405029296875e+00,4.829999923706054688e+01,0.000000000000000000e+00,0.000000000000000000e+00,-1.000000000000000000e+00
-9.726049751043319702e-02,-8.709677696228027344e+00,4.829999923706054688e+01,0.000000000000000000e+00,0.000000000000000000e+00,-1.000000000000000000e+00
-7.294537127017974854e-02,-9.032258033752441406e+00,4.829999923706054688e+01,0.000000000000000000e+00,0.000000000000000000e+00,-1.000000000000000000e+00
-4.863024875521659851e-02,-9.354838371276855469e+00,4.829999923706054688e+01,0.000000000000000000e+00,0.000000000000000000e+00,-1.000000000000000000e+00
-2.431512437760829926e-02,-9.677419662475585938e+00,4.829999923706054688e+01,0.000000000000000000e+00,0.000000000000000000e+00,-1.000000000000000000e+00
0.000000000000000000e+00,-1.000000000000000000e+01,4.829999923706054688e+01,0.000000000000000000e+00,0.000000000000000000e+00,-1.000000000000000000e+00
0.000000000000000000e+00,-1.000000000000000000e+01,4.829999923706054688e+01,0.000000000000000000e+00,0.000000000000000000e+00,-1.000000000000000000e+00
2.431512437760829926e-02,-9.677419662475585938e+00,4.829999923706054688e+01,0.000000000000000000e+00,0.000000000000000000e+00,-1.000000000000000000e+00
4.863024875521659851e-02,-9.354838371276855469e+00,4.829999923706054688e+01,0.000000000000000000e+00,0.000000000000000000e+00,-1.000000000000000000e+00
7.294537127017974854e-02,-9.032258033752441406e+00,4.829999923706054688e+01,0.000000000000000000e+00,0.000000000000000000e+00,-1.000000000000000000e+00
9.726049751043319702e-02,-8.709677696228027344e+00,4.829999923706054688e+01,0.000000000000000000e+00,0.000000000000000000e+00,-1.000000000000000000e+00
1.215756237506866455e-01,-8.387096405029296875e+00,4.829999923706054688e+01,0.000000000000000000e+00,0.000000000000000000e+00,-1.000000000000000000e+00
1.458907425403594971e-01,-8.064516067504882812e+00,4.829999923706054688e+01,0.000000000000000000e+00,0.000000000000000000e+00,-1.000000000000000000e+00
1.702058613300323486e-01,-7.741935253143310547e+00,4.829999923706054688e+01,0.000000000000000000e+00,0.000000000000000000e+00,-1.000000000000000000e+00
1.945209950208663940e-01,-7.419354915618896484e+00,4.829999923706054688e+01,0.000000000000000000e+00,0.000000000000000000e+00,-1.000000000000000000e+00
2.188361138105392456e-01,-7.096774101257324219e+00,4.829999923706054688e+01,0.000000000000000000e+00,0.000000000000000000e+00,-1.000000000000000000e+00
2.431512475013732910e-01,-6.774193763732910156e+00,4.829999923706054688e+01,0.000000000000000000e+00,0.000000000000000000e+00,-1.000000000000000000e+00
2.674663662910461426e-01,-6.451612949371337891e+00,4.829999923706054688e+01,0.000000000000000000e+00,0.000000000000000000e+00,-1.000000000000000000e+00
2.917814850807189941e-01,-6.129032135009765625e+00,4.829999923706054688e+01,0.000000000000000000e+00,0.000000000000000000e+00,-1.000000000000000000e+00
3.160966038703918457e-01,-5.806451797485351562e+00,4.829999923706054688e+01,0.000000000000000000e+00,0.000000000000000000e+00,-1.000000000000000000e+00
3.404117226600646973e-01,-5.483870983123779297e+00,4.829999923706054688e+01,0.000000000000000000e+00,0.000000000000000000e+00,-1.000000000000000000e+00
3.647268712520599365e-01,-5.161290168762207031e+00,4.829999923706054688e+01,0.000000000000000000e+00,0.000000000000000000e+00,-1.000000000000000000e+00
3.890419900417327881e-01,-4.838709831237792969e+00,4.829999923706054688e+01,0.000000000000000000e+00,0.000000000000000000e+00,-1.000000000000000000e+00
4.133571088314056396e-01,-4.516129016876220703e+00,4.829999923706054688e+01,0.000000000000000000e+00,0.000000000000000000e+00,-1.000000000000000000e+00
4.376722276210784912e-01,-4.193548202514648438e+00,4.829999923706054688e+01,0.000000000000000000e+00,0.000000000000000000e+00,-1.000000000000000000e+00
4.619873464107513428e-01,-3.870967626571655273e+00,4.829999923706054688e+01,0.000000000000000000e+00,0.000000000000000000e+00,-1.000000000000000000e+00
4.863024950027465820e-01,-3.548387050628662109e+00,4.829999923706054688e+01,0.000000000000000000e+00,0.000000000000000000e+00,-1.000000000000000000e+00
5.106176137924194336e-01,-3.225806474685668945e+00,4.829999923706054688e+01,0.000000000000000000e+00,0.000000000000000000e+00,-1.000000000000000000e+00
5.349327325820922852e-01,-2.903225898742675781e+00,4.829999923706054688e+01,0.000000000000000000e+00,0.000000000000000000e+00,-1.000000000000000000e+00
5.592478513717651367e-01,-2.580645084381103516e+00,4.829999923706054688e+01,0.000000000000000000e+00,0.000000000000000000e+00,-1.000000000000000000e+00
5.835629701614379883e-01,-2.258064508438110352e+00,4.829999923706054688e+01,0.000000000000000000e+00,0.000000000000000000e+00,-1.000000000000000000e+00
6.078780889511108398e-01,-1.935483813285827637e+00,4.829999923706054688e+01,0.000000000000000000e+00,0.000000000000000000e+00,-1.000000000000000000e+00
6.321932077407836914e-01,-1.612903237342834473e+00,4.829999923706054688e+01,0.000000000000000000e+00,0.000000000000000000e+00,-1.000000000000000000e+00
6.565083265304565430e-01,-1.290322542190551758e+00,4.829999923706054688e+01,0.000000000000000000e+00,0.000000000000000000e+00,-1.000000000000000000e+00
6.808234453201293945e-01,-9.677419066429138184e-01,4.829999923706054688e+01,0.000000000000000000e+00,0.000000000000000000e+00,-1.000000000000000000e+00
7.051386237144470215e-01,-6.451612710952758789e-01,4.829999923706054688e+01,0.000000000000000000e+00,0.000000000000000000e+00,-1.000000000000000000e+00
7.294537425041198730e-01,-3.225806355476379395e-01,4.829999923706054688e+01,0.000000000000000000e+00,0.000000000000000000e+00,-1.000000000000000000e+00
2.512562870979309082e-01,0.000000000000000000e+00,4.829999923706054688e+01,0.000000000000000000e+00,0.000000000000000000e+00,-1.000000000000000000e+00
2.755714058876037598e-01,3.225806355476379395e-01,4.829999923706054688e+01,0.000000000000000000e+00,0.000000000000000000e+00,-1.000000000000000000e+00
2.998865246772766113e-01,6.451612710952758789e-01,4.829999923706054688e+01,0.000000000000000000e+00,0.000000000000000000e+00,-1.000000000000000000e+00
3.242016434669494629e-01,9.677419066429138184e-01,4.829999923706054688e+01,0.000000000000000000e+00,0.000000000000000000e+00,-1.000000000000000000e+00
3.485167920589447021e-01,1.290322542190551758e+00,4.829999923706054688e+01,0.000000000000000000e+00,0.000000000000000000e+00,-1.000000000000000000e+00
3.728319108486175537e-01,1.612903237342834473e+00,4.829999923706054688e+01,0.000000000000000000e+00,0.000000000000000000e+00,-1.000000000000000000e+00
3.971470296382904053e-01,1.935483813285827637e+00,4.829999923706054688e+01,0.000000000000000000e+00,0.000000000000000000e+00,-1.000000000000000000e+00
4.214621484279632568e-01,2.258064508438110352e+00,4.829999923706054688e+01,0.000000000000000000e+00,0.000000000000000000e+00,-1.000000000000000000e+00
4.457772672176361084e-01,2.580645084381103516e+00,4.829999923706054688e+01,0.000000000000000000e+00,0.000000000000000000e+00,-1.000000000000000000e+00
4.700923860073089600e-01,2.903225898742675781e+00,4.829999923706054688e+01,0.000000000000000000e+00,0.000000000000000000e+00,-1.000000000000000000e+00
4.944075345993041992e-01,3.225806474685668945e+00,4.829999923706054688e+01,0.000000000000000000e+00,0.000000000000000000e+00,-1.000000000000000000e+00
5.187226533889770508e-01,3.548387050628662109e+00,4.829999923706054688e+01,0.000000000000000000e+00,0.000000000000000000e+00,-1.000000000000000000e+00
5.430377721786499023e-01,3.870967626571655273e+00,4.829999923706054688e+01,0.000000000000000000e+00,0.000000000000000000e+00,-1.000000000000000000e+00
5.673528909683227539e-01,4.193548202514648438e+00,4.829999923706054688e+01,0.000000000000000000e+00,0.000000000000000000e+00,-1.000000000000000000e+00
5.916680097579956055e-01,4.516129016876220703e+00,4.829999923706054688e+01,0.000000000000000000e+00,0.000000000000000000e+00,-1.000000000000000000e+00
6.159831285476684570e-01,4.838709831237792969e+00,4.829999923706054688e+01,0.000000000000000000e+00,0.000000000000000000e+00,-1.000000000000000000e+00
6.402982473373413086e-01,5.161290168762207031e+00,4.829999923706054688e+01,0.000000000000000000e+00,0.000000000000000000e+00,-1.000000000000000000e+00
6.646133661270141602e-01,5.483870983123779297e+00,4.829999923706054688e+01,0.000000000000000000e+00,0.000000000000000000e+00,-1.000000000000000000e+00
6.889284849166870117e-01,5.806451797485351562e+00,4.829999923706054688e+01,0.000000000000000000e+00,0.000000000000000000e+00,-1.000000000000000000e+00
7.132436633110046387e-01,6.129032135009765625e+00,4.829999923706054688e+01,0.000000000000000000e+00,0.000000000000000000e+00,-1.000000000000000000e+00
7.375587821006774902e-01,6.451612949371337891e+00,4.829999923706054688e+01,0.000000000000000000e+00,0.000000000000000000e+00,-1.000000000000000000e+00
7.618739008903503418e-01,6.774193763732910156e+00,4.829999923706054688e+01,0.000000000000000000e+00,0.000000000000000000e+00,-1.000000000000000000e+00
7.861890196800231934e-01,7.096774101257324219e+00,4.829999923706054688e+01,0.000000000000000000e+00,0.000000000000000000e+00,-1.000000000000000000e+00
8.105041384696960449e-01,7.419354915618896484e+00,4.829999923706054688e+01,0.000000000000000000e+00,0.000000000000000000e+00,-1.000000000000000000e+00
8.348192572593688965e-01,7.741935253143310547e+00,4.829999923706054688e+01,0.000000000000000000e+00,0.000000000000000000e+00,-1.000000000000000000e+00
8.591343760490417480e-01,8.064516067504882812e+00,4.829999923706054688e+01,0.000000000000000000e+00,0.000000000000000000e+00,-1.000000000000000000e+00
8.834494948387145996e-01,8.387096405029296875e+00,4.829999923706054688e+01,0.000000000000000000e+00,0.000000000000000000e+00,-1.000000000000000000e+00
9.077646136283874512e-01,8.709677696228027344e+00,4.829999923706054688e+01,0.000000000000000000e+00,0.000000000000000000e+00,-1.000000000000000000e+00
9.320797324180603027e-01,9.032258033752441406e+00,4.829999923706054688e+01,0.000000000000000000e+00,0.000000000000000000e+00,-1.000000000000000000e+00
9.563948512077331543e-01,9.354838371276855469e+00,4.829999923706054688e+01,0.000000000000000000e+00,0.000000000000000000e+00,-1.000000000000000000e+00
9.807100296020507812e-01,9.677419662475585938e+00,4.829999923706054688e+01,0.000000000000000000e+00,0.000000000000000000e+00,-1.000000000000000000e+00
1.005025148391723633e+00,1.000000000000000000e+01,4.829999923706054688e+01,0.000000000000000000e+00,0.000000000000000000e+00,-1.000000000000000000e+00
1.005025148391723633e+00,1.000000000000000000e+01,4.829999923706054688e+01,0.000000000000000000e+00,0.000000000000000000e+00,-1.000000000000000000e+00
1.029340267181396484e+00,9.677419662475585938e+00,4.829999923706054688e+01,0.000000000000000000e+00,0.000000000000000000e+00,-1.000000000000000000e+00
1.053655385971069336e+00,9.354838371276855469e+00,4.829999923706054688e+01,0.000000000000000000e+00,0.000000000000000000e+00,-1.000000000000000000e+00
1.077970504760742188e+00,9.032258033752441406e+00,4.829999923706054688e+01,0.000000000000000000e+00,0.000000000000000000e+00,-1.000000000000000000e+00
1.102285623550415039e+00,8.709677696228027344e+00,4.829999923706054688e+01,0.000000000000000000e+00,0.000000000000000000e+00,-1.000000000000000000e+00
1.126600742340087891e+00,8.387096405029296875e+00,4.829999923706054688e+01,0.000000000000000000e+00,0.000000000000000000e+00,-1.000000000000000000e+00
1.150915861129760742e+00,8.064516067504882812e+00,4.829999923706054688e+01,0.000000000000000000e+00,0.000000000000000000e+00,-1.000000000000000000e+00
1.175230979919433594e+00,7.741935253143310547e+00,4.829999923706054688e+01,0.000000000000000000e+00,0.000000000000000000e+00,-1.000000000000000000e+00
1.199546098709106445e+00,7.419354915618896484e+00,4.829999923706054688e+01,0.000000000000000000e+00,0.000000000000000000e+00,-1.000000000000000000e+00
1.223861217498779297e+00,7.096774101257324219e+00,4.829999923706054688e+01,0.000000000000000000e+00,0.000000000000000000e+00,-1.000000000000000000e+00
1.248176336288452148e+00,6.774193763732910156e+00,4.829999923706054688e+01,0.000000000000000000e+00,0.000000000000000000e+00,-1.000000000000000000e+00
1.272491455078125000e+00,6.451612949371337891e+00,4.829999923706054688e+01,0.000000000000000000e+00,0.000000000000000000e+00,-1.000000000000000000e+00
1.296806573867797852e+00,6.129032135009765625e+00,4.829999923706054688e+01,0.000000000000000000e+00,0.000000000000000000e+00,-1.000000000000000000e+00
1.321121692657470703e+00,5.806451797485351562e+00,4.829999923706054688e+01,0.000000000000000000e+00,0.000000000000000000e+00,-1.000000000000000000e+00
1.345436811447143555e+00,5.483870983123779297e+00,4.829999923706054688e+01,0.000000000000000000e+00,0.000000000000000000e+00,-1.000000000000000000e+00
1.369751930236816406e+00,5.161290168762207031e+00,4.829999923706054688e+01,0.000000000000000000e+00,0.000000000000000000e+00,-1.000000000000000000e+00
1.394067168235778809e+00,4.838709831237792969e+00,4.829999923706054688e+01,0.000000000000000000e+00,0.000000000000000000e+00,-1.000000000000000000e+00
1.418382287025451660e+00,4.516129016876220703e+00,4.829999923706054688e+01,0.000000000000000000e+00,0.000000000000000000e+00,-1.000000000000000000e+00
1.442697405815124512e+00,4.193548202514648438e+00,4.829999923706054688e+01,0.000000000000000000e+00,0.000000000000000000e+00,-1.000000000000000000e+00
1.467012524604797363e+00,3.870967626571655273e+00,4.829999923706054688e+01,0.000000000000000000e+00,0.000000000000000000e+00,-1.000000000000000000e+00
1.491327643394470215e+00,3.548387050628662109e+00,4.829999923706054688e+01,0.000000000000000000e+00,0.000000000000000000e+00,-1.000000000000000000e+00
1.515642762184143066e+00,3.225806474685668945e+00,4.829999923706054688e+01,0.000000000000000000e+00,0.000000000000000000e+00,-1.000000000000000000e+00
1.539957880973815918e+00,2.903225898742675781e+00,4.829999923706054688e+01,0.000000000000000000e+00,0.000000000000000000e+00,-1.000000000000000000e+00
1.564272999763488770e+00,2.580645084381103516e+00,4.829999923706054688e+01,0.000000000000000000e+00,0.000000000000000000e+00,-1.000000000000000000e+00
1.588588118553161621e+00,2.258064508438110352e+00,4.829999923706054688e+01,0.000000000000000000e+00,0.000000000000000000e+00,-1.000000000000000000e+00
1.612903237342834473e+00,1.935483813285827637e+00,4.829999923706054688e+01,0.000000000000000000e+00,0.000000000000000000e+00,-1.000000000000000000e+00
1.637218356132507324e+00,1.612903237342834473e+00,4.829999923706054688e+01,0.000000000000000000e+00,0.000000000000000000e+00,-1.000000000000000000e+00
1.661533474922180176e+00,1.290322542190551758e+00,4.829999923706054688e+01,0.000000000000000000e+00,0.000000000000000000e+00,-1.000000000000000000e+00
1.685848593711853027e+00,9.677419066429138184e-01,4.829999923706054688e+01,0.000000000000000000e+00,0.000000000000000000e+00,-1.000000000000000000e+00
1.710163712501525879e+00,6.451612710952758789e-01,4.829999923706054688e+01,0.000000000000000000e+00,0.000000000000000000e+00,-1.000000000000000000e+00
1.734478831291198730e+00,3.225806355476379395e-01,4.829999923706054688e+01,0.000000000000000000e+00,0.000000000000000000e+00,-1.000000000000000000e+00
1.256281375885009766e+00,0.000000000000000000e+00,4.829999923706054688e+01,0.000000000000000000e+00,0.000000000000000000e+00,-1.000000000000000000e+00
1.280596494674682617e+00,-3.225806355476379395e-01,4.829999923706054688e+01,0.000000000000000000e+00,0.000000000000000000e+00,-1.000000000000000000e+00
1.304911613464355469e+00,-6.451612710952758789e-01,4.829999923706054688e+01,0.000000000000000000e+00,0.000000000000000000e+00,-1.000000000000000000e+00
1.329226732254028320e+00,-9.677419066429138184e-01,4.829999923706054688e+01,0.000000000000000000e+00,0.000000000000000000e+00,-1.000000000000000000e+00
1.353541851043701172e+00,-1.290322542190551758e+00,4.829999923706054688e+01,0.000000000000000000e+00,0.000000000000000000e+00,-1.000000000000000000e+00
1.377856969833374023e+00,-1.612903237342834473e+00,4.829999923706054688e+01,0.000000000000000000e+00,0.000000000000000000e+00,-1.000000000000000000e+00
1.402172207832336426e+00,-1.935483813285827637e+00,4.829999923706054688e+01,0.000000000000000000e+00,0.000000000000000000e+00,-1.000000000000000000e+00
1.426487326622009277e+00,-2.258064508438110352e+00,4.829999923706054688e+01,0.000000000000000000e+00,0.000000000000000000e+00,-1.000000000000000000e+00
1.450802445411682129e+00,-2.580645084381103516e+00,4.829999923706054688e+01,0.000000000000000000e+00,0.000000000000000000e+00,-1.000000000000000000e+00
1.475117564201354980e+00,-2.903225898742675781e+00,4.829999923706054688e+01,0.000000000000000000e+00,0.000000000000000000e+00,-1.000000000000000000e+00
1.499432682991027832e+00,-3.225806474685668945e+00,4.829999923706054688e+01,0.000000000000000000e+00,0.000000000000000000e+00,-1.000000000000000000e+00
1.523747801780700684e+00,-3.548387050628662109e+00,4.829999923706054688e+01,0.000000000000000000e+00,0.000000000000000000e+00,-1.000000000000000000e+00
1.548062920570373535e+00,-3.870967626571655273e+00,4.829999923706054688e+01,0.000000000000000000e+00,0.000000000000000000e+00,-1.000000000000000000e+00
1.572378039360046387e+00,-4.193548202514648438e+00,4.829999923706054688e+01,0.000000000000000000e+00,0.000000000000000000e+00,-1.000000000000000000e+00
1.596693158149719238e+00,-4.516129016876220703e+00,4.829999923706054688e+01,0.000000000000000000e+00,0.000000000000000000e+00,-1.000000000000000000e+00
1.621008276939392090e+00,-4.838709831237792969e+00,4.829999923706054688e+01,0.000000000000000000e+00,0.000000000000000000e+00,-1.000000000000000000e+00
1.645323395729064941e+00,-5.161290168762207031e+00,4.829999923706054688e+01,0.000000000000000000e+00,0.000000000000000000e+00,-1.000000000000000000e+00
1.669638514518737793e+00,-5.483870983123779297e+00,4.829999923706054688e+01,0.000000000000000000e+00,0.000000000000000000e+00,-1.000000000000000000e+00
1.693953633308410645e+00,-5.806451797485351562e+00,4.829999923706054688e+01,0.000000000000000000e+00,0.000000000000000000e+00,-1.000000000000000000e+00
1.718268752098083496e+00,-6.129032135009765625e+00,4.829999923706054688e+01,0.000000000000000000e+00,0.000000000000000000e+00,-1.000000000000000000e+00
1.742583870887756348e+00,-6.451612949371337891e+00,4.829999923706054688e+01,0.000000000000000000e+00,0.000000000000000000e+00,-1.000000000000000000e+00
1.766898989677429199e+00,-6.774193763732910156e+00,4.829999923706054688e+01,0.000000000000000000e+00,0.000000000000000000e+00,-1.000000000000000000e+00
1.791214108467102051e+00,-7.096774101257324219e+00,4.829999923706054688e+01,0.000000000000000000e+00,0.000000000000000000e+00,-1.000000000000000000e+00
1.815529227256774902e+00,-7.419354915618896484e+00,4.829999923706054688e+01,0.000000000000000000e+00,0.000000000000000000e+00,-1.000000000000000000e+00
1.839844346046447754e+00,-7.741935253143310547e+00,4.829999923706054688e+01,0.000000000000000000e+00,0.000000000000000000e+00,-1.000000000000000000e+00
1.864159464836120605e+00,-8.064516067504882812e+00,4.829999923706054688e+01,0.000000000000000000e+00,0.000000000000000000e+00,-1.000000000000000000e+00
1.888474583625793457e+00,-8.387096405029296875e+00,4.829999923706054688e+01,0.000000000000000000e+00,0.000000000000000000e+00,-1.000000000000000000e+00
1.912789702415466309e+00,-8.709677696228027344e+00,4.829999923706054688e+01,0.000000000000000000e+00,0.000000000000000000e+00,-1.000000000000000000e+00
1.937104821205139160e+00,-9.032258033752441406e+00,4.829999923706054688e+01,0.000000000000000000e+00,0.000000000000000000e+00,-1.000000000000000000e+00
1.961420059204101562e+00,-9.354838371276855469e+00,4.829999923706054688e+01,0.000000000000000000e+00,0.000000000000000000e+00,-1.000000000000000000e+00
1.985735177993774414e+00,-9.677419662475585938e+00,4.829999923706054688e+01,0.000000000000000000e+00,0.000000000000000000e+00,-1.000000000000000000e+00
2.010050296783447266e+00,-1.000000000000000000e+01,4.829999923706054688e+01,0.000000000000000000e+00,0.000000000000000000e+00,-1.000000000000000000e+00
2.010050296783447266e+00,-1.000000000000000000e+01,4.829999923706054688e+01,0.000000000000000000e+00,0.000000000000000000e+00,-1.000000000000000000e+00
2.034365415573120117e+00,-9.677419662475585938e+00,4.829999923706054688e+01,0.000000000000000000e+00,0.000000000000000000e+00,-1.000000000000000000e+00
2.058680534362792969e+00,-9.354838371276855469e+00,4.829999923706054688e+01,0.000000000000000000e+00,0.000000000000000000e+00,-1.000000000000000000e+00
2.082995653152465820e+00,-9.032258033752441406e+00,4.829999923706054688e+01,0.000000000000000000e+00,0.000000000000000000e+00,-1.000000000000000000e+00
2.107310771942138672e+00,-8.709677696228027344e+00,4.829999923706054688e+01,0.000000000000000000e+00,0.000000000000000000e+00,-1.000000000000000000e+00
2.131625890731811523e+00,-8.387096405029296875e+00,4.829999923706054688e+01,0.000000000000000000e+00,0.000000000000000000e+00,-1.000000000000000000e+00
2.155941009521484375e+00,-8.064516067504882812e+00,4.829999923706054688e+01,0.000000000000000000e+00,0.000000000000000000e+00,-1.000000000000000000e+00
2.180256128311157227e+00,-7.741935253143310547e+00,4.829999923706054688e+01,0.000000000000000000e+00,0.000000000000000000e+00,-1.000000000000000000e+00
2.204571247100830078e+00,-7.419354915618896484e+00,4.829999923706054688e+01,0.000000000000000000e+00,0.000000000000000000e+00,-1.000000000000000000e+00
2.228886365890502930e+00,-7.096774101257324219e+00,4.829999923706054688e+01,0.000000000000000000e+00,0.000000000000000000e+00,-1.000000000000000000e+00
2.253201484680175781e+00,-6.774193763732910156e+00,4.829999923706054688e+01,0.000000000000000000e+00,0.000000000000000000e+00,-1.000000000000000000e+00
2.277516603469848633e+00,-6.451612949371337891e+00,4.829999923706054688e+01,0.000000000000000000e+00,0.000000000000000000e+00,-1.000000000000000000e+00
2.301831722259521484e+00,-6.129032135009765625e+00,4.829999923706054688e+01,0.000000000000000000e+00,0.000000000000000000e+00,-1.000000000000000000e+00
2.326146841049194336e+00,-5.806451797485351562e+00,4.829999923706054688e+01,0.000000000000000000e+00,0.000000000000000000e+00,-1.000000000000000000e+00
2.350461959838867188e+00,-5.483870983123779297e+00,4.829999923706054688e+01,0.000000000000000000e+00,0.000000000000000000e+00,-1.000000000000000000e+00
2.374777078628540039e+00,-5.161290168762207031e+00,4.829999923706054688e+01,0.000000000000000000e+00,0.000000000000000000e+00,-1.000000000000000000e+00
2.399092197418212891e+00,-4.838709831237792969e+00,4.829999923706054688e+01,0.000000000000000000e+00,0.000000000000000000e+00,-1.000000000000000000e+00
2.423407316207885742e+00,-4.516129016876220703e+00,4.829999923706054688e+01,0.000000000000000000e+00,0.000000000000000000e+00,-1.000000000000000000e+00
2.447722434997558594e+00,-4.193548202514648438e+00,4.829999923706054688e+01,0.000000000000000000e+00,0.000000000000000000e+00,-1.000000000000000000e+00
2.472037553787231445e+00,-3.870967626571655273e+00,4.829999923706054688e+01,0.000000000000000000e+00,0.000000000000000000e+00,-1.000000000000000000e+00
2.496352672576904297e+00,-3.548387050628662109e+00,4.829999923706054688e+01,0.000000000000000000e+00,0.000000000000000000e+00,-1.000000000000000000e+00
2.520667791366577148e+00,-3.225806474685668945e+00,4.829999923706054688e+01,0.000000000000000000e+00,0.000000000000000000e+00,-1.000000000000000000e+00
2.544982910156250000e+00,-2.903225898742675781e+00,4.829999923706054688e+01,0.000000000000000000e+00,0.000000000000000000e+00,-1.000000000000000000e+00
2.569298028945922852e+00,-2.580645084381103516e+00,4.829999923706054688e+01,0.000000000000000000e+00,0.000000000000000000e+00,-1.000000000000000000e+00
2.593613147735595703e+00,-2.258064508438110352e+00,4.829999923706054688e+01,0.000000000000000000e+00,0.000000000000000000e+00,-1.000000000000000000e+00
2.617928266525268555e+00,-1.935483813285827637e+00,4.829999923706054688e+01,0.000000000000000000e+00,0.000000000000000000e+00,-1.000000000000000000e+00
2.642243385314941406e+00,-1.612903237342834473e+00,4.829999923706054688e+01,0.000000000000000000e+00,0.000000000000000000e+00,-1.000000000000000000e+00
2.666558504104614258e+00,-1.290322542190551758e+00,4.829999923706054688e+01,0.000000000000000000e+00,0.000000000000000000e+00,-1.000000000000000000e+00
2.690873622894287109e+00,-9.677419066429138184e-01,4.829999923706054688e+01,0.000000000000000000e+00,0.000000000000000000e+00,-1.000000000000000000e+00
2.715188741683959961e+00,-6.451612710952758789e-01,4.829999923706054688e+01,0.000000000000000000e+00,0.000000000000000000e+00,-1.000000000000000000e+00
2.739503860473632812e+00,-3.225806355476379395e-01,4.829999923706054688e+01,0.000000000000000000e+00,0.000000000000000000e+00,-1.000000000000000000e+00
2.261306524276733398e+00,0.000000000000000000e+00,4.829999923706054688e+01,0.000000000000000000e+00,0.000000000000000000e+00,-1.000000000000000000e+00
2.285621643066406250e+00,3.225806355476379395e-01,4.829999923706054688e+01,0.000000000000000000e+00,0.000000000000000000e+00,-1.000000000000000000e+00
2.309936761856079102e+00,6.451612710952758789e-01,4.829999923706054688e+01,0.000000000000000000e+00,0.000000000000000000e+00,-1.000000000000000000e+00
2.334251880645751953e+00,9.677419066429138184e-01,4.829999923706054688e+01,0.000000000000000000e+00,0.000000000000000000e+00,-1.000000000000000000e+00
2.358566999435424805e+00,1.290322542190551758e+00,4.829999923706054688e+01,0.000000000000000000e+00,0.000000000000000000e+00,-1.000000000000000000e+00
2.382882118225097656e+00,1.612903237342834473e+00,4.829999923706054688e+01,0.000000000000000000e+00,0.000000000000000000e+00,-1.000000000000000000e+00
2.407197237014770508e+00,1.935483813285827637e+00,4.829999923706054688e+01,0.000000000000000000e+00,0.000000000000000000e+00,-1.000000000000000000e+00
2.431512355804443359e+00,2.258064508438110352e+00,4.829999923706054688e+01,0.000000000000000000e+00,0.000000000000000000e+00,-1.000000000000000000e+00
2.455827474594116211e+00,2.580645084381103516e+00,4.829999923706054688e+01,0.000000000000000000e+00,0.000000000000000000e+00,-1.000000000000000000e+00
2.480142593383789062e+00,2.903225898742675781e+00,4.829999923706054688e+01,0.000000000000000000e+00,0.000000000000000000e+00,-1.000000000000000000e+00
2.504457712173461914e+00,3.225806474685668945e+00,4.829999923706054688e+01,0.000000000000000000e+00,0.000000000000000000e+00,-1.000000000000000000e+00
2.528772830963134766e+00,3.548387050628662109e+00,4.829999923706054688e+01,0.000000000000000000e+00,0.000000000000000000e+00,-1.000000000000000000e+00
2.553087949752807617e+00,3.870967626571655273e+00,4.829999923706054688e+01,0.000000000000000000e+00,0.000000000000000000e+00,-1.000000000000000000e+00
2.577403068542480469e+00,4.193548202514648438e+00,4.829999923706054688e+01,0.000000000000000000e+00,0.000000000000000000e+00,-1.000000000000000000e+00
2.601718187332153320e+00,4.516129016876220703e+00,4.829999923706054688e+01,0.000000000000000000e+00,0.000000000000000000e+00,-1.000000000000000000e+00
2.626033306121826172e+00,4.838709831237792969e+00,4.829999923706054688e+01,0.000000000000000000e+00,0.000000000000000000e+00,-1.000000000000000000e+00
2.650348424911499023e+00,5.161290168762207031e+00,4.829999923706054688e+01,0.000000000000000000e+00,0.000000000000000000e+00,-1.000000000000000000e+00
2.674663543701171875e+00,5.483870983123779297e+00,4.829999923706054688e+01,0.000000000000000000e+00,0.000000000000000000e+00,-1.000000000000000000e+00
2.698978662490844727e+00,5.806451797485351562e+00,4.829999923706054688e+01,0.000000000000000000e+00,0.000000000000000000e+00,-1.000000000000000000e+00
2.723293781280517578e+00,6.129032135009765625e+00,4.829999923706054688e+01,0.000000000000000000e+00,0.000000000000000000e+00,-1.000000000000000000e+00
2.747608900070190430e+00,6.451612949371337891e+00,4.829999923706054688e+01,0.000000000000000000e+00,0.000000000000000000e+00,-1.000000000000000000e+00
2.771924018859863281e+00,6.774193763732910156e+00,4.829999923706054688e+01,0.000000000000000000e+00,0.000000000000000000e+00,-1.000000000000000000e+00
2.796239376068115234e+00,7.096774101257324219e+00,4.829999923706054688e+01,0.000000000000000000e+00,0.000000000000000000e+00,-1.000000000000000000e+00
2.820554494857788086e+00,7.419354915618896484e+00,4.829999923706054688e+01,0.000000000000000000e+00,0.000000000000000000e+00,-1.000000000000000000e+00
2.844869613647460938e+00,7.741935253143310547e+00,4.829999923706054688e+01,0.000000000000000000e+00,0.000000000000000000e+00,-1.000000000000000000e+00
2.869184732437133789e+00,8.064516067504882812e+00,4.829999923706054688e+01,0.000000000000000000e+00,0.000000000000000000e+00,-1.000000000000000000e+00
2.893499851226806641e+00,8.387096405029296875e+00,4.829999923706054688e+01,0.000000000000000000e+00,0.000000000000000000e+00,-1.000000000000000000e+00
2.917814970016479492e+00,8.709677696228027344e+00,4.829999923706054688e+01,0.000000000000000000e+00,0.000000000000000000e+00,-1.000000000000000000e+00
2.942130088806152344e+00,9.032258033752441406e+00,4.829999923706054688e+01,0.000000000000000000e+00,0.000000000000000000e+00,-1.000000000000000000e+00
2.966445207595825195e+00,9.354838371276855469e+00,4.829999923706054688e+01,0.000000000000000000e+00,0.000000000000000000e+00,-1.000000000000000000e+00
2.990760326385498047e+00,9.677419662475585938e+00,4.829999923706054688e+01,0.000000000000000000e+00,0.000000000000000000e+00,-1.000000000000000000e+00
3.015075445175170898e+00,1.000000000000000000e+01,4.829999923706054688e+01,0.000000000000000000e+00,0.000000000000000000e+00,-1.000000000000000000e+00
3.015075445175170898e+00,1.000000000000000000e+01,4.829999923706054688e+01,0.000000000000000000e+00,0.000000000000000000e+00,-1.000000000000000000e+00
3.039390563964843750e+00,9.677419662475585938e+00,4.829999923706054688e+01,0.000000000000000000e+00,0.000000000000000000e+00,-1.000000000000000000e+00
3.063705682754516602e+00,9.354838371276855469e+00,4.829999923706054688e+01,0.000000000000000000e+00,0.000000000000000000e+00,-1.000000000000000000e+00
3.088020801544189453e+00,9.032258033752441406e+00,4.829999923706054688e+01,0.000000000000000000e+00,0.000000000000000000e+00,-1.000000000000000000e+00
3.112335920333862305e+00,8.709677696228027344e+00,4.829999923706054688e+01,0.000000000000000000e+00,0.000000000000000000e+00,-1.000000000000000000e+00
3.136651039123535156e+00,8.387096405029296875e+00,4.829999923706054688e+01,0.000000000000000000e+00,0.000000000000000000e+00,-1.000000000000000000e+00
3.160966157913208008e+00,8.064516067504882812e+00,4.829999923706054688e+01,0.000000000000000000e+00,0.000000000000000000e+00,-1.000000000000000000e+00
3.185281276702880859e+00,7.741935253143310547e+00,4.829999923706054688e+01,0.000000000000000000e+00,0.000000000000000000e+00,-1.000000000000000000e+00
3.209596395492553711e+00,7.419354915618896484e+00,4.829999923706054688e+01,0.000000000000000000e+00,0.000000000000000000e+00,-1.000000000000000000e+00
3.233911514282226562e+00,7.096774101257324219e+00,4.829999923706054688e+01,0.000000000000000000e+00,0.000000000000000000e+00,-1.000000000000000000e+00
3.258226633071899414e+00,6.774193763732910156e+00,4.829999923706054688e+01,0.000000000000000000e+00,0.000000000000000000e+00,-1.000000000000000000e+00
3.282541751861572266e+00,6.451612949371337891e+00,4.829999923706054688e+01,0.000000000000000000e+00,0.000000000000000000e+00,-1.000000000000000000e+00
3.306856870651245117e+00,6.129032135009765625e+00,4.829999923706054688e+01,0.000000000000000000e+00,0.000000000000000000e+00,-1.000000000000000000e+00
3.331171989440917969e+00,5.806451797485351562e+00,4.829999923706054688e+01,0.000000000000000000e+00,0.000000000000000000e+00,-1.000000000000000000e+00
3.355487108230590820e+00,5.483870983123779297e+00,4.829999923706054688e+01,0.000000000000000000e+00,0.000000000000000000e+00,-1.000000000000000000e+00
3.379802227020263672e+00,5.161290168762207031e+00,4.829999923706054688e+01,0.000000000000000000e+00,0.000000000000000000e+00,-1.000000000000000000e+00
3.404117345809936523e+00,4.838709831237792969e+00,4.829999923706054688e+01,0.000000000000000000e+00,0.000000000000000000e+00,-1.000000000000000000e+00
3.428432464599609375e+00,4.516129016876220703e+00,4.829999923706054688e+01,0.000000000000000000e+00,0.000000000000000000e+00,-1.000000000000000000e+00
3.452747583389282227e+00,4.193548202514648438e+00,4.829999923706054688e+01,0.000000000000000000e+00,0.000000000000000000e+00,-1.000000000000000000e+00
3.477062702178955078e+00,3.870967626571655273e+00,4.829999923706054688e+01,0.000000000000000000e+00,0.000000000000000000e+00,-1.000000000000000000e+00
3.501377820968627930e+00,3.548387050628662109e+00,4.829999923706054688e+01,0.000000000000000000e+00,0.000000000000000000e+00,-1.000000000000000000e+00
3.525692939758300781e+00,3.225806474685668945e+00,4.829999923706054688e+01,0.000000000000000000e+00,0.000000000000000000e+00,-1.000000000000000000e+00
3.550008058547973633e+00,2.903225898742675781e+00,4.829999923706054688e+01,0.000000000000000000e+00,0.000000000000000000e+00,-1.000000000000000000e+00
3.574323177337646484e+00,2.580645084381103516e+00,4.829999923706054688e+01,0.000000000000000000e+00,0.000000000000000000e+00,-1.000000000000000000e+00
3.598638296127319336e+00,2.258064508438110352e+00,4.829999923706054688e+01,0.000000000000000000e+00,0.000000000000000000e+00,-1.000000000000000000e+00
3.622953414916992188e+00,1.935483813285827637e+00,4.829999923706054688e+01,0.000000000000000000e+00,0.000000000000000000e+00,-1.000000000000000000e+00
3.647268533706665039e+00,1.612903237342834473e+00,4.829999923706054688e+01,0.000000000000000000e+00,0.000000000000000000e+00,-1.000000000000000000e+00
3.671583652496337891e+00,1.290322542190551758e+00,4.829999923706054688e+01,0.000000000000000000e+00,0.000000000000000000e+00,-1.000000000000000000e+00
3.695898771286010742e+00,9.677419066429138184e-01,4.829999923706054688e+01,0.000000000000000000e+00,0.000000000000000000e+00,-1.000000000000000000e+00
3.720213890075683594e+00,6.451612710952758789e-01,4.829999923706054688e+01,0.000000000000000000e+00,0.000000000000000000e+00,-1.000000000000000000e+00
3.744529008865356445e+00,3.225806355476379395e-01,4.829999923706054688e+01,0.000000000000000000e+00,0.000000000000000000e+00,-1.000000000000000000e+00
3.266331672668457031e+00,0.000000000000000000e+00,4.829999923706054688e+01,0.000000000000000000e+00,0.000000000000000000e+00,-1.000000000000000000e+00
3.290646791458129883e+00,-3.225806355476379395e-01,4.829999923706054688e+01,0.000000000000000000e+00,0.000000000000000000e+00,-1.000000000000000000e+00
3.314961910247802734e+00,-6.451612710952758789e-01,4.829999923706054688e+01,0.000000000000000000e+00,0.000000000000000000e+00,-1.000000000000000000e+00
3.339277029037475586e+00,-9.677419066429138184e-01,4.829999923706054688e+01,0.000000000000000000e+00,0.000000000000000000e+00,-1.000000000000000000e+00
3.363592147827148438e+00,-1.290322542190551758e+00,4.829999923706054688e+01,0.000000000000000000e+00,0.000000000000000000e+00,-1.000000000000000000e+00
3.387907266616821289e+00,-1.612903237342834473e+00,4.829999923706054688e+01,0.000000000000000000e+00,0.000000000000000000e+00,-1.000000000000000000e+00
3.412222385406494141e+00,-1.935483813285827637e+00,4.829999923706054688e+01,0.000000000000000000e+00,0.000000000000000000e+00,-1.000000000000000000e+00
3.436537504196166992e+00,-2.258064508438110352e+00,4.829999923706054688e+01,0.000000000000000000e+00,0.000000000000000000e+00,-1.000000000000000000e+00
3.460852622985839844e+00,-2.580645084381103516e+00,4.829999923706054688e+01,0.000000000000000000e+00,0.000000000000000000e+00,-1.000000000000000000e+00
3.485167741775512695e+00,-2.903225898742675781e+00,4.829999923706054688e+01,0.000000000000000000e+00,0.000000000000000000e+00,-1.000000000000000000e+00
3.509482860565185547e+00,-3.225806474685668945e+00,4.829999923706054688e+01,0.000000000000000000e+00,0.000000000000000000e+00,-1.000000000000000000e+00
3.533797979354858398e+00,-3.548387050628662109e+00,4.829999923706054688e+01,0.000000000000000000e+00,0.000000000000000000e+00,-1.000000000000000000e+00
3.558113098144531250e+00,-3.870967626571655273e+00,4.829999923706054688e+01,0.000000000000000000e+00,0.000000000000000000e+00,-1.000000000000000000e+00
3.582428216934204102e+00,-4.193548202514648438e+00,4.829999923706054688e+01,0.000000000000000000e+00,0.000000000000000000e+00,-1.000000000000000000e+00
3.606743335723876953e+00,-4.516129016876220703e+00,4.829999923706054688e+01,0.000000000000000000e+00,0.000000000000000000e+00,-1.000000000000000000e+00
3.631058454513549805e+00,-4.838709831237792969e+00,4.829999923706054688e+01,0.000000000000000000e+00,0.000000000000000000e+00,-1.000000000000000000e+00
3.655373573303222656e+00,-5.161290168762207031e+00,4.829999923706054688e+01,0.000000000000000000e+00,0.000000000000000000e+00,-1.000000000000000000e+00
3.679688692092895508e+00,-5.483870983123779297e+00,4.829999923706054688e+01,0.000000000000000000e+00,0.000000000000000000e+00,-1.000000000000000000e+00
3.704003810882568359e+00,-5.806451797485351562e+00,4.829999923706054688e+01,0.000000000000000000e+00,0.000000000000000000e+00,-1.000000000000000000e+00
3.728318929672241211e+00,-6.129032135009765625e+00,4.829999923706054688e+01,0.000000000000000000e+00,0.000000000000000000e+00,-1.000000000000000000e+00
3.752634048461914062e+00,-6.451612949371337891e+00,4.829999923706054688e+01,0.000000000000000000e+00,0.000000000000000000e+00,-1.000000000000000000e+00
3.776949167251586914e+00,-6.774193763732910156e+00,4.829999923706054688e+01,0.000000000000000000e+00,0.000000000000000000e+00,-1.000000000000000000e+00
3.801264286041259766e+00,-7.096774101257324219e+00,4.829999923706054688e+01,0.000000000000000000e+00,0.000000000000000000e+00,-1.000000000000000000e+00
3.825579404830932617e+00,-7.419354915618896484e+00,4.829999923706054688e+01,0.000000000000000000e+00,0.000000000000000000e+00,-1.000000000000000000e+00
3.849894523620605469e+00,-7.741935253143310547e+00,4.829999923706054688e+01,0.000000000000000000e+00,0.000000000000000000e+00,-1.000000000000000000e+00
3.874209642410278320e+00,-8.064516067504882812e+00,4.829999923706054688e+01,0.000000000000000000e+00,0.000000000000000000e+00,-1.000000000000000000e+00
3.898524999618530273e+00,-8.387096405029296875e+00,4.829999923706054688e+01,0.000000000000000000e+00,0.000000000000000000e+00,-1.000000000000000000e+00
3.922840118408203125e+00,-8.709677696228027344e+00,4.829999923706054688e+01,0.000000000000000000e+00,0.000000000000000000e+00,-1.000000000000000000e+00
3.947155237197875977e+00,-9.032258033752441406e+00,4.829999923706054688e+01,0.000000000000000000e+00,0.000000000000000000e+00,-1.000000000000000000e+00
3.971470355987548828e+00,-9.354838371276855469e+00,4.829999923706054688e+01,0.000000000000000000e+00,0.000000000000000000e+00,-1.000000000000000000e+00
3.995785474777221680e+00,-9.677419662475585938e+00,4.829999923706054688e+01,0.000000000000000000e+00,0.000000000000000000e+00,-1.000000000000000000e+00
4.020100593566894531e+00,-1.000000000000000000e+01,4.829999923706054688e+01,0.000000000000000000e+00,0.000000000000000000e+00,-1.000000000000000000e+00
4.020100593566894531e+00,-1.000000000000000000e+01,4.829999923706054688e+01,0.000000000000000000e+00,0.000000000000000000e+00,-1.000000000000000000e+00
4.044415473937988281e+00,-9.677419662475585938e+00,4.829999923706054688e+01,0.000000000000000000e+00,0.000000000000000000e+00,-1.000000000000000000e+00
4.068730831146240234e+00,-9.354838371276855469e+00,4.829999923706054688e+01,0.000000000000000000e+00,0.000000000000000000e+00,-1.000000000000000000e+00
4.093045711517333984e+00,-9.032258033752441406e+00,4.829999923706054688e+01,0.000000000000000000e+00,0.000000000000000000e+00,-1.000000000000000000e+00
4.117361068725585938e+00,-8.709677696228027344e+00,4.829999923706054688e+01,0.000000000000000000e+00,0.000000000000000000e+00,-1.000000000000000000e+00
4.141675949096679688e+00,-8.387096405029296875e+00,4.829999923706054688e+01,0.000000000000000000e+00,0.000000000000000000e+00,-1.000000000000000000e+00
4.165991306304931641e+00,-8.064516067504882812e+00,4.829999923706054688e+01,0.000000000000000000e+00,0.000000000000000000e+00,-1.000000000000000000e+00
4.190306186676025391e+00,-7.741935253143310547e+00,4.829999923706054688e+01,0.000000000000000000e+00,0.000000000000000000e+00,-1.000000000000000000e+00
4.214621543884277344e+00,-7.419354915618896484e+00,4.829999923706054688e+01,0.000000000000000000e+00,0.000000000000000000e+00,-1.000000000000000000e+00
4.238936424255371094e+00,-7.096774101257324219e+00,4.829999923706054688e+01,0.000000000000000000e+00,0.000000000000000000e+00,-1.000000000000000000e+00
4.263251781463623047e+00,-6.774193763732910156e+00,4.829999923706054688e+01,0.000000000000000000e+00,0.000000000000000000e+00,-1.000000000000000000e+00
4.287566661834716797e+00,-6.451612949371337891e+00,4.829999923706054688e+01,0.000000000000000000e+00,0.000000000000000000e+00,-1.000000000000000000e+00
4.311882019042968750e+00,-6.129032135009765625e+00,4.829999923706054688e+01,0.000000000000000000e+00,0.000000000000000000e+00,-1.000000000000000000e+00
4.336196899414062500e+00,-5.806451797485351562e+00,4.829999923706054688e+01,0.000000000000000000e+00,0.000000000000000000e+00,-1.000000000000000000e+00
4.360512256622314453e+00,-5.483870983123779297e+00,4.829999923706054688e+01,0.000000000000000000e+00,0.000000000000000000e+00,-1.000000000000000000e+00
4.384827136993408203e+00,-5.161290168762207031e+00,4.829999923706054688e+01,0.000000000000000000e+00,0.000000000000000000e+00,-1.000000000000000000e+00
4.409142494201660156e+00,-4.838709831237792969e+00,4.829999923706054688e+01,0.000000000000000000e+00,0.000000000000000000e+00,-1.000000000000000000e+00
4.433457374572753906e+00,-4.516129016876220703e+00,4.829999923706054688e+01,0.000000000000000000e+00,0.000000000000000000e+00,-1.000000000000000000e+00
4.457772731781005859e+00,-4.193548202514648438e+00,4.829999923706054688e+01,0.000000000000000000e+00,0.000000000000000000e+00,-1.000000000000000000e+00
4.482088088989257812e+00,-3.870967626571655273e+00,4.829999923706054688e+01,0.000000000000000000e+00,0.000000000000000000e+00,-1.000000000000000000e+00
4.506402969360351562e+00,-3.548387050628662109e+00,4.829999923706054688e+01,0.000000000000000000e+00,0.000000000000000000e+00,-1.000000000000000000e+00
4.530718326568603516e+00,-3.225806474685668945e+00,4.829999923706054688e+01,0.000000000000000000e+00,0.000000000000000000e+00,-1.000000000000000000e+00
4.555033206939697266e+00,-2.903225898742675781e+00,4.829999923706054688e+01,0.000000000000000000e+00,0.000000000000000000e+00,-1.000000000000000000e+00
4.579348564147949219e+00,-2.580645084381103516e+00,4.829999923706054688e+01,0.000000000000000000e+00,0.000000000000000000e+00,-1.000000000000000000e+00
4.603663444519042969e+00,-2.258064508438110352e+00,4.829999923706054688e+01,0.000000000000000000e+00,0.000000000000000000e+00,-1.000000000000000000e+00
4.627978801727294922e+00,-1.935483813285827637e+00,4.829999923706054688e+01,0.000000000000000000e+00,0.000000000000000000e+00,-1.000000000000000000e+00
4.652293682098388672e+00,-1.612903237342834473e+00,4.829999923706054688e+01,0.000000000000000000e+00,0.000000000000000000e+00,-1.000000000000000000e+00
4.676609039306640625e+00,-1.290322542190551758e+00,4.829999923706054688e+01,0.000000000000000000e+00,0.000000000000000000e+00,-1.000000000000000000e+00
4.700923919677734375e+00,-9.677419066429138184e-01,4.829999923706054688e+01,0.000000000000000000e+00,0.000000000000000000e+00,-1.000000000000000000e+00
4.725239276885986328e+00,-6.451612710952758789e-01,4.829999923706054688e+01,0.000000000000000000e+00,0.000000000000000000e+00,-1.000000000000000000e+00
4.749554157257080078e+00,-3.225806355476379395e-01,4.829999923706054688e+01,0.000000000000000000e+00,0.000000000000000000e+00,-1.000000000000000000e+00
4.271356582641601562e+00,0.000000000000000000e+00,4.829999923706054688e+01,0.000000000000000000e+00,0.000000000000000000e+00,-1.000000000000000000e+00
4.295671939849853516e+00,3.225806355476379395e-01,4.829999923706054688e+01,0.000000000000000000e+00,0.000000000000000000e+00,-1.000000000000000000e+00
4.319986820220947266e+00,6.451612710952758789e-01,4.829999923706054688e+01,0.000000000000000000e+00,0.000000000000000000e+00,-1.000000000000000000e+00
4.344302177429199219e+00,9.677419066429138184e-01,4.829999923706054688e+01,0.000000000000000000e+00,0.000000000000000000e+00,-1.000000000000000000e+00
4.368617057800292969e+00,1.290322542190551758e+00,4.829999923706054688e+01,0.000000000000000000e+00,0.000000000000000000e+00,-1.000000000000000000e+00
4.392932415008544922e+00,1.612903237342834473e+00,4.829999923706054688e+01,0.000000000000000000e+00,0.000000000000000000e+00,-1.000000000000000000e+00
4.417247295379638672e+00,1.935483813285827637e+00,4.829999923706054688e+01,0.000000000000000000e+00,0.000000000000000000e+00,-1.000000000000000000e+00
4.441562652587890625e+00,2.258064508438110352e+00,4.829999923706054688e+01,0.000000000000000000e+00,0.000000000000000000e+00,-1.000000000000000000e+00
4.465878009796142578e+00,2.580645084381103516e+00,4.829999923706054688e+01,0.000000000000000000e+00,0.000000000000000000e+00,-1.000000000000000000e+00
4.490192890167236328e+00,2.903225898742675781e+00,4.829999923706054688e+01,0.000000000000000000e+00,0.000000000000000000e+00,-1.000000000000000000e+00
4.514508247375488281e+00,3.225806474685668945e+00,4.829999923706054688e+01,0.000000000000000000e+00,0.000000000000000000e+00,-1.000000000000000000e+00
4.538823127746582031e+00,3.548387050628662109e+00,4.829999923706054688e+01,0.000000000000000000e+00,0.000000000000000000e+00,-1.000000000000000000e+00
4.563138484954833984e+00,3.870967626571655273e+00,4.829999923706054688e+01,0.000000000000000000e+00,0.000000000000000000e+00,-1.000000000000000000e+00
4.587453365325927734e+00,4.193548202514648438e+00,4.829999923706054688e+01,0.000000000000000000e+00,0.000000000000000000e+00,-1.000000000000000000e+00
4.611768722534179688e+00,4.516129016876220703e+00,4.829999923706054688e+01,0.000000000000000000e+00,0.000000000000000000e+00,-1.000000000000000000e+00
4.636083602905273438e+00,4.838709831237792969e+00,4.829999923706054688e+01,0.000000000000000000e+00,0.000000000000000000e+00,-1.000000000000000000e+00
4.660398960113525391e+00,5.161290168762207031e+00,4.829999923706054688e+01,0.000000000000000000e+00,0.000000000000000000e+00,-1.000000000000000000e+00
4.684713840484619141e+00,5.483870983123779297e+00,4.829999923706054688e+01,0.000000000000000000e+00,0.000000000000000000e+00,-1.000000000000000000e+00
4.709029197692871094e+00,5.806451797485351562e+00,4.829999923706054688e+01,0.000000000000000000e+00,0.000000000000000000e+00,-1.000000000000000000e+00
4.733344078063964844e+00,6.129032135009765625e+00,4.829999923706054688e+01,0.000000000000000000e+00,0.000000000000000000e+00,-1.000000000000000000e+00
4.757659435272216797e+00,6.451612949371337891e+00,4.829999923706054688e+01,0.000000000000000000e+00,0.000000000000000000e+00,-1.000000000000000000e+00
4.781974315643310547e+00,6.774193763732910156e+00,4.829999923706054688e+01,0.000000000000000000e+00,0.000000000000000000e+00,-1.000000000000000000e+00
4.806289672851562500e+00,7.096774101257324219e+00,4.829999923706054688e+01,0.000000000000000000e+00,0.000000000000000000e+00,-1.000000000000000000e+00
4.830604553222656250e+00,7.419354915618896484e+00,4.829999923706054688e+01,0.000000000000000000e+00,0.000000000000000000e+00,-1.000000000000000000e+00
4.854919910430908203e+00,7.741935253143310547e+00,4.829999923706054688e+01,0.000000000000000000e+00,0.000000000000000000e+00,-1.000000000000000000e+00
4.879234790802001953e+00,8.064516067504882812e+00,4.829999923706054688e+01,0.000000000000000000e+00,0.000000000000000000e+00,-1.000000000000000000e+00
4.903550148010253906e+00,8.387096405029296875e+00,4.829999923706054688e+01,0.000000000000000000e+00,0.000000000000000000e+00,-1.000000000000000000e+00
4.927865028381347656e+00,8.709677696228027344e+00,4.829999923706054688e+01,0.000000000000000000e+00,0.000000000000000000e+00,-1.000000000000000000e+00
4.952180385589599609e+00,9.032258033752441406e+00,4.829999923706054688e+01,0.000000000000000000e+00,0.000000000000000000e+00,-1.000000000000000000e+00
4.976495265960693359e+00,9.354838371276855469e+00,4.829999923706054688e+01,0.000000000000000000e+00,0.000000000000000000e+00,-1.000000000000000000e+00
5.000810623168945312e+00,9.677419662475585938e+00,4.829999923706054688e+01,0.000000000000000000e+00,0.000000000000000000e+00,-1.000000000000000000e+00
5.025125503540039062e+00,1.000000000000000000e+01,4.829999923706054688e+01,0.000000000000000000e+00,0.000000000000000000e+00,-1.000000000000000000e+00
5.025125503540039062e+00,1.000000000000000000e+01,4.829999923706054688e+01,0.000000000000000000e+00,0.000000000000000000e+00,-1.000000000000000000e+00
5.049440860748291016e+00,9.677419662475585938e+00,4.829999923706054688e+01,0.000000000000000000e+00,0.000000000000000000e+00,-1.000000000000000000e+00
5.073755741119384766e+00,9.354838371276855469e+00,4.829999923706054688e+01,0.000000000000000000e+00,0.000000000000000000e+00,-1.000000000000000000e+00
5.098071098327636719e+00,9.032258033752441406e+00,4.829999923706054688e+01,0.000000000000000000e+00,0.000000000000000000e+00,-1.000000000000000000e+00
5.122385978698730469e+00,8.709677696228027344e+00,4.829999923706054688e+01,0.000000000000000000e+00,0.000000000000000000e+00,-1.000000000000000000e+00
5.146701335906982422e+00,8.387096405029296875e+00,4.829999923706054688e+01,0.000000000000000000e+00,0.000000000000000000e+00,-1.000000000000000000e+00
5.171016216278076172e+00,8.064516067504882812e+00,4.829999923706054688e+01,0.000000000000000000e+00,0.000000000000000000e+00,-1.000000000000000000e+00
5.195331573486328125e+00,7.741935253143310547e+00,4.829999923706054688e+01,0.000000000000000000e+00,0.000000000000000000e+00,-1.000000000000000000e+00
5.219646453857421875e+00,7.419354915618896484e+00,4.829999923706054688e+01,0.000000000000000000e+00,0.000000000000000000e+00,-1.000000000000000000e+00
5.243961811065673828e+00,7.096774101257324219e+00,4.829999923706054688e+01,0.000000000000000000e+00,0.000000000000000000e+00,-1.000000000000000000e+00
5.268276691436767578e+00,6.774193763732910156e+00,4.829999923706054688e+01,0.000000000000000000e+00,0.000000000000000000e+00,-1.000000000000000000e+00
5.292592048645019531e+00,6.451612949371337891e+00,4.829999923706054688e+01,0.000000000000000000e+00,0.000000000000000000e+00,-1.000000000000000000e+00
5.316906929016113281e+00,6.129032135009765625e+00,4.829999923706054688e+01,0.000000000000000000e+00,0.000000000000000000e+00,-1.000000000000000000e+00
5.341222286224365234e+00,5.806451797485351562e+00,4.829999923706054688e+01,0.000000000000000000e+00,0.000000000000000000e+00,-1.000000000000000000e+00
5.365537166595458984e+00,5.483870983123779297e+00,4.829999923706054688e+01,0.000000000000000000e+00,0.000000000000000000e+00,-1.000000000000000000e+00
5.389852523803710938e+00,5.161290168762207031e+00,4.829999923706054688e+01,0.000000000000000000e+00,0.000000000000000000e+00,-1.000000000000000000e+00
5.414167404174804688e+00,4.838709831237792969e+00,4.829999923706054688e+01,0.000000000000000000e+00,0.000000000000000000e+00,-1.000000000000000000e+00
5.438482761383056641e+00,4.516129016876220703e+00,4.829999923706054688e+01,0.000000000000000000e+00,0.000000000000000000e+00,-1.000000000000000000e+00
5.462797641754150391e+00,4.193548202514648438e+00,4.829999923706054688e+01,0.000000000000000000e+00,0.000000000000000000e+00,-1.000000000000000000e+00
5.487112998962402344e+00,3.870967626571655273e+00,4.829999923706054688e+01,0.000000000000000000e+00,0.000000000000000000e+00,-1.000000000000000000e+00
5.511427879333496094e+00,3.548387050628662109e+00,4.829999923706054688e+01,0.000000000000000000e+00,0.000000000000000000e+00,-1.000000000000000000e+00
5.535743236541748047e+00,3.225806474685668945e+00,4.829999923706054688e+01,0.000000000000000000e+00,0.000000000000000000e+00,-1.000000000000000000e+00
5.560058593750000000e+00,2.903225898742675781e+00,4.829999923706054688e+01,0.000000000000000000e+00,0.000000000000000000e+00,-1.000000000000000000e+00
5.584373474121093750e+00,2.580645084381103516e+00,4.829999923706054688e+01,0.000000000000000000e+00,0.000000000000000000e+00,-1.000000000000000000e+00
5.608688831329345703e+00,2.258064508438110352e+00,4.829999923706054688e+01,0.000000000000000000e+00,0.000000000000000000e+00,-1.000000000000000000e+00
5.633003711700439453e+00,1.935483813285827637e+00,4.829999923706054688e+01,0.000000000000000000e+00,0.000000000000000000e+00,-1.000000000000000000e+00
5.657319068908691406e+00,1.612903237342834473e+00,4.829999923706054688e+01,0.000000000000000000e+00,0.000000000000000000e+00,-1.000000000000000000e+00
5.681633949279785156e+00,1.290322542190551758e+00,4.829999923706054688e+01,0.000000000000000000e+00,0.000000000000000000e+00,-1.000000000000000000e+00
5.705949306488037109e+00,9.677419066429138184e-01,4.829999923706054688e+01,0.000000000000000000e+00,0.000000000000000000e+00,-1.000000000000000000e+00
5.730264186859130859e+00,6.451612710952758789e-01,4.829999923706054688e+01,0.000000000000000000e+00,0.000000000000000000e+00,-1.000000000000000000e+00
5.754579544067382812e+00,3.225806355476379395e-01,4.829999923706054688e+01,0.000000000000000000e+00,0.000000000000000000e+00,-1.000000000000000000e+00
5.276381969451904297e+00,0.000000000000000000e+00,4.829999923706054688e+01,0.000000000000000000e+00,0.000000000000000000e+00,-1.000000000000000000e+00
5.300696849822998047e+00,-3.225806355476379395e-01,4.829999923706054688e+01,0.000000000000000000e+00,0.000000000000000000e+00,-1.000000000000000000e+00
5.325012207031250000e+00,-6.451612710952758789e-01,4.829999923706054688e+01,0.000000000000000000e+00,0.000000000000000000e+00,-1.000000000000000000e+00
5.349327087402343750e+00,-9.677419066429138184e-01,4.829999923706054688e+01,0.000000000000000000e+00,0.000000000000000000e+00,-1.000000000000000000e+00
5.373642444610595703e+00,-1.290322542190551758e+00,4.829999923706054688e+01,0.000000000000000000e+00,0.000000000000000000e+00,-1.000000000000000000e+00
5.397957324981689453e+00,-1.612903237342834473e+00,4.829999923706054688e+01,0.000000000000000000e+00,0.000000000000000000e+00,-1.000000000000000000e+00
5.422272682189941406e+00,-1.935483813285827637e+00,4.829999923706054688e+01,0.000000000000000000e+00,0.000000000000000000e+00,-1.000000000000000000e+00
5.446587562561035156e+00,-2.258064508438110352e+00,4.829999923706054688e+01,0.000000000000000000e+00,0.000000000000000000e+00,-1.000000000000000000e+00
5.470902919769287109e+00,-2.580645084381103516e+00,4.829999923706054688e+01,0.000000000000000000e+00,0.000000000000000000e+00,-1.000000000000000000e+00
5.495217800140380859e+00,-2.903225898742675781e+00,4.829999923706054688e+01,0.000000000000000000e+00,0.000000000000000000e+00,-1.000000000000000000e+00
5.519533157348632812e+00,-3.225806474685668945e+00,4.829999923706054688e+01,0.000000000000000000e+00,0.000000000000000000e+00,-1.000000000000000000e+00
5.543848037719726562e+00,-3.548387050628662109e+00,4.829999923706054688e+01,0.000000000000000000e+00,0.000000000000000000e+00,-1.000000000000000000e+00
5.568163394927978516e+00,-3.870967626571655273e+00,4.829999923706054688e+01,0.000000000000000000e+00,0.000000000000000000e+00,-1.000000000000000000e+00
5.592478752136230469e+00,-4.193548202514648438e+00,4.829999923706054688e+01,0.000000000000000000e+00,0.000000000000000000e+00,-1.000000000000000000e+00
5.616793632507324219e+00,-4.516129016876220703e+00,4.829999923706054688e+01,0.000000000000000000e+00,0.000000000000000000e+00,-1.000000000000000000e+00
5.641108989715576172e+00,-4.838709831237792969e+00,4.829999923706054688e+01,0.000000000000000000e+00,0.000000000000000000e+00,-1.000000000000000000e+00
5.665423870086669922e+00,-5.161290168762207031e+00,4.829999923706054688e+01,0.000000000000000000e+00,0.000000000000000000e+00,-1.000000000000000000e+00
5.689739227294921875e+00,-5.483870983123779297e+00,4.829999923706054688e+01,0.000000000000000000e+00,0.000000000000000000e+00,-1.000000000000000000e+00
5.714054107666015625e+00,-5.806451797485351562e+00,4.829999923706054688e+01,0.000000000000000000e+00,0.000000000000000000e+00,-1.000000000000000000e+00
5.738369464874267578e+00,-6.129032135009765625e+00,4.829999923706054688e+01,0.000000000000000000e+00,0.000000000000000000e+00,-1.000000000000000000e+00
5.762684345245361328e+00,-6.451612949371337891e+00,4.829999923706054688e+01,0.000000000000000000e+00,0.000000000000000000e+00,-1.000000000000000000e+00
5.786999702453613281e+00,-6.774193763732910156e+00,4.829999923706054688e+01,0.000000000000000000e+00,0.000000000000000000e+00,-1.000000000000000000e+00
5.811314582824707031e+00,-7.096774101257324219e+00,4.829999923706054688e+01,0.000000000000000000e+00,0.000000000000000000e+00,-1.000000000000000000e+00
5.835629940032958984e+00,-7.419354915618896484e+00,4.829999923706054688e+01,0.000000000000000000e+00,0.000000000000000000e+00,-1.000000000000000000e+00
5.859944820404052734e+00,-7.741935253143310547e+00,4.829999923706054688e+01,0.000000000000000000e+00,0.000000000000000000e+00,-1.000000000000000000e+00
5.884260177612304688e+00,-8.064516067504882812e+00,4.829999923706054688e+01,0.000000000000000000e+00,0.000000000000000000e+00,-1.000000000000000000e+00
5.908575057983398438e+00,-8.387096405029296875e+00,4.829999923706054688e+01,0.000000000000000000e+00,0.000000000000000000e+00,-1.000000000000000000e+00
5.932890415191650391e+00,-8.709677696228027344e+00,4.829999923706054688e+01,0.000000000000000000e+00,0.000000000000000000e+00,-1.000000000000000000e+00
5.957205295562744141e+00,-9.032258033752441406e+00,4.829999923706054688e+01,0.000000000000000000e+00,0.000000000000000000e+00,-1.000000000000000000e+00
5.981520652770996094e+00,-9.354838371276855469e+00,4.829999923706054688e+01,0.000000000000000000e+00,0.000000000000000000e+00,-1.000000000000000000e+00
6.005835533142089844e+00,-9.677419662475585938e+00,4.829999923706054688e+01,0.000000000000000000e+00,0.000000000000000000e+00,-1.000000000000000000e+00
6.030150890350341797e+00,-1.000000000000000000e+01,4.829999923706054688e+01,0.000000000000000000e+00,0.000000000000000000e+00,-1.000000000000000000e+00
6.030150890350341797e+00,-1.000000000000000000e+01,4.829999923706054688e+01,0.000000000000000000e+00,0.000000000000000000e+00,-1.000000000000000000e+00
6.054465770721435547e+00,-9.677419662475585938e+00,4.829999923706054688e+01,0.000000000000000000e+00,0.000000000000000000e+00,-1.000000000000000000e+00
6.078781127929687500e+00,-9.354838371276855469e+00,4.829999923706054688e+01,0.000000000000000000e+00,0.000000000000000000e+00,-1.000000000000000000e+00
6.103096008300781250e+00,-9.032258033752441406e+00,4.829999923706054688e+01,0.000000000000000000e+00,0.000000000000000000e+00,-1.000000000000000000e+00
6.127411365509033203e+00,-8.709677696228027344e+00,4.829999923706054688e+01,0.000000000000000000e+00,0.000000000000000000e+00,-1.000000000000000000e+00
6.151726245880126953e+00,-8.387096405029296875e+00,4.829999923706054688e+01,0.000000000000000000e+00,0.000000000000000000e+00,-1.000000000000000000e+00
6.176041603088378906e+00,-8.064516067504882812e+00,4.829999923706054688e+01,0.000000000000000000e+00,0.000000000000000000e+00,-1.000000000000000000e+00
6.200356483459472656e+00,-7.741935253143310547e+00,4.829999923706054688e+01,0.000000000000000000e+00,0.000000000000000000e+00,-1.000000000000000000e+00
6.224671840667724609e+00,-7.419354915618896484e+00,4.829999923706054688e+01,0.000000000000000000e+00,0.000000000000000000e+00,-1.000000000000000000e+00
6.248986721038818359e+00,-7.096774101257324219e+00,4.829999923706054688e+01,0.000000000000000000e+00,0.000000000000000000e+00,-1.000000000000000000e+00
6.273302078247070312e+00,-6.774193763732910156e+00,4.829999923706054688e+01,0.000000000000000000e+00,0.000000000000000000e+00,-1.000000000000000000e+00
6.297616958618164062e+00,-6.451612949371337891e+00,4.829999923706054688e+01,0.000000000000000000e+00,0.000000000000000000e+00,-1.000000000000000000e+00
6.321932315826416016e+00,-6.129032135009765625e+00,4.829999923706054688e+01,0.000000000000000000e+00,0.000000000000000000e+00,-1.000000000000000000e+00
6.346247196197509766e+00,-5.806451797485351562e+00,4.829999923706054688e+01,0.000000000000000000e+00,0.000000000000000000e+00,-1.000000000000000000e+00
6.370562553405761719e+00,-5.483870983123779297e+00,4.829999923706054688e+01,0.000000000000000000e+00,0.000000000000000000e+00,-1.000000000000000000e+00
6.394877433776855469e+00,-5.161290168762207031e+00,4.829999923706054688e+01,0.000000000000000000e+00,0.000000000000000000e+00,-1.000000000000000000e+00
6.419192790985107422e+00,-4.838709831237792969e+00,4.829999923706054688e+01,0.000000000000000000e+00,0.000000000000000000e+00,-1.000000000000000000e+00
6.443507671356201172e+00,-4.516129016876220703e+00,4.829999923706054688e+01,0.000000000000000000e+00,0.000000000000000000e+00,-1.000000000000000000e+00
6.467823028564453125e+00,-4.193548202514648438e+00,4.829999923706054688e+01,0.000000000000000000e+00,0.000000000000000000e+00,-1.000000000000000000e+00
6.492137908935546875e+00,-3.870967626571655273e+00,4.829999923706054688e+01,0.000000000000000000e+00,0.000000000000000000e+00,-1.000000000000000000e+00
6.516453266143798828e+00,-3.548387050628662109e+00,4.829999923706054688e+01,0.000000000000000000e+00,0.000000000000000000e+00,-1.000000000000000000e+00
6.540768146514892578e+00,-3.225806474685668945e+00,4.829999923706054688e+01,0.000000000000000000e+00,0.000000000000000000e+00,-1.000000000000000000e+00
6.565083503723144531e+00,-2.903225898742675781e+00,4.829999923706054688e+01,0.000000000000000000e+00,0.000000000000000000e+00,-1.000000000000000000e+00
6.589398384094238281e+00,-2.580645084381103516e+00,4.829999923706054688e+01,0.000000000000000000e+00,0.000000000000000000e+00,-1.000000000000000000e+00
6.613713741302490234e+00,-2.258064508438110352e+00,4.829999923706054688e+01,0.000000000000000000e+00,0.000000000000000000e+00,-1.000000000000000000e+00
6.638028621673583984e+00,-1.935483813285827637e+00,4.829999923706054688e+01,0.000000000000000000e+00,0.000000000000000000e+00,-1.000000000000000000e+00
6.662343978881835938e+00,-1.612903237342834473e+00,4.829999923706054688e+01,0.000000000000000000e+00,0.000000000000000000e+00,-1.000000000000000000e+00
6.686659336090087891e+00,-1.290322542190551758e+00,4.829999923706054688e+01,0.000000000000000000e+00,0.000000000000000000e+00,-1.000000000000000000e+00
6.710974216461181641e+00,-9.677419066429138184e-01,4.829999923706054688e+01,0.000000000000000000e+00,0.000000000000000000e+00,-1.000000000000000000e+00
6.735289573669433594e+00,-6.451612710952758789e-01,4.829999923706054688e+01,0.000000000000000000e+00,0.000000000000000000e+00,-1.000000000000000000e+00
6.759604454040527344e+00,-3.225806355476379395e-01,4.829999923706054688e+01,0.000000000000000000e+00,0.000000000000000000e+00,-1.000000000000000000e+00
6.281406879425048828e+00,0.000000000000000000e+00,4.829999923706054688e+01,0.000000000000000000e+00,0.000000000000000000e+00,-1.000000000000000000e+00
6.305722236633300781e+00,3.225806355476379395e-01,4.829999923706054688e+01,0.000000000000000000e+00,0.000000000000000000e+00,-1.000000000000000000e+00
6.330037117004394531e+00,6.451612710952758789e-01,4.829999923706054688e+01,0.000000000000000000e+00,0.000000000000000000e+00,-1.000000000000000000e+00
6.354352474212646484e+00,9.677419066429138184e-01,4.829999923706054688e+01,0.000000000000000000e+00,0.000000000000000000e+00,-1.000000000000000000e+00
6.378667354583740234e+00,1.290322542190551758e+00,4.829999923706054688e+01,0.000000000000000000e+00,0.000000000000000000e+00,-1.000000000000000000e+00
6.402982711791992188e+00,1.612903237342834473e+00,4.829999923706054688e+01,0.000000000000000000e+00,0.000000000000000000e+00,-1.000000000000000000e+00
6.427297592163085938e+00,1.935483813285827637e+00,4.829999923706054688e+01,0.000000000000000000e+00,0.000000000000000000e+00,-1.000000000000000000e+00
6.451612949371337891e+00,2.258064508438110352e+00,4.829999923706054688e+01,0.000000000000000000e+00,0.000000000000000000e+00,-1.000000000000000000e+00
6.475927829742431641e+00,2.580645084381103516e+00,4.829999923706054688e+01,0.000000000000000000e+00,0.000000000000000000e+00,-1.000000000000000000e+00
6.500243186950683594e+00,2.903225898742675781e+00,4.829999923706054688e+01,0.000000000000000000e+00,0.000000000000000000e+00,-1.000000000000000000e+00
6.524558067321777344e+00,3.225806474685668945e+00,4.829999923706054688e+01,0.000000000000000000e+00,0.000000000000000000e+00,-1.000000000000000000e+00
6.548873424530029297e+00,3.548387050628662109e+00,4.829999923706054688e+01,0.000000000000000000e+00,0.000000000000000000e+00,-1.000000000000000000e+00
6.573188304901123047e+00,3.870967626571655273e+00,4.829999923706054688e+01,0.000000000000000000e+00,0.000000000000000000e+00,-1.000000000000000000e+00
6.597503662109375000e+00,4.193548202514648438e+00,4.829999923706054688e+01,0.000000000000000000e+00,0.000000000000000000e+00,-1.000000000000000000e+00
6.621818542480468750e+00,4.516129016876220703e+00,4.829999923706054688e+01,0.000000000000000000e+00,0.000000000000000000e+00,-1.000000000000000000e+00
6.646133899688720703e+00,4.838709831237792969e+00,4.829999923706054688e+01,0.000000000000000000e+00,0.000000000000000000e+00,-1.000000000000000000e+00
6.670449256896972656e+00,5.161290168762207031e+00,4.829999923706054688e+01,0.000000000000000000e+00,0.000000000000000000e+00,-1.000000000000000000e+00
6.694764137268066406e+00,5.483870983123779297e+00,4.829999923706054688e+01,0.000000000000000000e+00,0.000000000000000000e+00,-1.000000000000000000e+00
6.719079494476318359e+00,5.806451797485351562e+00,4.829999923706054688e+01,0.000000000000000000e+00,0.000000000000000000e+00,-1.000000000000000000e+00
6.743394374847412109e+00,6.129032135009765625e+00,4.829999923706054688e+01,0.000000000000000000e+00,0.000000000000000000e+00,-1.000000000000000000e+00
6.767709732055664062e+00,6.451612949371337891e+00,4.829999923706054688e+01,0.000000000000000000e+00,0.000000000000000000e+00,-1.000000000000000000e+00
6.792024612426757812e+00,6.774193763732910156e+00,4.829999923706054688e+01,0.000000000000000000e+00,0.000000000000000000e+00,-1.000000000000000000e+00
6.816339969635009766e+00,7.096774101257324219e+00,4.829999923706054688e+01,0.000000000000000000e+00,0.000000000000000000e+00,-1.000000000000000000e+00
6.840654850006103516e+00,7.419354915618896484e+00,4.829999923706054688e+01,0.000000000000000000e+00,0.000000000000000000e+00,-1.000000000000000000e+00
6.864970207214355469e+00,7.741935253143310547e+00,4.829999923706054688e+01,0.000000000000000000e+00,0.000000000000000000e+00,-1.000000000000000000e+00
6.889285087585449219e+00,8.064516067504882812e+00,4.829999923706054688e+01,0.000000000000000000e+00,0.000000000000000000e+00,-1.000000000000000000e+00
6.913600444793701172e+00,8.387096405029296875e+00,4.829999923706054688e+01,0.000000000000000000e+00,0.000000000000000000e+00,-1.000000000000000000e+00
6.937915325164794922e+00,8.709677696228027344e+00,4.829999923706054688e+01,0.000000000000000000e+00,0.000000000000000000e+00,-1.000000000000000000e+00
6.962230682373046875e+00,9.032258033752441406e+00,4.829999923706054688e+01,0.000000000000000000e+00,0.000000000000000000e+00,-1.000000000000000000e+00
6.986545562744140625e+00,9.354838371276855469e+00,4.829999923706054688e+01,0.000000000000000000e+00,0.000000000000000000e+00,-1.000000000000000000e+00
7.010860919952392578e+00,9.677419662475585938e+00,4.829999923706054688e+01,0.000000000000000000e+00,0.000000000000000000e+00,-1.000000000000000000e+00
7.035175800323486328e+00,1.000000000000000000e+01,4.829999923706054688e+01,0.000000000000000000e+00,0.000000000000000000e+00,-1.000000000000000000e+00
7.035175800323486328e+00,1.000000000000000000e+01,4.829999923706054688e+01,0.000000000000000000e+00,0.000000000000000000e+00,-1.000000000000000000e+00
7.059491157531738281e+00,9.677419662475585938e+00,4.829999923706054688e+01,0.000000000000000000e+00,0.000000000000000000e+00,-1.000000000000000000e+00
7.083806037902832031e+00,9.354838371276855469e+00,4.829999923706054688e+01,0.000000000000000000e+00,0.000000000000000000e+00,-1.000000000000000000e+00
7.108121395111083984e+00,9.032258033752441406e+00,4.829999923706054688e+01,0.000000000000000000e+00,0.000000000000000000e+00,-1.000000000000000000e+00
7.132436275482177734e+00,8.709677696228027344e+00,4.829999923706054688e+01,0.000000000000000000e+00,0.000000000000000000e+00,-1.000000000000000000e+00
7.156751632690429688e+00,8.387096405029296875e+00,4.829999923706054688e+01,0.000000000000000000e+00,0.000000000000000000e+00,-1.000000000000000000e+00
7.181066513061523438e+00,8.064516067504882812e+00,4.829999923706054688e+01,0.000000000000000000e+00,0.000000000000000000e+00,-1.000000000000000000e+00
7.205381870269775391e+00,7.741935253143310547e+00,4.829999923706054688e+01,0.000000000000000000e+00,0.000000000000000000e+00,-1.000000000000000000e+00
7.229696750640869141e+00,7.419354915618896484e+00,4.829999923706054688e+01,0.000000000000000000e+00,0.000000000000000000e+00,-1.000000000000000000e+00
7.254012107849121094e+00,7.096774101257324219e+00,4.829999923706054688e+01,0.000000000000000000e+00,0.000000000000000000e+00,-1.000000000000000000e+00
7.278326988220214844e+00,6.774193763732910156e+00,4.829999923706054688e+01,0.000000000000000000e+00,0.000000000000000000e+00,-1.000000000000000000e+00
7.302642345428466797e+00,6.451612949371337891e+00,4.829999923706054688e+01,0.000000000000000000e+00,0.000000000000000000e+00,-1.000000000000000000e+00
7.326957225799560547e+00,6.129032135009765625e+00,4.829999923706054688e+01,0.000000000000000000e+00,0.000000000000000000e+00,-1.000000000000000000e+00
7.351272583007812500e+00,5.806451797485351562e+00,4.829999923706054688e+01,0.000000000000000000e+00,0.000000000000000000e+00,-1.000000000000000000e+00
7.375587463378906250e+00,5.483870983123779297e+00,4.829999923706054688e+01,0.000000000000000000e+00,0.000000000000000000e+00,-1.000000000000000000e+00
7.399902820587158203e+00,5.161290168762207031e+00,4.829999923706054688e+01,0.000000000000000000e+00,0.000000000000000000e+00,-1.000000000000000000e+00
7.424217700958251953e+00,4.838709831237792969e+00,4.829999923706054688e+01,0.000000000000000000e+00,0.000000000000000000e+00,-1.000000000000000000e+00
7.448533058166503906e+00,4.516129016876220703e+00,4.829999923706054688e+01,0.000000000000000000e+00,0.000000000000000000e+00,-1.000000000000000000e+00
7.472847938537597656e+00,4.193548202514648438e+00,4.829999923706054688e+01,0.000000000000000000e+00,0.000000000000000000e+00,-1.000000000000000000e+00
7.497163295745849609e+00,3.870967626571655273e+00,4.829999923706054688e+01,0.000000000000000000e+00,0.000000000000000000e+00,-1.000000000000000000e+00
7.521478176116943359e+00,3.548387050628662109e+00,4.829999923706054688e+01,0.000000000000000000e+00,0.000000000000000000e+00,-1.000000000000000000e+00
7.545793533325195312e+00,3.225806474685668945e+00,4.829999923706054688e+01,0.000000000000000000e+00,0.000000000000000000e+00,-1.000000000000000000e+00
7.570108413696289062e+00,2.903225898742675781e+00,4.829999923706054688e+01,0.000000000000000000e+00,0.000000000000000000e+00,-1.000000000000000000e+00
7.594423770904541016e+00,2.580645084381103516e+00,4.829999923706054688e+01,0.000000000000000000e+00,0.000000000000000000e+00,-1.000000000000000000e+00
7.618738651275634766e+00,2.258064508438110352e+00,4.829999923706054688e+01,0.000000000000000000e+00,0.000000000000000000e+00,-1.000000000000000000e+00
7.643054008483886719e+00,1.935483813285827637e+00,4.829999923706054688e+01,0.000000000000000000e+00,0.000000000000000000e+00,-1.000000000000000000e+00
7.667368888854980469e+00,1.612903237342834473e+00,4.829999923706054688e+01,0.000000000000000000e+00,0.000000000000000000e+00,-1.000000000000000000e+00
7.691684246063232422e+00,1.290322542190551758e+00,4.829999923706054688e+01,0.000000000000000000e+00,0.000000000000000000e+00,-1.000000000000000000e+00
7.715999126434326172e+00,9.677419066429138184e-01,4.829999923706054688e+01,0.000000000000000000e+00,0.000000000000000000e+00,-1.000000000000000000e+00
7.740314483642578125e+00,6.451612710952758789e-01,4.829999923706054688e+01,0.000000000000000000e+00,0.000000000000000000e+00,-1.000000000000000000e+00
7.764629364013671875e+00,3.225806355476379395e-01,4.829999923706054688e+01,0.000000000000000000e+00,0.000000000000000000e+00,-1.000000000000000000e+00
7.286432266235351562e+00,0.000000000000000000e+00,4.829999923706054688e+01,0.000000000000000000e+00,0.000000000000000000e+00,-1.000000000000000000e+00
7.310747146606445312e+00,-3.225806355476379395e-01,4.829999923706054688e+01,0.000000000000000000e+00,0.000000000000000000e+00,-1.000000000000000000e+00
7.335062503814697266e+00,-6.451612710952758789e-01,4.829999923706054688e+01,0.000000000000000000e+00,0.000000000000000000e+00,-1.000000000000000000e+00
7.359377384185791016e+00,-9.677419066429138184e-01,4.829999923706054688e+01,0.000000000000000000e+00,0.000000000000000000e+00,-1.000000000000000000e+00
7.383692741394042969e+00,-1.290322542190551758e+00,4.829999923706054688e+01,0.000000000000000000e+00,0.000000000000000000e+00,-1.000000000000000000e+00
7.408007621765136719e+00,-1.612903237342834473e+00,4.829999923706054688e+01,0.000000000000000000e+00,0.000000000000000000e+00,-1.000000000000000000e+00
7.432322978973388672e+00,-1.935483813285827637e+00,4.829999923706054688e+01,0.000000000000000000e+00,0.000000000000000000e+00,-1.000000000000000000e+00
7.456637859344482422e+00,-2.258064508438110352e+00,4.829999923706054688e+01,0.000000000000000000e+00,0.000000000000000000e+00,-1.000000000000000000e+00
7.480953216552734375e+00,-2.580645084381103516e+00,4.829999923706054688e+01,0.000000000000000000e+00,0.000000000000000000e+00,-1.000000000000000000e+00
7.505268096923828125e+00,-2.903225898742675781e+00,4.829999923706054688e+01,0.000000000000000000e+00,0.000000000000000000e+00,-1.000000000000000000e+00
7.529583454132080078e+00,-3.225806474685668945e+00,4.829999923706054688e+01,0.000000000000000000e+00,0.000000000000000000e+00,-1.000000000000000000e+00
7.553898334503173828e+00,-3.548387050628662109e+00,4.829999923706054688e+01,0.000000000000000000e+00,0.000000000000000000e+00,-1.000000000000000000e+00
7.578213691711425781e+00,-3.870967626571655273e+00,4.829999923706054688e+01,0.000000000000000000e+00,0.000000000000000000e+00,-1.000000000000000000e+00
7.602528572082519531e+00,-4.193548202514648438e+00,4.829999923706054688e+01,0.000000000000000000e+00,0.000000000000000000e+00,-1.000000000000000000e+00
7.626843929290771484e+00,-4.516129016876220703e+00,4.829999923706054688e+01,0.000000000000000000e+00,0.000000000000000000e+00,-1.000000000000000000e+00
7.651158809661865234e+00,-4.838709831237792969e+00,4.829999923706054688e+01,0.000000000000000000e+00,0.000000000000000000e+00,-1.000000000000000000e+00
7.675474166870117188e+00,-5.161290168762207031e+00,4.829999923706054688e+01,0.000000000000000000e+00,0.000000000000000000e+00,-1.000000000000000000e+00
7.699789047241210938e+00,-5.483870983123779297e+00,4.829999923706054688e+01,0.000000000000000000e+00,0.000000000000000000e+00,-1.000000000000000000e+00
7.724104404449462891e+00,-5.806451797485351562e+00,4.829999923706054688e+01,0.000000000000000000e+00,0.000000000000000000e+00,-1.000000000000000000e+00
7.748419284820556641e+00,-6.129032135009765625e+00,4.829999923706054688e+01,0.000000000000000000e+00,0.000000000000000000e+00,-1.000000000000000000e+00
7.772734642028808594e+00,-6.451612949371337891e+00,4.829999923706054688e+01,0.000000000000000000e+00,0.000000000000000000e+00,-1.000000000000000000e+00
7.797049999237060547e+00,-6.774193763732910156e+00,4.829999923706054688e+01,0.000000000000000000e+00,0.000000000000000000e+00,-1.000000000000000000e+00
7.821364879608154297e+00,-7.096774101257324219e+00,4.829999923706054688e+01,0.000000000000000000e+00,0.000000000000000000e+00,-1.000000000000000000e+00
7.845680236816406250e+00,-7.419354915618896484e+00,4.829999923706054688e+01,0.000000000000000000e+00,0.000000000000000000e+00,-1.000000000000000000e+00
7.869995117187500000e+00,-7.741935253143310547e+00,4.829999923706054688e+01,0.000000000000000000e+00,0.000000000000000000e+00,-1.000000000000000000e+00
7.894310474395751953e+00,-8.064516067504882812e+00,4.829999923706054688e+01,0.000000000000000000e+00,0.000000000000000000e+00,-1.000000000000000000e+00
7.918625354766845703e+00,-8.387096405029296875e+00,4.829999923706054688e+01,0.000000000000000000e+00,0.000000000000000000e+00,-1.000000000000000000e+00
7.942940711975097656e+00,-8.709677696228027344e+00,4.829999923706054688e+01,0.000000000000000000e+00,0.000000000000000000e+00,-1.000000000000000000e+00
7.967255592346191406e+00,-9.032258033752441406e+00,4.829999923706054688e+01,0.000000000000000000e+00,0.000000000000000000e+00,-1.000000000000000000e+00
7.991570949554443359e+00,-9.354838371276855469e+00,4.829999923706054688e+01,0.000000000000000000e+00,0.000000000000000000e+00,-1.000000000000000000e+00
8.015886306762695312e+00,-9.677419662475585938e+00,4.829999923706054688e+01,0.000000000000000000e+00,0.000000000000000000e+00,-1.000000000000000000e+00
8.040201187133789062e+00,-1.000000000000000000e+01,4.829999923706054688e+01,0.000000000000000000e+00,0.000000000000000000e+00,-1.000000000000000000e+00
8.040201187133789062e+00,-1.000000000000000000e+01,4.829999923706054688e+01,0.000000000000000000e+00,0.000000000000000000e+00,-1.000000000000000000e+00
8.064516067504882812e+00,-9.677419662475585938e+00,4.829999923706054688e+01,0.000000000000000000e+00,0.000000000000000000e+00,-1.000000000000000000e+00
8.088830947875976562e+00,-9.354838371276855469e+00,4.829999923706054688e+01,0.000000000000000000e+00,0.000000000000000000e+00,-1.000000000000000000e+00
8.113146781921386719e+00,-9.032258033752441406e+00,4.829999923706054688e+01,0.000000000000000000e+00,0.000000000000000000e+00,-1.000000000000000000e+00
8.137461662292480469e+00,-8.709677696228027344e+00,4.829999923706054688e+01,0.000000000000000000e+00,0.000000000000000000e+00,-1.000000000000000000e+00
8.161776542663574219e+00,-8.387096405029296875e+00,4.829999923706054688e+01,0.000000000000000000e+00,0.000000000000000000e+00,-1.000000000000000000e+00
8.186091423034667969e+00,-8.064516067504882812e+00,4.829999923706054688e+01,0.000000000000000000e+00,0.000000000000000000e+00,-1.000000000000000000e+00
8.210407257080078125e+00,-7.741935253143310547e+00,4.829999923706054688e+01,0.000000000000000000e+00,0.000000000000000000e+00,-1.000000000000000000e+00
8.234722137451171875e+00,-7.419354915618896484e+00,4.829999923706054688e+01,0.000000000000000000e+00,0.000000000000000000e+00,-1.000000000000000000e+00
8.259037017822265625e+00,-7.096774101257324219e+00,4.829999923706054688e+01,0.000000000000000000e+00,0.000000000000000000e+00,-1.000000000000000000e+00
8.283351898193359375e+00,-6.774193763732910156e+00,4.829999923706054688e+01,0.000000000000000000e+00,0.000000000000000000e+00,-1.000000000000000000e+00
8.307667732238769531e+00,-6.451612949371337891e+00,4.829999923706054688e+01,0.000000000000000000e+00,0.000000000000000000e+00,-1.000000000000000000e+00
8.331982612609863281e+00,-6.129032135009765625e+00,4.829999923706054688e+01,0.000000000000000000e+00,0.000000000000000000e+00,-1.000000000000000000e+00
8.356297492980957031e+00,-5.806451797485351562e+00,4.829999923706054688e+01,0.000000000000000000e+00,0.000000000000000000e+00,-1.000000000000000000e+00
8.380612373352050781e+00,-5.483870983123779297e+00,4.829999923706054688e+01,0.000000000000000000e+00,0.000000000000000000e+00,-1.000000000000000000e+00
8.404928207397460938e+00,-5.161290168762207031e+00,4.829999923706054688e+01,0.000000000000000000e+00,0.000000000000000000e+00,-1.000000000000000000e+00
8.429243087768554688e+00,-4.838709831237792969e+00,4.829999923706054688e+01,0.000000000000000000e+00,0.000000000000000000e+00,-1.000000000000000000e+00
8.453557968139648438e+00,-4.516129016876220703e+00,4.829999923706054688e+01,0.000000000000000000e+00,0.000000000000000000e+00,-1.000000000000000000e+00
8.477872848510742188e+00,-4.193548202514648438e+00,4.829999923706054688e+01,0.000000000000000000e+00,0.000000000000000000e+00,-1.000000000000000000e+00
8.502188682556152344e+00,-3.870967626571655273e+00,4.829999923706054688e+01,0.000000000000000000e+00,0.000000000000000000e+00,-1.000000000000000000e+00
8.526503562927246094e+00,-3.548387050628662109e+00,4.829999923706054688e+01,0.000000000000000000e+00,0.000000000000000000e+00,-1.000000000000000000e+00
8.550818443298339844e+00,-3.225806474685668945e+00,4.829999923706054688e+01,0.000000000000000000e+00,0.000000000000000000e+00,-1.000000000000000000e+00
8.575133323669433594e+00,-2.903225898742675781e+00,4.829999923706054688e+01,0.000000000000000000e+00,0.000000000000000000e+00,-1.000000000000000000e+00
8.599449157714843750e+00,-2.580645084381103516e+00,4.829999923706054688e+01,0.000000000000000000e+00,0.000000000000000000e+00,-1.000000000000000000e+00
8.623764038085937500e+00,-2.258064508438110352e+00,4.829999923706054688e+01,0.000000000000000000e+00,0.000000000000000000e+00,-1.000000000000000000e+00
8.648078918457031250e+00,-1.935483813285827637e+00,4.829999923706054688e+01,0.000000000000000000e+00,0.000000000000000000e+00,-1.000000000000000000e+00
8.672393798828125000e+00,-1.612903237342834473e+00,4.829999923706054688e+01,0.000000000000000000e+00,0.000000000000000000e+00,-1.000000000000000000e+00
8.696709632873535156e+00,-1.290322542190551758e+00,4.829999923706054688e+01,0.000000000000000000e+00,0.000000000000000000e+00,-1.000000000000000000e+00
8.721024513244628906e+00,-9.677419066429138184e-01,4.829999923706054688e+01,0.000000000000000000e+00,0.000000000000000000e+00,-1.000000000000000000e+00
8.745339393615722656e+00,-6.451612710952758789e-01,4.829999923706054688e+01,0.000000000000000000e+00,0.000000000000000000e+00,-1.000000000000000000e+00
8.769654273986816406e+00,-3.225806355476379395e-01,4.829999923706054688e+01,0.000000000000000000e+00,0.000000000000000000e+00,-1.000000000000000000e+00
8.291457176208496094e+00,0.000000000000000000e+00,4.829999923706054688e+01,0.000000000000000000e+00,0.000000000000000000e+00,-1.000000000000000000e+00
8.315772056579589844e+00,3.225806355476379395e-01,4.829999923706054688e+01,0.000000000000000000e+00,0.000000000000000000e+00,-1.000000000000000000e+00
8.340087890625000000e+00,6.451612710952758789e-01,4.829999923706054688e+01,0.000000000000000000e+00,0.000000000000000000e+00,-1.000000000000000000e+00
8.364402770996093750e+00,9.677419066429138184e-01,4.829999923706054688e+01,0.000000000000000000e+00,0.000000000000000000e+00,-1.000000000000000000e+00
8.388717651367187500e+00,1.290322542190551758e+00,4.829999923706054688e+01,0.000000000000000000e+00,0.000000000000000000e+00,-1.000000000000000000e+00
8.413032531738281250e+00,1.612903237342834473e+00,4.829999923706054688e+01,0.000000000000000000e+00,0.000000000000000000e+00,-1.000000000000000000e+00
8.437348365783691406e+00,1.935483813285827637e+00,4.829999923706054688e+01,0.000000000000000000e+00,0.000000000000000000e+00,-1.000000000000000000e+00
8.461663246154785156e+00,2.258064508438110352e+00,4.829999923706054688e+01,0.000000000000000000e+00,0.000000000000000000e+00,-1.000000000000000000e+00
8.485978126525878906e+00,2.580645084381103516e+00,4.829999923706054688e+01,0.000000000000000000e+00,0.000000000000000000e+00,-1.000000000000000000e+00
8.510293006896972656e+00,2.903225898742675781e+00,4.829999923706054688e+01,0.000000000000000000e+00,0.000000000000000000e+00,-1.000000000000000000e+00
8.534608840942382812e+00,3.225806474685668945e+00,4.829999923706054688e+01,0.000000000000000000e+00,0.000000000000000000e+00,-1.000000000000000000e+00
8.558923721313476562e+00,3.548387050628662109e+00,4.829999923706054688e+01,0.000000000000000000e+00,0.000000000000000000e+00,-1.000000000000000000e+00
8.583238601684570312e+00,3.870967626571655273e+00,4.829999923706054688e+01,0.000000000000000000e+00,0.000000000000000000e+00,-1.000000000000000000e+00
8.607553482055664062e+00,4.193548202514648438e+00,4.829999923706054688e+01,0.000000000000000000e+00,0.000000000000000000e+00,-1.000000000000000000e+00
8.631869316101074219e+00,4.516129016876220703e+00,4.829999923706054688e+01,0.000000000000000000e+00,0.000000000000000000e+00,-1.000000000000000000e+00
8.656184196472167969e+00,4.838709831237792969e+00,4.829999923706054688e+01,0.000000000000000000e+00,0.000000000000000000e+00,-1.000000000000000000e+00
8.680499076843261719e+00,5.161290168762207031e+00,4.829999923706054688e+01,0.000000000000000000e+00,0.000000000000000000e+00,-1.000000000000000000e+00
8.704813957214355469e+00,5.483870983123779297e+00,4.829999923706054688e+01,0.000000000000000000e+00,0.000000000000000000e+00,-1.000000000000000000e+00
8.729129791259765625e+00,5.806451797485351562e+00,4.829999923706054688e+01,0.000000000000000000e+00,0.000000000000000000e+00,-1.000000000000000000e+00
8.753444671630859375e+00,6.129032135009765625e+00,4.829999923706054688e+01,0.000000000000000000e+00,0.000000000000000000e+00,-1.000000000000000000e+00
8.777759552001953125e+00,6.451612949371337891e+00,4.829999923706054688e+01,0.000000000000000000e+00,0.000000000000000000e+00,-1.000000000000000000e+00
8.802074432373046875e+00,6.774193763732910156e+00,4.829999923706054688e+01,0.000000000000000000e+00,0.000000000000000000e+00,-1.000000000000000000e+00
8.826390266418457031e+00,7.096774101257324219e+00,4.829999923706054688e+01,0.000000000000000000e+00,0.000000000000000000e+00,-1.000000000000000000e+00
8.850705146789550781e+00,7.419354915618896484e+00,4.829999923706054688e+01,0.000000000000000000e+00,0.000000000000000000e+00,-1.000000000000000000e+00
8.875020027160644531e+00,7.741935253143310547e+00,4.829999923706054688e+01,0.000000000000000000e+00,0.000000000000000000e+00,-1.000000000000000000e+00
8.899335861206054688e+00,8.064516067504882812e+00,4.829999923706054688e+01,0.000000000000000000e+00,0.000000000000000000e+00,-1.000000000000000000e+00
8.923650741577148438e+00,8.387096405029296875e+00,4.829999923706054688e+01,0.000000000000000000e+00,0.000000000000000000e+00,-1.000000000000000000e+00
8.947965621948242188e+00,8.709677696228027344e+00,4.829999923706054688e+01,0.000000000000000000e+00,0.000000000000000000e+00,-1.000000000000000000e+00
8.972280502319335938e+00,9.032258033752441406e+00,4.829999923706054688e+01,0.000000000000000000e+00,0.000000000000000000e+00,-1.000000000000000000e+00
8.996596336364746094e+00,9.354838371276855469e+00,4.829999923706054688e+01,0.000000000000000000e+00,0.000000000000000000e+00,-1.000000000000000000e+00
9.020911216735839844e+00,9.677419662475585938e+00,4.829999923706054688e+01,0.000000000000000000e+00,0.000000000000000000e+00,-1.000000000000000000e+00
9.045226097106933594e+00,1.000000000000000000e+01,4.829999923706054688e+01,0.000000000000000000e+00,0.000000000000000000e+00,-1.000000000000000000e+00
9.045226097106933594e+00,1.000000000000000000e+01,4.829999923706054688e+01,0.000000000000000000e+00,0.000000000000000000e+00,-1.000000000000000000e+00
9.069540977478027344e+00,9.677419662475585938e+00,4.829999923706054688e+01,0.000000000000000000e+00,0.000000000000000000e+00,-1.000000000000000000e+00
9.093856811523437500e+00,9.354838371276855469e+00,4.829999923706054688e+01,0.000000000000000000e+00,0.000000000000000000e+00,-1.000000000000000000e+00
9.118171691894531250e+00,9.032258033752441406e+00,4.829999923706054688e+01,0.000000000000000000e+00,0.000000000000000000e+00,-1.000000000000000000e+00
9.142486572265625000e+00,8.709677696228027344e+00,4.829999923706054688e+01,0.000000000000000000e+00,0.000000000000000000e+00,-1.000000000000000000e+00
9.166801452636718750e+00,8.387096405029296875e+00,4.829999923706054688e+01,0.000000000000000000e+00,0.000000000000000000e+00,-1.000000000000000000e+00
9.191117286682128906e+00,8.064516067504882812e+00,4.829999923706054688e+01,0.000000000000000000e+00,0.000000000000000000e+00,-1.000000000000000000e+00
9.215432167053222656e+00,7.741935253143310547e+00,4.829999923706054688e+01,0.000000000000000000e+00,0.000000000000000000e+00,-1.000000000000000000e+00
9.239747047424316406e+00,7.419354915618896484e+00,4.829999923706054688e+01,0.000000000000000000e+00,0.000000000000000000e+00,-1.000000000000000000e+00
9.264061927795410156e+00,7.096774101257324219e+00,4.829999923706054688e+01,0.000000000000000000e+00,0.000000000000000000e+00,-1.000000000000000000e+00
9.288377761840820312e+00,6.774193763732910156e+00,4.829999923706054688e+01,0.000000000000000000e+00,0.000000000000000000e+00,-1.000000000000000000e+00
9.312692642211914062e+00,6.451612949371337891e+00,4.829999923706054688e+01,0.000000000000000000e+00,0.000000000000000000e+00,-1.000000000000000000e+00
9.337007522583007812e+00,6.129032135009765625e+00,4.829999923706054688e+01,0.000000000000000000e+00,0.000000000000000000e+00,-1.000000000000000000e+00
9.361322402954101562e+00,5.806451797485351562e+00,4.829999923706054688e+01,0.000000000000000000e+00,0.000000000000000000e+00,-1.000000000000000000e+00
9.385638236999511719e+00,5.483870983123779297e+00,4.829999923706054688e+01,0.000000000000000000e+00,0.000000000000000000e+00,-1.000000000000000000e+00
9.409953117370605469e+00,5.161290168762207031e+00,4.829999923706054688e+01,0.000000000000000000e+00,0.000000000000000000e+00,-1.000000000000000000e+00
9.434267997741699219e+00,4.838709831237792969e+00,4.829999923706054688e+01,0.000000000000000000e+00,0.000000000000000000e+00,-1.000000000000000000e+00
9.458582878112792969e+00,4.516129016876220703e+00,4.829999923706054688e+01,0.000000000000000000e+00,0.000000000000000000e+00,-1.000000000000000000e+00
9.482898712158203125e+00,4.193548202514648438e+00,4.829999923706054688e+01,0.000000000000000000e+00,0.000000000000000000e+00,-1.000000000000000000e+00
9.507213592529296875e+00,3.870967626571655273e+00,4.829999923706054688e+01,0.000000000000000000e+00,0.000000000000000000e+00,-1.000000000000000000e+00
9.531528472900390625e+00,3.548387050628662109e+00,4.829999923706054688e+01,0.000000000000000000e+00,0.000000000000000000e+00,-1.000000000000000000e+00
9.555843353271484375e+00,3.225806474685668945e+00,4.829999923706054688e+01,0.000000000000000000e+00,0.000000000000000000e+00,-1.000000000000000000e+00
9.580159187316894531e+00,2.903225898742675781e+00,4.829999923706054688e+01,0.000000000000000000e+00,0.000000000000000000e+00,-1.000000000000000000e+00
9.604474067687988281e+00,2.580645084381103516e+00,4.829999923706054688e+01,0.000000000000000000e+00,0.000000000000000000e+00,-1.000000000000000000e+00
9.628788948059082031e+00,2.258064508438110352e+00,4.829999923706054688e+01,0.000000000000000000e+00,0.000000000000000000e+00,-1.000000000000000000e+00
9.653103828430175781e+00,1.935483813285827637e+00,4.829999923706054688e+01,0.000000000000000000e+00,0.000000000000000000e+00,-1.000000000000000000e+00
9.677419662475585938e+00,1.612903237342834473e+00,4.829999923706054688e+01,0.000000000000000000e+00,0.000000000000000000e+00,-1.000000000000000000e+00
9.701734542846679688e+00,1.290322542190551758e+00,4.829999923706054688e+01,0.000000000000000000e+00,0.000000000000000000e+00,-1.000000000000000000e+00
9.726049423217773438e+00,9.677419066429138184e-01,4.829999923706054688e+01,0.000000000000000000e+00,0.000000000000000000e+00,-1.000000000000000000e+00
9.750364303588867188e+00,6.451612710952758789e-01,4.829999923706054688e+01,0.000000000000000000e+00,0.000000000000000000e+00,-1.000000000000000000e+00
9.774680137634277344e+00,3.225806355476379395e-01,4.829999923706054688e+01,0.000000000000000000e+00,0.000000000000000000e+00,-1.000000000000000000e+00
9.296482086181640625e+00,0.000000000000000000e+00,4.829999923706054688e+01,0.000000000000000000e+00,0.000000000000000000e+00,-1.000000000000000000e+00
9.320797920227050781e+00,-3.225806355476379395e-01,4.829999923706054688e+01,0.000000000000000000e+00,0.000000000000000000e+00,-1.000000000000000000e+00
9.345112800598144531e+00,-6.451612710952758789e-01,4.829999923706054688e+01,0.000000000000000000e+00,0.000000000000000000e+00,-1.000000000000000000e+00
9.369427680969238281e+00,-9.677419066429138184e-01,4.829999923706054688e+01,0.000000000000000000e+00,0.000000000000000000e+00,-1.000000000000000000e+00
9.393742561340332031e+00,-1.290322542190551758e+00,4.829999923706054688e+01,0.000000000000000000e+00,0.000000000000000000e+00,-1.000000000000000000e+00
9.418058395385742188e+00,-1.612903237342834473e+00,4.829999923706054688e+01,0.000000000000000000e+00,0.000000000000000000e+00,-1.000000000000000000e+00
9.442373275756835938e+00,-1.935483813285827637e+00,4.829999923706054688e+01,0.000000000000000000e+00,0.000000000000000000e+00,-1.000000000000000000e+00
9.466688156127929688e+00,-2.258064508438110352e+00,4.829999923706054688e+01,0.000000000000000000e+00,0.000000000000000000e+00,-1.000000000000000000e+00
9.491003036499023438e+00,-2.580645084381103516e+00,4.829999923706054688e+01,0.000000000000000000e+00,0.000000000000000000e+00,-1.000000000000000000e+00
9.515318870544433594e+00,-2.903225898742675781e+00,4.829999923706054688e+01,0.000000000000000000e+00,0.000000000000000000e+00,-1.000000000000000000e+00
9.539633750915527344e+00,-3.225806474685668945e+00,4.829999923706054688e+01,0.000000000000000000e+00,0.000000000000000000e+00,-1.000000000000000000e+00
9.563948631286621094e+00,-3.548387050628662109e+00,4.829999923706054688e+01,0.000000000000000000e+00,0.000000000000000000e+00,-1.000000000000000000e+00
9.588263511657714844e+00,-3.870967626571655273e+00,4.829999923706054688e+01,0.000000000000000000e+00,0.000000000000000000e+00,-1.000000000000000000e+00
9.612579345703125000e+00,-4.193548202514648438e+00,4.829999923706054688e+01,0.000000000000000000e+00,0.000000000000000000e+00,-1.000000000000000000e+00
9.636894226074218750e+00,-4.516129016876220703e+00,4.829999923706054688e+01,0.000000000000000000e+00,0.000000000000000000e+00,-1.000000000000000000e+00
9.661209106445312500e+00,-4.838709831237792969e+00,4.829999923706054688e+01,0.000000000000000000e+00,0.000000000000000000e+00,-1.000000000000000000e+00
9.685523986816406250e+00,-5.161290168762207031e+00,4.829999923706054688e+01,0.000000000000000000e+00,0.000000000000000000e+00,-1.000000000000000000e+00
9.709839820861816406e+00,-5.483870983123779297e+00,4.829999923706054688e+01,0.000000000000000000e+00,0.000000000000000000e+00,-1.000000000000000000e+00
9.734154701232910156e+00,-5.806451797485351562e+00,4.829999923706054688e+01,0.000000000000000000e+00,0.000000000000000000e+00,-1.000000000000000000e+00
9.758469581604003906e+00,-6.129032135009765625e+00,4.829999923706054688e+01,0.000000000000000000e+00,0.000000000000000000e+00,-1.000000000000000000e+00
9.782784461975097656e+00,-6.451612949371337891e+00,4.829999923706054688e+01,0.000000000000000000e+00,0.000000000000000000e+00,-1.000000000000000000e+00
9.807100296020507812e+00,-6.774193763732910156e+00,4.829999923706054688e+01,0.000000000000000000e+00,0.000000000000000000e+00,-1.000000000000000000e+00
9.831415176391601562e+00,-7.096774101257324219e+00,4.829999923706054688e+01,0.000000000000000000e+00,0.000000000000000000e+00,-1.000000000000000000e+00
9.855730056762695312e+00,-7.419354915618896484e+00,4.829999923706054688e+01,0.000000000000000000e+00,0.000000000000000000e+00,-1.000000000000000000e+00
9.880044937133789062e+00,-7.741935253143310547e+00,4.829999923706054688e+01,0.000000000000000000e+00,0.000000000000000000e+00,-1.000000000000000000e+00
9.904360771179199219e+00,-8.064516067504882812e+00,4.829999923706054688e+01,0.000000000000000000e+00,0.000000000000000000e+00,-1.000000000000000000e+00
9.928675651550292969e+00,-8.387096405029296875e+00,4.829999923706054688e+01,0.000000000000000000e+00,0.000000000000000000e+00,-1.000000000000000000e+00
9.952990531921386719e+00,-8.709677696228027344e+00,4.829999923706054688e+01,0.000000000000000000e+00,0.000000000000000000e+00,-1.000000000000000000e+00
9.977305412292480469e+00,-9.032258033752441406e+00,4.829999923706054688e+01,0.000000000000000000e+00,0.000000000000000000e+00,-1.000000000000000000e+00
1.000162124633789062e+01,-9.354838371276855469e+00,4.829999923706054688e+01,0.000000000000000000e+00,0.000000000000000000e+00,-1.000000000000000000e+00
1.002593612670898438e+01,-9.677419662475585938e+00,4.829999923706054688e+01,0.000000000000000000e+00,0.000000000000000000e+00,-1.000000000000000000e+00
1.005025100708007812e+01,-1.000000000000000000e+01,4.829999923706054688e+01,0.000000000000000000e+00,0.000000000000000000e+00,-1.000000000000000000e+00
1.005025100708007812e+01,-1.000000000000000000e+01,4.829999923706054688e+01,0.000000000000000000e+00,0.000000000000000000e+00,-1.000000000000000000e+00
1.007456684112548828e+01,-9.677419662475585938e+00,4.829999923706054688e+01,0.000000000000000000e+00,0.000000000000000000e+00,-1.000000000000000000e+00
1.009888172149658203e+01,-9.354838371276855469e+00,4.829999923706054688e+01,0.000000000000000000e+00,0.000000000000000000e+00,-1.000000000000000000e+00
1.012319660186767578e+01,-9.032258033752441406e+00,4.829999923706054688e+01,0.000000000000000000e+00,0.000000000000000000e+00,-1.000000000000000000e+00
1.014751148223876953e+01,-8.709677696228027344e+00,4.829999923706054688e+01,0.000000000000000000e+00,0.000000000000000000e+00,-1.000000000000000000e+00
1.017182731628417969e+01,-8.387096405029296875e+00,4.829999923706054688e+01,0.000000000000000000e+00,0.000000000000000000e+00,-1.000000000000000000e+00
1.019614219665527344e+01,-8.064516067504882812e+00,4.829999923706054688e+01,0.000000000000000000e+00,0.000000000000000000e+00,-1.000000000000000000e+00
1.022045707702636719e+01,-7.741935253143310547e+00,4.829999923706054688e+01,0.000000000000000000e+00,0.000000000000000000e+00,-1.000000000000000000e+00
1.024477195739746094e+01,-7.419354915618896484e+00,4.829999923706054688e+01,0.000000000000000000e+00,0.000000000000000000e+00,-1.000000000000000000e+00
1.026908779144287109e+01,-7.096774101257324219e+00,4.829999923706054688e+01,0.000000000000000000e+00,0.000000000000000000e+00,-1.000000000000000000e+00
1.029340267181396484e+01,-6.774193763732910156e+00,4.829999923706054688e+01,0.000000000000000000e+00,0.000000000000000000e+00,-1.000000000000000000e+00
1.031771755218505859e+01,-6.451612949371337891e+00,4.829999923706054688e+01,0.000000000000000000e+00,0.000000000000000000e+00,-1.000000000000000000e+00
1.034203243255615234e+01,-6.129032135009765625e+00,4.829999923706054688e+01,0.000000000000000000e+00,0.000000000000000000e+00,-1.000000000000000000e+00
1.036634826660156250e+01,-5.806451797485351562e+00,4.829999923706054688e+01,0.000000000000000000e+00,0.000000000000000000e+00,-1.000000000000000000e+00
1.039066314697265625e+01,-5.483870983123779297e+00,4.829999923706054688e+01,0.000000000000000000e+00,0.000000000000000000e+00,-1.000000000000000000e+00
1.041497802734375000e+01,-5.161290168762207031e+00,4.829999923706054688e+01,0.000000000000000000e+00,0.000000000000000000e+00,-1.000000000000000000e+00
1.043929290771484375e+01,-4.838709831237792969e+00,4.829999923706054688e+01,0.000000000000000000e+00,0.000000000000000000e+00,-1.000000000000000000e+00
1.046360874176025391e+01,-4.516129016876220703e+00,4.829999923706054688e+01,0.000000000000000000e+00,0.000000000000000000e+00,-1.000000000000000000e+00
1.048792362213134766e+01,-4.193548202514648438e+00,4.829999923706054688e+01,0.000000000000000000e+00,0.000000000000000000e+00,-1.000000000000000000e+00
1.051223850250244141e+01,-3.870967626571655273e+00,4.829999923706054688e+01,0.000000000000000000e+00,0.000000000000000000e+00,-1.000000000000000000e+00
1.053655338287353516e+01,-3.548387050628662109e+00,4.829999923706054688e+01,0.000000000000000000e+00,0.000000000000000000e+00,-1.000000000000000000e+00
1.056086921691894531e+01,-3.225806474685668945e+00,4.829999923706054688e+01,0.000000000000000000e+00,0.000000000000000000e+00,-1.000000000000000000e+00
1.058518409729003906e+01,-2.903225898742675781e+00,4.829999923706054688e+01,0.000000000000000000e+00,0.000000000000000000e+00,-1.000000000000000000e+00
1.060949897766113281e+01,-2.580645084381103516e+00,4.829999923706054688e+01,0.000000000000000000e+00,0.000000000000000000e+00,-1.000000000000000000e+00
1.063381385803222656e+01,-2.258064508438110352e+00,4.829999923706054688e+01,0.000000000000000000e+00,0.000000000000000000e+00,-1.000000000000000000e+00
1.065812969207763672e+01,-1.935483813285827637e+00,4.829999923706054688e+01,0.000000000000000000e+00,0.000000000000000000e+00,-1.000000000000000000e+00
1.068244457244873047e+01,-1.612903237342834473e+00,4.829999923706054688e+01,0.000000000000000000e+00,0.000000000000000000e+00,-1.000000000000000000e+00
1.070675945281982422e+01,-1.290322542190551758e+00,4.829999923706054688e+01,0.000000000000000000e+00,0.000000000000000000e+00,-1.000000000000000000e+00
1.073107433319091797e+01,-9.677419066429138184e-01,4.829999923706054688e+01,0.000000000000000000e+00,0.000000000000000000e+00,-1.000000000000000000e+00
1.075539016723632812e+01,-6.451612710952758789e-01,4.829999923706054688e+01,0.000000000000000000e+00,0.000000000000000000e+00,-1.000000000000000000e+00
1.077970504760742188e+01,-3.225806355476379395e-01,4.829999923706054688e+01,0.000000000000000000e+00,0.000000000000000000e+00,-1.000000000000000000e+00
1.030150794982910156e+01,0.000000000000000000e+00,4.829999923706054688e+01,0.000000000000000000e+00,0.000000000000000000e+00,-1.000000000000000000e+00
1.032582283020019531e+01,3.225806355476379395e-01,4.829999923706054688e+01,0.000000000000000000e+00,0.000000000000000000e+00,-1.000000000000000000e+00
1.035013771057128906e+01,6.451612710952758789e-01,4.829999923706054688e+01,0.000000000000000000e+00,0.000000000000000000e+00,-1.000000000000000000e+00
1.037445259094238281e+01,9.677419066429138184e-01,4.829999923706054688e+01,0.000000000000000000e+00,0.000000000000000000e+00,-1.000000000000000000e+00
1.039876842498779297e+01,1.290322542190551758e+00,4.829999923706054688e+01,0.000000000000000000e+00,0.000000000000000000e+00,-1.000000000000000000e+00
1.042308330535888672e+01,1.612903237342834473e+00,4.829999923706054688e+01,0.000000000000000000e+00,0.000000000000000000e+00,-1.000000000000000000e+00
1.044739818572998047e+01,1.935483813285827637e+00,4.829999923706054688e+01,0.000000000000000000e+00,0.000000000000000000e+00,-1.000000000000000000e+00
1.047171306610107422e+01,2.258064508438110352e+00,4.829999923706054688e+01,0.000000000000000000e+00,0.000000000000000000e+00,-1.000000000000000000e+00
1.049602890014648438e+01,2.580645084381103516e+00,4.829999923706054688e+01,0.000000000000000000e+00,0.000000000000000000e+00,-1.000000000000000000e+00
1.052034378051757812e+01,2.903225898742675781e+00,4.829999923706054688e+01,0.000000000000000000e+00,0.000000000000000000e+00,-1.000000000000000000e+00
1.054465866088867188e+01,3.225806474685668945e+00,4.829999923706054688e+01,0.000000000000000000e+00,0.000000000000000000e+00,-1.000000000000000000e+00
1.056897354125976562e+01,3.548387050628662109e+00,4.829999923706054688e+01,0.000000000000000000e+00,0.000000000000000000e+00,-1.000000000000000000e+00
1.059328937530517578e+01,3.870967626571655273e+00,4.829999923706054688e+01,0.000000000000000000e+00,0.000000000000000000e+00,-1.000000000000000000e+00
1.061760425567626953e+01,4.193548202514648438e+00,4.829999923706054688e+01,0.000000000000000000e+00,0.000000000000000000e+00,-1.000000000000000000e+00
1.064191913604736328e+01,4.516129016876220703e+00,4.829999923706054688e+01,0.000000000000000000e+00,0.000000000000000000e+00,-1.000000000000000000e+00
1.066623401641845703e+01,4.838709831237792969e+00,4.829999923706054688e+01,0.000000000000000000e+00,0.000000000000000000e+00,-1.000000000000000000e+00
1.069054985046386719e+01,5.161290168762207031e+00,4.829999923706054688e+01,0.000000000000000000e+00,0.000000000000000000e+00,-1.000000000000000000e+00
1.071486473083496094e+01,5.483870983123779297e+00,4.829999923706054688e+01,0.000000000000000000e+00,0.000000000000000000e+00,-1.000000000000000000e+00
1.073917961120605469e+01,5.806451797485351562e+00,4.829999923706054688e+01,0.000000000000000000e+00,0.000000000000000000e+00,-1.000000000000000000e+00
1.076349449157714844e+01,6.129032135009765625e+00,4.829999923706054688e+01,0.000000000000000000e+00,0.000000000000000000e+00,-1.000000000000000000e+00
1.078781032562255859e+01,6.451612949371337891e+00,4.829999923706054688e+01,0.000000000000000000e+00,0.000000000000000000e+00,-1.000000000000000000e+00
1.081212520599365234e+01,6.774193763732910156e+00,4.829999923706054688e+01,0.000000000000000000e+00,0.000000000000000000e+00,-1.000000000000000000e+00
1.083644008636474609e+01,7.096774101257324219e+00,4.829999923706054688e+01,0.000000000000000000e+00,0.000000000000000000e+00,-1.000000000000000000e+00
1.086075496673583984e+01,7.419354915618896484e+00,4.829999923706054688e+01,0.000000000000000000e+00,0.000000000000000000e+00,-1.000000000000000000e+00
1.088507080078125000e+01,7.741935253143310547e+00,4.829999923706054688e+01,0.000000000000000000e+00,0.000000000000000000e+00,-1.000000000000000000e+00
1.090938568115234375e+01,8.064516067504882812e+00,4.829999923706054688e+01,0.000000000000000000e+00,0.000000000000000000e+00,-1.000000000000000000e+00
1.093370056152343750e+01,8.387096405029296875e+00,4.829999923706054688e+01,0.000000000000000000e+00,0.000000000000000000e+00,-1.000000000000000000e+00
1.095801544189453125e+01,8.709677696228027344e+00,4.829999923706054688e+01,0.000000000000000000e+00,0.000000000000000000e+00,-1.000000000000000000e+00
1.098233127593994141e+01,9.032258033752441406e+00,4.829999923706054688e+01,0.000000000000000000e+00,0.000000000000000000e+00,-1.000000000000000000e+00
1.100664615631103516e+01,9.354838371276855469e+00,4.829999923706054688e+01,0.000000000000000000e+00,0.000000000000000000e+00,-1.000000000000000000e+00
1.103096103668212891e+01,9.677419662475585938e+00,4.829999923706054688e+01,0.000000000000000000e+00,0.000000000000000000e+00,-1.000000000000000000e+00
1.105527591705322266e+01,1.000000000000000000e+01,4.829999923706054688e+01,0.000000000000000000e+00,0.000000000000000000e+00,-1.000000000000000000e+00
1.105527591705322266e+01,1.000000000000000000e+01,4.829999923706054688e+01,0.000000000000000000e+00,0.000000000000000000e+00,-1.000000000000000000e+00
1.107959175109863281e+01,9.677419662475585938e+00,4.829999923706054688e+01,0.000000000000000000e+00,0.000000000000000000e+00,-1.000000000000000000e+00
1.110390663146972656e+01,9.354838371276855469e+00,4.829999923706054688e+01,0.000000000000000000e+00,0.000000000000000000e+00,-1.000000000000000000e+00
1.112822151184082031e+01,9.032258033752441406e+00,4.829999923706054688e+01,0.000000000000000000e+00,0.000000000000000000e+00,-1.000000000000000000e+00
1.115253734588623047e+01,8.709677696228027344e+00,4.829999923706054688e+01,0.000000000000000000e+00,0.000000000000000000e+00,-1.000000000000000000e+00
1.117685222625732422e+01,8.387096405029296875e+00,4.829999923706054688e+01,0.000000000000000000e+00,0.000000000000000000e+00,-1.000000000000000000e+00
1.120116710662841797e+01,8.064516067504882812e+00,4.829999923706054688e+01,0.000000000000000000e+00,0.000000000000000000e+00,-1.000000000000000000e+00
1.122548198699951172e+01,7.741935253143310547e+00,4.829999923706054688e+01,0.000000000000000000e+00,0.000000000000000000e+00,-1.000000000000000000e+00
1.124979782104492188e+01,7.419354915618896484e+00,4.829999923706054688e+01,0.000000000000000000e+00,0.000000000000000000e+00,-1.000000000000000000e+00
1.127411270141601562e+01,7.096774101257324219e+00,4.829999923706054688e+01,0.000000000000000000e+00,0.000000000000000000e+00,-1.000000000000000000e+00
1.129842758178710938e+01,6.774193763732910156e+00,4.829999923706054688e+01,0.000000000000000000e+00,0.000000000000000000e+00,-1.000000000000000000e+00
1.132274246215820312e+01,6.451612949371337891e+00,4.829999923706054688e+01,0.000000000000000000e+00,0.000000000000000000e+00,-1.000000000000000000e+00
1.134705829620361328e+01,6.129032135009765625e+00,4.829999923706054688e+01,0.000000000000000000e+00,0.000000000000000000e+00,-1.000000000000000000e+00
1.137137317657470703e+01,5.806451797485351562e+00,4.829999923706054688e+01,0.000000000000000000e+00,0.000000000000000000e+00,-1.000000000000000000e+00
1.139568805694580078e+01,5.483870983123779297e+00,4.829999923706054688e+01,0.000000000000000000e+00,0.000000000000000000e+00,-1.000000000000000000e+00
1.142000293731689453e+01,5.161290168762207031e+00,4.829999923706054688e+01,0.000000000000000000e+00,0.000000000000000000e+00,-1.000000000000000000e+00
1.144431877136230469e+01,4.838709831237792969e+00,4.829999923706054688e+01,0.000000000000000000e+00,0.000000000000000000e+00,-1.000000000000000000e+00
1.146863365173339844e+01,4.516129016876220703e+00,4.829999923706054688e+01,0.000000000000000000e+00,0.000000000000000000e+00,-1.000000000000000000e+00
1.149294853210449219e+01,4.193548202514648438e+00,4.829999923706054688e+01,0.000000000000000000e+00,0.000000000000000000e+00,-1.000000000000000000e+00
1.151726341247558594e+01,3.870967626571655273e+00,4.829999923706054688e+01,0.000000000000000000e+00,0.000000000000000000e+00,-1.000000000000000000e+00
1.154157924652099609e+01,3.548387050628662109e+00,4.829999923706054688e+01,0.000000000000000000e+00,0.000000000000000000e+00,-1.000000000000000000e+00
1.156589412689208984e+01,3.225806474685668945e+00,4.829999923706054688e+01,0.000000000000000000e+00,0.000000000000000000e+00,-1.000000000000000000e+00
1.159020900726318359e+01,2.903225898742675781e+00,4.829999923706054688e+01,0.000000000000000000e+00,0.000000000000000000e+00,-1.000000000000000000e+00
1.161452388763427734e+01,2.580645084381103516e+00,4.829999923706054688e+01,0.000000000000000000e+00,0.000000000000000000e+00,-1.000000000000000000e+00
1.163883972167968750e+01,2.258064508438110352e+00,4.829999923706054688e+01,0.000000000000000000e+00,0.000000000000000000e+00,-1.000000000000000000e+00
1.166315460205078125e+01,1.935483813285827637e+00,4.829999923706054688e+01,0.000000000000000000e+00,0.000000000000000000e+00,-1.000000000000000000e+00
1.168746948242187500e+01,1.612903237342834473e+00,4.829999923706054688e+01,0.000000000000000000e+00,0.000000000000000000e+00,-1.000000000000000000e+00
1.171178436279296875e+01,1.290322542190551758e+00,4.829999923706054688e+01,0.000000000000000000e+00,0.000000000000000000e+00,-1.000000000000000000e+00
1.173610019683837891e+01,9.677419066429138184e-01,4.829999923706054688e+01,0.000000000000000000e+00,0.000000000000000000e+00,-1.000000000000000000e+00
1.176041507720947266e+01,6.451612710952758789e-01,4.829999923706054688e+01,0.000000000000000000e+00,0.000000000000000000e+00,-1.000000000000000000e+00
1.178472995758056641e+01,3.225806355476379395e-01,4.829999923706054688e+01,0.000000000000000000e+00,0.000000000000000000e+00,-1.000000000000000000e+00
1.130653285980224609e+01,0.000000000000000000e+00,4.829999923706054688e+01,0.000000000000000000e+00,0.000000000000000000e+00,-1.000000000000000000e+00
1.133084774017333984e+01,-3.225806355476379395e-01,4.829999923706054688e+01,0.000000000000000000e+00,0.000000000000000000e+00,-1.000000000000000000e+00
1.135516262054443359e+01,-6.451612710952758789e-01,4.829999923706054688e+01,0.000000000000000000e+00,0.000000000000000000e+00,-1.000000000000000000e+00
1.137947845458984375e+01,-9.677419066429138184e-01,4.829999923706054688e+01,0.000000000000000000e+00,0.000000000000000000e+00,-1.000000000000000000e+00
1.140379333496093750e+01,-1.290322542190551758e+00,4.829999923706054688e+01,0.000000000000000000e+00,0.000000000000000000e+00,-1.000000000000000000e+00
1.142810821533203125e+01,-1.612903237342834473e+00,4.829999923706054688e+01,0.000000000000000000e+00,0.000000000000000000e+00,-1.000000000000000000e+00
1.145242309570312500e+01,-1.935483813285827637e+00,4.829999923706054688e+01,0.000000000000000000e+00,0.000000000000000000e+00,-1.000000000000000000e+00
1.147673892974853516e+01,-2.258064508438110352e+00,4.829999923706054688e+01,0.000000000000000000e+00,0.000000000000000000e+00,-1.000000000000000000e+00
1.150105381011962891e+01,-2.580645084381103516e+00,4.829999923706054688e+01,0.000000000000000000e+00,0.000000000000000000e+00,-1.000000000000000000e+00
1.152536869049072266e+01,-2.903225898742675781e+00,4.829999923706054688e+01,0.000000000000000000e+00,0.000000000000000000e+00,-1.000000000000000000e+00
1.154968357086181641e+01,-3.225806474685668945e+00,4.829999923706054688e+01,0.000000000000000000e+00,0.000000000000000000e+00,-1.000000000000000000e+00
1.157399940490722656e+01,-3.548387050628662109e+00,4.829999923706054688e+01,0.000000000000000000e+00,0.000000000000000000e+00,-1.000000000000000000e+00
1.159831428527832031e+01,-3.870967626571655273e+00,4.829999923706054688e+01,0.000000000000000000e+00,0.000000000000000000e+00,-1.000000000000000000e+00
1.162262916564941406e+01,-4.193548202514648438e+00,4.829999923706054688e+01,0.000000000000000000e+00,0.000000000000000000e+00,-1.000000000000000000e+00
1.164694404602050781e+01,-4.516129016876220703e+00,4.829999923706054688e+01,0.000000000000000000e+00,0.000000000000000000e+00,-1.000000000000000000e+00
1.167125988006591797e+01,-4.838709831237792969e+00,4.829999923706054688e+01,0.000000000000000000e+00,0.000000000000000000e+00,-1.000000000000000000e+00
1.169557476043701172e+01,-5.161290168762207031e+00,4.829999923706054688e+01,0.000000000000000000e+00,0.000000000000000000e+00,-1.000000000000000000e+00
1.171988964080810547e+01,-5.483870983123779297e+00,4.829999923706054688e+01,0.000000000000000000e+00,0.000000000000000000e+00,-1.000000000000000000e+00
1.174420452117919922e+01,-5.806451797485351562e+00,4.829999923706054688e+01,0.000000000000000000e+00,0.000000000000000000e+00,-1.000000000000000000e+00
1.176852035522460938e+01,-6.129032135009765625e+00,4.829999923706054688e+01,0.000000000000000000e+00,0.000000000000000000e+00,-1.000000000000000000e+00
1.179283523559570312e+01,-6.451612949371337891e+00,4.829999923706054688e+01,0.000000000000000000e+00,0.000000000000000000e+00,-1.000000000000000000e+00
1.181715011596679688e+01,-6.774193763732910156e+00,4.829999923706054688e+01,0.000000000000000000e+00,0.000000000000000000e+00,-1.000000000000000000e+00
1.184146499633789062e+01,-7.096774101257324219e+00,4.829999923706054688e+01,0.000000000000000000e+00,0.000000000000000000e+00,-1.000000000000000000e+00
1.186578083038330078e+01,-7.419354915618896484e+00,4.829999923706054688e+01,0.000000000000000000e+00,0.000000000000000000e+00,-1.000000000000000000e+00
1.189009571075439453e+01,-7.741935253143310547e+00,4.829999923706054688e+01,0.000000000000000000e+00,0.000000000000000000e+00,-1.000000000000000000e+00
1.191441059112548828e+01,-8.064516067504882812e+00,4.829999923706054688e+01,0.000000000000000000e+00,0.000000000000000000e+00,-1.000000000000000000e+00
1.193872547149658203e+01,-8.387096405029296875e+00,4.829999923706054688e+01,0.000000000000000000e+00,0.000000000000000000e+00,-1.000000000000000000e+00
1.196304130554199219e+01,-8.709677696228027344e+00,4.829999923706054688e+01,0.000000000000000000e+00,0.000000000000000000e+00,-1.000000000000000000e+00
1.198735618591308594e+01,-9.032258033752441406e+00,4.829999923706054688e+01,0.000000000000000000e+00,0.000000000000000000e+00,-1.000000000000000000e+00
1.201167106628417969e+01,-9.354838371276855469e+00,4.829999923706054688e+01,0.000000000000000000e+00,0.000000000000000000e+00,-1.000000000000000000e+00
1.203598594665527344e+01,-9.677419662475585938e+00,4.829999923706054688e+01,0.000000000000000000e+00,0.000000000000000000e+00,-1.000000000000000000e+00
1.206030178070068359e+01,-1.000000000000000000e+01,4.829999923706054688e+01,0.000000000000000000e+00,0.000000000000000000e+00,-1.000000000000000000e+00
1.206030178070068359e+01,-1.000000000000000000e+01,4.829999923706054688e+01,0.000000000000000000e+00,0.000000000000000000e+00,-1.000000000000000000e+00
1.208461666107177734e+01,-9.677419662475585938e+00,4.829999923706054688e+01,0.000000000000000000e+00,0.000000000000000000e+00,-1.000000000000000000e+00
1.210893154144287109e+01,-9.354838371276855469e+00,4.829999923706054688e+01,0.000000000000000000e+00,0.000000000000000000e+00,-1.000000000000000000e+00
1.213324642181396484e+01,-9.032258033752441406e+00,4.829999923706054688e+01,0.000000000000000000e+00,0.000000000000000000e+00,-1.000000000000000000e+00
1.215756225585937500e+01,-8.709677696228027344e+00,4.829999923706054688e+01,0.000000000000000000e+00,0.000000000000000000e+00,-1.000000000000000000e+00
1.218187713623046875e+01,-8.387096405029296875e+00,4.829999923706054688e+01,0.000000000000000000e+00,0.000000000000000000e+00,-1.000000000000000000e+00
1.220619201660156250e+01,-8.064516067504882812e+00,4.829999923706054688e+01,0.000000000000000000e+00,0.000000000000000000e+00,-1.000000000000000000e+00
1.223050785064697266e+01,-7.741935253143310547e+00,4.829999923706054688e+01,0.000000000000000000e+00,0.000000000000000000e+00,-1.000000000000000000e+00
1.225482273101806641e+01,-7.419354915618896484e+00,4.829999923706054688e+01,0.000000000000000000e+00,0.000000000000000000e+00,-1.000000000000000000e+00
1.227913761138916016e+01,-7.096774101257324219e+00,4.829999923706054688e+01,0.000000000000000000e+00,0.000000000000000000e+00,-1.000000000000000000e+00
1.230345249176025391e+01,-6.774193763732910156e+00,4.829999923706054688e+01,0.000000000000000000e+00,0.000000000000000000e+00,-1.000000000000000000e+00
1.232776832580566406e+01,-6.451612949371337891e+00,4.829999923706054688e+01,0.000000000000000000e+00,0.000000000000000000e+00,-1.000000000000000000e+00
1.235208320617675781e+01,-6.129032135009765625e+00,4.829999923706054688e+01,0.000000000000000000e+00,0.000000000000000000e+00,-1.000000000000000000e+00
1.237639808654785156e+01,-5.806451797485351562e+00,4.829999923706054688e+01,0.000000000000000000e+00,0.000000000000000000e+00,-1.000000000000000000e+00
1.240071296691894531e+01,-5.483870983123779297e+00,4.829999923706054688e+01,0.000000000000000000e+00,0.000000000000000000e+00,-1.000000000000000000e+00
1.242502880096435547e+01,-5.161290168762207031e+00,4.829999923706054688e+01,0.000000000000000000e+00,0.000000000000000000e+00,-1.000000000000000000e+00
1.244934368133544922e+01,-4.838709831237792969e+00,4.829999923706054688e+01,0.000000000000000000e+00,0.000000000000000000e+00,-1.000000000000000000e+00
1.247365856170654297e+01,-4.516129016876220703e+00,4.829999923706054688e+01,0.000000000000000000e+00,0.000000000000000000e+00,-1.000000000000000000e+00
1.249797344207763672e+01,-4.193548202514648438e+00,4.829999923706054688e+01,0.000000000000000000e+00,0.000000000000000000e+00,-1.000000000000000000e+00
1.252228927612304688e+01,-3.870967626571655273e+00,4.829999923706054688e+01,0.000000000000000000e+00,0.000000000000000000e+00,-1.000000000000000000e+00
1.254660415649414062e+01,-3.548387050628662109e+00,4.829999923706054688e+01,0.000000000000000000e+00,0.000000000000000000e+00,-1.000000000000000000e+00
1.257091903686523438e+01,-3.225806474685668945e+00,4.829999923706054688e+01,0.000000000000000000e+00,0.000000000000000000e+00,-1.000000000000000000e+00
1.259523391723632812e+01,-2.903225898742675781e+00,4.829999923706054688e+01,0.000000000000000000e+00,0.000000000000000000e+00,-1.000000000000000000e+00
1.261954975128173828e+01,-2.580645084381103516e+00,4.829999923706054688e+01,0.000000000000000000e+00,0.000000000000000000e+00,-1.000000000000000000e+00
1.264386463165283203e+01,-2.258064508438110352e+00,4.829999923706054688e+01,0.000000000000000000e+00,0.000000000000000000e+00,-1.000000000000000000e+00
1.266817951202392578e+01,-1.935483813285827637e+00,4.829999923706054688e+01,0.000000000000000000e+00,0.000000000000000000e+00,-1.000000000000000000e+00
1.269249439239501953e+01,-1.612903237342834473e+00,4.829999923706054688e+01,0.000000000000000000e+00,0.000000000000000000e+00,-1.000000000000000000e+00
1.271681022644042969e+01,-1.290322542190551758e+00,4.829999923706054688e+01,0.000000000000000000e+00,0.000000000000000000e+00,-1.000000000000000000e+00
1.274112510681152344e+01,-9.677419066429138184e-01,4.829999923706054688e+01,0.000000000000000000e+00,0.000000000000000000e+00,-1.000000000000000000e+00
1.276543998718261719e+01,-6.451612710952758789e-01,4.829999923706054688e+01,0.000000000000000000e+00,0.000000000000000000e+00,-1.000000000000000000e+00
1.278975486755371094e+01,-3.225806355476379395e-01,4.829999923706054688e+01,0.000000000000000000e+00,0.000000000000000000e+00,-1.000000000000000000e+00
1.231155776977539062e+01,0.000000000000000000e+00,4.829999923706054688e+01,0.000000000000000000e+00,0.000000000000000000e+00,-1.000000000000000000e+00
1.233587265014648438e+01,3.225806355476379395e-01,4.829999923706054688e+01,0.000000000000000000e+00,0.000000000000000000e+00,-1.000000000000000000e+00
1.236018848419189453e+01,6.451612710952758789e-01,4.829999923706054688e+01,0.000000000000000000e+00,0.000000000000000000e+00,-1.000000000000000000e+00
1.238450336456298828e+01,9.677419066429138184e-01,4.829999923706054688e+01,0.000000000000000000e+00,0.000000000000000000e+00,-1.000000000000000000e+00
1.240881824493408203e+01,1.290322542190551758e+00,4.829999923706054688e+01,0.000000000000000000e+00,0.000000000000000000e+00,-1.000000000000000000e+00
1.243313312530517578e+01,1.612903237342834473e+00,4.829999923706054688e+01,0.000000000000000000e+00,0.000000000000000000e+00,-1.000000000000000000e+00
1.245744895935058594e+01,1.935483813285827637e+00,4.829999923706054688e+01,0.000000000000000000e+00,0.000000000000000000e+00,-1.000000000000000000e+00
1.248176383972167969e+01,2.258064508438110352e+00,4.829999923706054688e+01,0.000000000000000000e+00,0.000000000000000000e+00,-1.000000000000000000e+00
1.250607872009277344e+01,2.580645084381103516e+00,4.829999923706054688e+01,0.000000000000000000e+00,0.000000000000000000e+00,-1.000000000000000000e+00
1.253039360046386719e+01,2.903225898742675781e+00,4.829999923706054688e+01,0.000000000000000000e+00,0.000000000000000000e+00,-1.000000000000000000e+00
1.255470943450927734e+01,3.225806474685668945e+00,4.829999923706054688e+01,0.000000000000000000e+00,0.000000000000000000e+00,-1.000000000000000000e+00
1.257902431488037109e+01,3.548387050628662109e+00,4.829999923706054688e+01,0.000000000000000000e+00,0.000000000000000000e+00,-1.000000000000000000e+00
1.260333919525146484e+01,3.870967626571655273e+00,4.829999923706054688e+01,0.000000000000000000e+00,0.000000000000000000e+00,-1.000000000000000000e+00
1.262765407562255859e+01,4.193548202514648438e+00,4.829999923706054688e+01,0.000000000000000000e+00,0.000000000000000000e+00,-1.000000000000000000e+00
1.265196990966796875e+01,4.516129016876220703e+00,4.829999923706054688e+01,0.000000000000000000e+00,0.000000000000000000e+00,-1.000000000000000000e+00
1.267628479003906250e+01,4.838709831237792969e+00,4.829999923706054688e+01,0.000000000000000000e+00,0.000000000000000000e+00,-1.000000000000000000e+00
1.270059967041015625e+01,5.161290168762207031e+00,4.829999923706054688e+01,0.000000000000000000e+00,0.000000000000000000e+00,-1.000000000000000000e+00
1.272491455078125000e+01,5.483870983123779297e+00,4.829999923706054688e+01,0.000000000000000000e+00,0.000000000000000000e+00,-1.000000000000000000e+00
1.274923038482666016e+01,5.806451797485351562e+00,4.829999923706054688e+01,0.000000000000000000e+00,0.000000000000000000e+00,-1.000000000000000000e+00
1.277354526519775391e+01,6.129032135009765625e+00,4.829999923706054688e+01,0.000000000000000000e+00,0.000000000000000000e+00,-1.000000000000000000e+00
1.279786014556884766e+01,6.451612949371337891e+00,4.829999923706054688e+01,0.000000000000000000e+00,0.000000000000000000e+00,-1.000000000000000000e+00
1.282217502593994141e+01,6.774193763732910156e+00,4.829999923706054688e+01,0.000000000000000000e+00,0.000000000000000000e+00,-1.000000000000000000e+00
1.284649085998535156e+01,7.096774101257324219e+00,4.829999923706054688e+01,0.000000000000000000e+00,0.000000000000000000e+00,-1.000000000000000000e+00
1.287080574035644531e+01,7.419354915618896484e+00,4.829999923706054688e+01,0.000000000000000000e+00,0.000000000000000000e+00,-1.000000000000000000e+00
1.289512062072753906e+01,7.741935253143310547e+00,4.829999923706054688e+01,0.000000000000000000e+00,0.000000000000000000e+00,-1.000000000000000000e+00
1.291943550109863281e+01,8.064516067504882812e+00,4.829999923706054688e+01,0.000000000000000000e+00,0.000000000000000000e+00,-1.000000000000000000e+00
1.294375133514404297e+01,8.387096405029296875e+00,4.829999923706054688e+01,0.000000000000000000e+00,0.000000000000000000e+00,-1.000000000000000000e+00
1.296806621551513672e+01,8.709677696228027344e+00,4.829999923706054688e+01,0.000000000000000000e+00,0.000000000000000000e+00,-1.000000000000000000e+00
1.299238109588623047e+01,9.032258033752441406e+00,4.829999923706054688e+01,0.000000000000000000e+00,0.000000000000000000e+00,-1.000000000000000000e+00
1.301669597625732422e+01,9.354838371276855469e+00,4.829999923706054688e+01,0.000000000000000000e+00,0.000000000000000000e+00,-1.000000000000000000e+00
1.304101181030273438e+01,9.677419662475585938e+00,4.829999923706054688e+01,0.000000000000000000e+00,0.000000000000000000e+00,-1.000000000000000000e+00
1.306532669067382812e+01,1.000000000000000000e+01,4.829999923706054688e+01,0.000000000000000000e+00,0.000000000000000000e+00,-1.000000000000000000e+00
1.306532669067382812e+01,1.000000000000000000e+01,4.829999923706054688e+01,0.000000000000000000e+00,0.000000000000000000e+00,-1.000000000000000000e+00
1.308964157104492188e+01,9.677419662475585938e+00,4.829999923706054688e+01,0.000000000000000000e+00,0.000000000000000000e+00,-1.000000000000000000e+00
1.311395645141601562e+01,9.354838371276855469e+00,4.829999923706054688e+01,0.000000000000000000e+00,0.000000000000000000e+00,-1.000000000000000000e+00
1.313827228546142578e+01,9.032258033752441406e+00,4.829999923706054688e+01,0.000000000000000000e+00,0.000000000000000000e+00,-1.000000000000000000e+00
1.316258716583251953e+01,8.709677696228027344e+00,4.829999923706054688e+01,0.000000000000000000e+00,0.000000000000000000e+00,-1.000000000000000000e+00
1.318690204620361328e+01,8.387096405029296875e+00,4.829999923706054688e+01,0.000000000000000000e+00,0.000000000000000000e+00,-1.000000000000000000e+00
1.321121692657470703e+01,8.064516067504882812e+00,4.829999923706054688e+01,0.000000000000000000e+00,0.000000000000000000e+00,-1.000000000000000000e+00
1.323553276062011719e+01,7.741935253143310547e+00,4.829999923706054688e+01,0.000000000000000000e+00,0.000000000000000000e+00,-1.000000000000000000e+00
1.325984764099121094e+01,7.419354915618896484e+00,4.829999923706054688e+01,0.000000000000000000e+00,0.000000000000000000e+00,-1.000000000000000000e+00
1.328416252136230469e+01,7.096774101257324219e+00,4.829999923706054688e+01,0.000000000000000000e+00,0.000000000000000000e+00,-1.000000000000000000e+00
1.330847740173339844e+01,6.774193763732910156e+00,4.829999923706054688e+01,0.000000000000000000e+00,0.000000000000000000e+00,-1.000000000000000000e+00
1.333279323577880859e+01,6.451612949371337891e+00,4.829999923706054688e+01,0.000000000000000000e+00,0.000000000000000000e+00,-1.000000000000000000e+00
1.335710811614990234e+01,6.129032135009765625e+00,4.829999923706054688e+01,0.000000000000000000e+00,0.000000000000000000e+00,-1.000000000000000000e+00
1.338142299652099609e+01,5.806451797485351562e+00,4.829999923706054688e+01,0.000000000000000000e+00,0.000000000000000000e+00,-1.000000000000000000e+00
1.340573883056640625e+01,5.483870983123779297e+00,4.829999923706054688e+01,0.000000000000000000e+00,0.000000000000000000e+00,-1.000000000000000000e+00
1.343005371093750000e+01,5.161290168762207031e+00,4.829999923706054688e+01,0.000000000000000000e+00,0.000000000000000000e+00,-1.000000000000000000e+00
1.345436859130859375e+01,4.838709831237792969e+00,4.829999923706054688e+01,0.000000000000000000e+00,0.000000000000000000e+00,-1.000000000000000000e+00
1.347868347167968750e+01,4.516129016876220703e+00,4.829999923706054688e+01,0.000000000000000000e+00,0.000000000000000000e+00,-1.000000000000000000e+00
1.350299930572509766e+01,4.193548202514648438e+00,4.829999923706054688e+01,0.000000000000000000e+00,0.000000000000000000e+00,-1.000000000000000000e+00
1.352731418609619141e+01,3.870967626571655273e+00,4.829999923706054688e+01,0.000000000000000000e+00,0.000000000000000000e+00,-1.000000000000000000e+00
1.355162906646728516e+01,3.548387050628662109e+00,4.829999923706054688e+01,0.000000000000000000e+00,0.000000000000000000e+00,-1.000000000000000000e+00
1.357594394683837891e+01,3.225806474685668945e+00,4.829999923706054688e+01,0.000000000000000000e+00,0.000000000000000000e+00,-1.000000000000000000e+00
1.360025978088378906e+01,2.903225898742675781e+00,4.829999923706054688e+01,0.000000000000000000e+00,0.000000000000000000e+00,-1.000000000000000000e+00
1.362457466125488281e+01,2.580645084381103516e+00,4.829999923706054688e+01,0.000000000000000000e+00,0.000000000000000000e+00,-1.000000000000000000e+00
1.364888954162597656e+01,2.258064508438110352e+00,4.829999923706054688e+01,0.000000000000000000e+00,0.000000000000000000e+00,-1.000000000000000000e+00
1.367320442199707031e+01,1.935483813285827637e+00,4.829999923706054688e+01,0.000000000000000000e+00,0.000000000000000000e+00,-1.000000000000000000e+00
1.369752025604248047e+01,1.612903237342834473e+00,4.829999923706054688e+01,0.000000000000000000e+00,0.000000000000000000e+00,-1.000000000000000000e+00
1.372183513641357422e+01,1.290322542190551758e+00,4.829999923706054688e+01,0.000000000000000000e+00,0.000000000000000000e+00,-1.000000000000000000e+00
1.374615001678466797e+01,9.677419066429138184e-01,4.829999923706054688e+01,0.000000000000000000e+00,0.000000000000000000e+00,-1.000000000000000000e+00
1.377046489715576172e+01,6.451612710952758789e-01,4.829999923706054688e+01,0.000000000000000000e+00,0.000000000000000000e+00,-1.000000000000000000e+00
1.379478073120117188e+01,3.225806355476379395e-01,4.829999923706054688e+01,0.000000000000000000e+00,0.000000000000000000e+00,-1.000000000000000000e+00
1.331658267974853516e+01,0.000000000000000000e+00,4.829999923706054688e+01,0.000000000000000000e+00,0.000000000000000000e+00,-1.000000000000000000e+00
1.334089851379394531e+01,-3.225806355476379395e-01,4.829999923706054688e+01,0.000000000000000000e+00,0.000000000000000000e+00,-1.000000000000000000e+00
1.336521339416503906e+01,-6.451612710952758789e-01,4.829999923706054688e+01,0.000000000000000000e+00,0.000000000000000000e+00,-1.000000000000000000e+00
1.338952827453613281e+01,-9.677419066429138184e-01,4.829999923706054688e+01,0.000000000000000000e+00,0.000000000000000000e+00,-1.000000000000000000e+00
1.341384315490722656e+01,-1.290322542190551758e+00,4.829999923706054688e+01,0.000000000000000000e+00,0.000000000000000000e+00,-1.000000000000000000e+00
1.343815898895263672e+01,-1.612903237342834473e+00,4.829999923706054688e+01,0.000000000000000000e+00,0.000000000000000000e+00,-1.000000000000000000e+00
1.346247386932373047e+01,-1.935483813285827637e+00,4.829999923706054688e+01,0.000000000000000000e+00,0.000000000000000000e+00,-1.000000000000000000e+00
1.348678874969482422e+01,-2.258064508438110352e+00,4.829999923706054688e+01,0.000000000000000000e+00,0.000000000000000000e+00,-1.000000000000000000e+00
1.351110363006591797e+01,-2.580645084381103516e+00,4.829999923706054688e+01,0.000000000000000000e+00,0.000000000000000000e+00,-1.000000000000000000e+00
1.353541946411132812e+01,-2.903225898742675781e+00,4.829999923706054688e+01,0.000000000000000000e+00,0.000000000000000000e+00,-1.000000000000000000e+00
1.355973434448242188e+01,-3.225806474685668945e+00,4.829999923706054688e+01,0.000000000000000000e+00,0.000000000000000000e+00,-1.000000000000000000e+00
1.358404922485351562e+01,-3.548387050628662109e+00,4.829999923706054688e+01,0.000000000000000000e+00,0.000000000000000000e+00,-1.000000000000000000e+00
1.360836410522460938e+01,-3.870967626571655273e+00,4.829999923706054688e+01,0.000000000000000000e+00,0.000000000000000000e+00,-1.000000000000000000e+00
1.363267993927001953e+01,-4.193548202514648438e+00,4.829999923706054688e+01,0.000000000000000000e+00,0.000000000000000000e+00,-1.000000000000000000e+00
1.365699481964111328e+01,-4.516129016876220703e+00,4.829999923706054688e+01,0.000000000000000000e+00,0.000000000000000000e+00,-1.000000000000000000e+00
1.368130970001220703e+01,-4.838709831237792969e+00,4.829999923706054688e+01,0.000000000000000000e+00,0.000000000000000000e+00,-1.000000000000000000e+00
1.370562458038330078e+01,-5.161290168762207031e+00,4.829999923706054688e+01,0.000000000000000000e+00,0.000000000000000000e+00,-1.000000000000000000e+00
1.372994041442871094e+01,-5.483870983123779297e+00,4.829999923706054688e+01,0.000000000000000000e+00,0.000000000000000000e+00,-1.000000000000000000e+00
1.375425529479980469e+01,-5.806451797485351562e+00,4.829999923706054688e+01,0.000000000000000000e+00,0.000000000000000000e+00,-1.000000000000000000e+00
1.377857017517089844e+01,-6.129032135009765625e+00,4.829999923706054688e+01,0.000000000000000000e+00,0.000000000000000000e+00,-1.000000000000000000e+00
1.380288505554199219e+01,-6.451612949371337891e+00,4.829999923706054688e+01,0.000000000000000000e+00,0.000000000000000000e+00,-1.000000000000000000e+00
1.382720088958740234e+01,-6.774193763732910156e+00,4.829999923706054688e+01,0.000000000000000000e+00,0.000000000000000000e+00,-1.000000000000000000e+00
1.385151576995849609e+01,-7.096774101257324219e+00,4.829999923706054688e+01,0.000000000000000000e+00,0.000000000000000000e+00,-1.000000000000000000e+00
1.387583065032958984e+01,-7.419354915618896484e+00,4.829999923706054688e+01,0.000000000000000000e+00,0.000000000000000000e+00,-1.000000000000000000e+00
1.390014553070068359e+01,-7.741935253143310547e+00,4.829999923706054688e+01,0.000000000000000000e+00,0.000000000000000000e+00,-1.000000000000000000e+00
1.392446136474609375e+01,-8.064516067504882812e+00,4.829999923706054688e+01,0.000000000000000000e+00,0.000000000000000000e+00,-1.000000000000000000e+00
1.394877624511718750e+01,-8.387096405029296875e+00,4.829999923706054688e+01,0.000000000000000000e+00,0.000000000000000000e+00,-1.000000000000000000e+00
1.397309112548828125e+01,-8.709677696228027344e+00,4.829999923706054688e+01,0.000000000000000000e+00,0.000000000000000000e+00,-1.000000000000000000e+00
1.399740600585937500e+01,-9.032258033752441406e+00,4.829999923706054688e+01,0.000000000000000000e+00,0.000000000000000000e+00,-1.000000000000000000e+00
1.402172183990478516e+01,-9.354838371276855469e+00,4.829999923706054688e+01,0.000000000000000000e+00,0.000000000000000000e+00,-1.000000000000000000e+00
1.404603672027587891e+01,-9.677419662475585938e+00,4.829999923706054688e+01,0.000000000000000000e+00,0.000000000000000000e+00,-1.000000000000000000e+00
1.407035160064697266e+01,-1.000000000000000000e+01,4.829999923706054688e+01,0.000000000000000000e+00,0.000000000000000000e+00,-1.000000000000000000e+00
1.407035160064697266e+01,-1.000000000000000000e+01,4.829999923706054688e+01,0.000000000000000000e+00,0.000000000000000000e+00,-1.000000000000000000e+00
1.409466648101806641e+01,-9.677419662475585938e+00,4.829999923706054688e+01,0.000000000000000000e+00,0.000000000000000000e+00,-1.000000000000000000e+00
1.411898231506347656e+01,-9.354838371276855469e+00,4.829999923706054688e+01,0.000000000000000000e+00,0.000000000000000000e+00,-1.000000000000000000e+00
1.414329719543457031e+01,-9.032258033752441406e+00,4.829999923706054688e+01,0.000000000000000000e+00,0.000000000000000000e+00,-1.000000000000000000e+00
1.416761207580566406e+01,-8.709677696228027344e+00,4.829999923706054688e+01,0.000000000000000000e+00,0.000000000000000000e+00,-1.000000000000000000e+00
1.419192695617675781e+01,-8.387096405029296875e+00,4.829999923706054688e+01,0.000000000000000000e+00,0.000000000000000000e+00,-1.000000000000000000e+00
1.421624279022216797e+01,-8.064516067504882812e+00,4.829999923706054688e+01,0.000000000000000000e+00,0.000000000000000000e+00,-1.000000000000000000e+00
1.424055767059326172e+01,-7.741935253143310547e+00,4.829999923706054688e+01,0.000000000000000000e+00,0.000000000000000000e+00,-1.000000000000000000e+00
1.426487255096435547e+01,-7.419354915618896484e+00,4.829999923706054688e+01,0.000000000000000000e+00,0.000000000000000000e+00,-1.000000000000000000e+00
1.428918743133544922e+01,-7.096774101257324219e+00,4.829999923706054688e+01,0.000000000000000000e+00,0.000000000000000000e+00,-1.000000000000000000e+00
1.431350326538085938e+01,-6.774193763732910156e+00,4.829999923706054688e+01,0.000000000000000000e+00,0.000000000000000000e+00,-1.000000000000000000e+00
1.433781814575195312e+01,-6.451612949371337891e+00,4.829999923706054688e+01,0.000000000000000000e+00,0.000000000000000000e+00,-1.000000000000000000e+00
1.436213302612304688e+01,-6.129032135009765625e+00,4.829999923706054688e+01,0.000000000000000000e+00,0.000000000000000000e+00,-1.000000000000000000e+00
1.438644790649414062e+01,-5.806451797485351562e+00,4.829999923706054688e+01,0.000000000000000000e+00,0.000000000000000000e+00,-1.000000000000000000e+00
1.441076374053955078e+01,-5.483870983123779297e+00,4.829999923706054688e+01,0.000000000000000000e+00,0.000000000000000000e+00,-1.000000000000000000e+00
1.443507862091064453e+01,-5.161290168762207031e+00,4.829999923706054688e+01,0.000000000000000000e+00,0.000000000000000000e+00,-1.000000000000000000e+00
1.445939350128173828e+01,-4.838709831237792969e+00,4.829999923706054688e+01,0.000000000000000000e+00,0.000000000000000000e+00,-1.000000000000000000e+00
1.448370933532714844e+01,-4.516129016876220703e+00,4.829999923706054688e+01,0.000000000000000000e+00,0.000000000000000000e+00,-1.000000000000000000e+00
1.450802421569824219e+01,-4.193548202514648438e+00,4.829999923706054688e+01,0.000000000000000000e+00,0.000000000000000000e+00,-1.000000000000000000e+00
1.453233909606933594e+01,-3.870967626571655273e+00,4.829999923706054688e+01,0.000000000000000000e+00,0.000000000000000000e+00,-1.000000000000000000e+00
1.455665397644042969e+01,-3.548387050628662109e+00,4.829999923706054688e+01,0.000000000000000000e+00,0.000000000000000000e+00,-1.000000000000000000e+00
1.458096981048583984e+01,-3.225806474685668945e+00,4.829999923706054688e+01,0.000000000000000000e+00,0.000000000000000000e+00,-1.000000000000000000e+00
1.460528469085693359e+01,-2.903225898742675781e+00,4.829999923706054688e+01,0.000000000000000000e+00,0.000000000000000000e+00,-1.000000000000000000e+00
1.462959957122802734e+01,-2.580645084381103516e+00,4.829999923706054688e+01,0.000000000000000000e+00,0.000000000000000000e+00,-1.000000000000000000e+00
1.465391445159912109e+01,-2.258064508438110352e+00,4.829999923706054688e+01,0.000000000000000000e+00,0.000000000000000000e+00,-1.000000000000000000e+00
1.467823028564453125e+01,-1.935483813285827637e+00,4.829999923706054688e+01,0.000000000000000000e+00,0.000000000000000000e+00,-1.000000000000000000e+00
1.470254516601562500e+01,-1.612903237342834473e+00,4.829999923706054688e+01,0.000000000000000000e+00,0.000000000000000000e+00,-1.000000000000000000e+00
1.472686004638671875e+01,-1.290322542190551758e+00,4.829999923706054688e+01,0.000000000000000000e+00,0.000000000000000000e+00,-1.000000000000000000e+00
1.475117492675781250e+01,-9.677419066429138184e-01,4.829999923706054688e+01,0.000000000000000000e+00,0.000000000000000000e+00,-1.000000000000000000e+00
1.477549076080322266e+01,-6.451612710952758789e-01,4.829999923706054688e+01,0.000000000000000000e+00,0.000000000000000000e+00,-1.000000000000000000e+00
1.479980564117431641e+01,-3.225806355476379395e-01,4.829999923706054688e+01,0.000000000000000000e+00,0.000000000000000000e+00,-1.000000000000000000e+00
1.432160758972167969e+01,0.000000000000000000e+00,4.829999923706054688e+01,0.000000000000000000e+00,0.000000000000000000e+00,-1.000000000000000000e+00
1.434592342376708984e+01,3.225806355476379395e-01,4.829999923706054688e+01,0.000000000000000000e+00,0.000000000000000000e+00,-1.000000000000000000e+00
1.437023830413818359e+01,6.451612710952758789e-01,4.829999923706054688e+01,0.000000000000000000e+00,0.000000000000000000e+00,-1.000000000000000000e+00
1.439455318450927734e+01,9.677419066429138184e-01,4.829999923706054688e+01,0.000000000000000000e+00,0.000000000000000000e+00,-1.000000000000000000e+00
1.441886806488037109e+01,1.290322542190551758e+00,4.829999923706054688e+01,0.000000000000000000e+00,0.000000000000000000e+00,-1.000000000000000000e+00
1.444318389892578125e+01,1.612903237342834473e+00,4.829999923706054688e+01,0.000000000000000000e+00,0.000000000000000000e+00,-1.000000000000000000e+00
1.446749877929687500e+01,1.935483813285827637e+00,4.829999923706054688e+01,0.000000000000000000e+00,0.000000000000000000e+00,-1.000000000000000000e+00
1.449181365966796875e+01,2.258064508438110352e+00,4.829999923706054688e+01,0.000000000000000000e+00,0.000000000000000000e+00,-1.000000000000000000e+00
1.451612949371337891e+01,2.580645084381103516e+00,4.829999923706054688e+01,0.000000000000000000e+00,0.000000000000000000e+00,-1.000000000000000000e+00
1.454044437408447266e+01,2.903225898742675781e+00,4.829999923706054688e+01,0.000000000000000000e+00,0.000000000000000000e+00,-1.000000000000000000e+00
1.456475925445556641e+01,3.225806474685668945e+00,4.829999923706054688e+01,0.000000000000000000e+00,0.000000000000000000e+00,-1.000000000000000000e+00
1.458907413482666016e+01,3.548387050628662109e+00,4.829999923706054688e+01,0.000000000000000000e+00,0.000000000000000000e+00,-1.000000000000000000e+00
1.461338996887207031e+01,3.870967626571655273e+00,4.829999923706054688e+01,0.000000000000000000e+00,0.000000000000000000e+00,-1.000000000000000000e+00
1.463770484924316406e+01,4.193548202514648438e+00,4.829999923706054688e+01,0.000000000000000000e+00,0.000000000000000000e+00,-1.000000000000000000e+00
1.466201972961425781e+01,4.516129016876220703e+00,4.829999923706054688e+01,0.000000000000000000e+00,0.000000000000000000e+00,-1.000000000000000000e+00
1.468633460998535156e+01,4.838709831237792969e+00,4.829999923706054688e+01,0.000000000000000000e+00,0.000000000000000000e+00,-1.000000000000000000e+00
1.471065044403076172e+01,5.161290168762207031e+00,4.829999923706054688e+01,0.000000000000000000e+00,0.000000000000000000e+00,-1.000000000000000000e+00
1.473496532440185547e+01,5.483870983123779297e+00,4.829999923706054688e+01,0.000000000000000000e+00,0.000000000000000000e+00,-1.000000000000000000e+00
1.475928020477294922e+01,5.806451797485351562e+00,4.829999923706054688e+01,0.000000000000000000e+00,0.000000000000000000e+00,-1.000000000000000000e+00
1.478359508514404297e+01,6.129032135009765625e+00,4.829999923706054688e+01,0.000000000000000000e+00,0.000000000000000000e+00,-1.000000000000000000e+00
1.480791091918945312e+01,6.451612949371337891e+00,4.829999923706054688e+01,0.000000000000000000e+00,0.000000000000000000e+00,-1.000000000000000000e+00
1.483222579956054688e+01,6.774193763732910156e+00,4.829999923706054688e+01,0.000000000000000000e+00,0.000000000000000000e+00,-1.000000000000000000e+00
1.485654067993164062e+01,7.096774101257324219e+00,4.829999923706054688e+01,0.000000000000000000e+00,0.000000000000000000e+00,-1.000000000000000000e+00
1.488085556030273438e+01,7.419354915618896484e+00,4.829999923706054688e+01,0.000000000000000000e+00,0.000000000000000000e+00,-1.000000000000000000e+00
1.490517139434814453e+01,7.741935253143310547e+00,4.829999923706054688e+01,0.000000000000000000e+00,0.000000000000000000e+00,-1.000000000000000000e+00
1.492948627471923828e+01,8.064516067504882812e+00,4.829999923706054688e+01,0.000000000000000000e+00,0.000000000000000000e+00,-1.000000000000000000e+00
1.495380115509033203e+01,8.387096405029296875e+00,4.829999923706054688e+01,0.000000000000000000e+00,0.000000000000000000e+00,-1.000000000000000000e+00
1.497811603546142578e+01,8.709677696228027344e+00,4.829999923706054688e+01,0.000000000000000000e+00,0.000000000000000000e+00,-1.000000000000000000e+00
1.500243186950683594e+01,9.032258033752441406e+00,4.829999923706054688e+01,0.000000000000000000e+00,0.000000000000000000e+00,-1.000000000000000000e+00
1.502674674987792969e+01,9.354838371276855469e+00,4.829999923706054688e+01,0.000000000000000000e+00,0.000000000000000000e+00,-1.000000000000000000e+00
1.505106163024902344e+01,9.677419662475585938e+00,4.829999923706054688e+01,0.000000000000000000e+00,0.000000000000000000e+00,-1.000000000000000000e+00
1.507537651062011719e+01,1.000000000000000000e+01,4.829999923706054688e+01,0.000000000000000000e+00,0.000000000000000000e+00,-1.000000000000000000e+00
1.507537651062011719e+01,1.000000000000000000e+01,4.829999923706054688e+01,0.000000000000000000e+00,0.000000000000000000e+00,-1.000000000000000000e+00
1.509969234466552734e+01,9.677419662475585938e+00,4.829999923706054688e+01,0.000000000000000000e+00,0.000000000000000000e+00,-1.000000000000000000e+00
1.512400722503662109e+01,9.354838371276855469e+00,4.829999923706054688e+01,0.000000000000000000e+00,0.000000000000000000e+00,-1.000000000000000000e+00
1.514832210540771484e+01,9.032258033752441406e+00,4.829999923706054688e+01,0.000000000000000000e+00,0.000000000000000000e+00,-1.000000000000000000e+00
1.517263698577880859e+01,8.709677696228027344e+00,4.829999923706054688e+01,0.000000000000000000e+00,0.000000000000000000e+00,-1.000000000000000000e+00
1.519695281982421875e+01,8.387096405029296875e+00,4.829999923706054688e+01,0.000000000000000000e+00,0.000000000000000000e+00,-1.000000000000000000e+00
1.522126770019531250e+01,8.064516067504882812e+00,4.829999923706054688e+01,0.000000000000000000e+00,0.000000000000000000e+00,-1.000000000000000000e+00
1.524558258056640625e+01,7.741935253143310547e+00,4.829999923706054688e+01,0.000000000000000000e+00,0.000000000000000000e+00,-1.000000000000000000e+00
1.526989746093750000e+01,7.419354915618896484e+00,4.829999923706054688e+01,0.000000000000000000e+00,0.000000000000000000e+00,-1.000000000000000000e+00
1.529421329498291016e+01,7.096774101257324219e+00,4.829999923706054688e+01,0.000000000000000000e+00,0.000000000000000000e+00,-1.000000000000000000e+00
1.531852817535400391e+01,6.774193763732910156e+00,4.829999923706054688e+01,0.000000000000000000e+00,0.000000000000000000e+00,-1.000000000000000000e+00
1.534284305572509766e+01,6.451612949371337891e+00,4.829999923706054688e+01,0.000000000000000000e+00,0.000000000000000000e+00,-1.000000000000000000e+00
1.536715793609619141e+01,6.129032135009765625e+00,4.829999923706054688e+01,0.000000000000000000e+00,0.000000000000000000e+00,-1.000000000000000000e+00
1.539147377014160156e+01,5.806451797485351562e+00,4.829999923706054688e+01,0.000000000000000000e+00,0.000000000000000000e+00,-1.000000000000000000e+00
1.541578865051269531e+01,5.483870983123779297e+00,4.829999923706054688e+01,0.000000000000000000e+00,0.000000000000000000e+00,-1.000000000000000000e+00
1.544010353088378906e+01,5.161290168762207031e+00,4.829999923706054688e+01,0.000000000000000000e+00,0.000000000000000000e+00,-1.000000000000000000e+00
1.546441841125488281e+01,4.838709831237792969e+00,4.829999923706054688e+01,0.000000000000000000e+00,0.000000000000000000e+00,-1.000000000000000000e+00
1.548873424530029297e+01,4.516129016876220703e+00,4.829999923706054688e+01,0.000000000000000000e+00,0.000000000000000000e+00,-1.000000000000000000e+00
1.551304912567138672e+01,4.193548202514648438e+00,4.829999923706054688e+01,0.000000000000000000e+00,0.000000000000000000e+00,-1.000000000000000000e+00
1.553736400604248047e+01,3.870967626571655273e+00,4.829999923706054688e+01,0.000000000000000000e+00,0.000000000000000000e+00,-1.000000000000000000e+00
1.556167984008789062e+01,3.548387050628662109e+00,4.829999923706054688e+01,0.000000000000000000e+00,0.000000000000000000e+00,-1.000000000000000000e+00
1.558599472045898438e+01,3.225806474685668945e+00,4.829999923706054688e+01,0.000000000000000000e+00,0.000000000000000000e+00,-1.000000000000000000e+00
1.561030960083007812e+01,2.903225898742675781e+00,4.829999923706054688e+01,0.000000000000000000e+00,0.000000000000000000e+00,-1.000000000000000000e+00
1.563462448120117188e+01,2.580645084381103516e+00,4.829999923706054688e+01,0.000000000000000000e+00,0.000000000000000000e+00,-1.000000000000000000e+00
1.565894031524658203e+01,2.258064508438110352e+00,4.829999923706054688e+01,0.000000000000000000e+00,0.000000000000000000e+00,-1.000000000000000000e+00
1.568325519561767578e+01,1.935483813285827637e+00,4.829999923706054688e+01,0.000000000000000000e+00,0.000000000000000000e+00,-1.000000000000000000e+00
1.570757007598876953e+01,1.612903237342834473e+00,4.829999923706054688e+01,0.000000000000000000e+00,0.000000000000000000e+00,-1.000000000000000000e+00
1.573188495635986328e+01,1.290322542190551758e+00,4.829999923706054688e+01,0.000000000000000000e+00,0.000000000000000000e+00,-1.000000000000000000e+00
1.575620079040527344e+01,9.677419066429138184e-01,4.829999923706054688e+01,0.000000000000000000e+00,0.000000000000000000e+00,-1.000000000000000000e+00
1.578051567077636719e+01,6.451612710952758789e-01,4.829999923706054688e+01,0.000000000000000000e+00,0.000000000000000000e+00,-1.000000000000000000e+00
1.580483055114746094e+01,3.225806355476379395e-01,4.829999923706054688e+01,0.000000000000000000e+00,0.000000000000000000e+00,-1.000000000000000000e+00
1.532663345336914062e+01,0.000000000000000000e+00,4.829999923706054688e+01,0.000000000000000000e+00,0.000000000000000000e+00,-1.000000000000000000e+00
1.535094833374023438e+01,-3.225806355476379395e-01,4.829999923706054688e+01,0.000000000000000000e+00,0.000000000000000000e+00,-1.000000000000000000e+00
1.537526321411132812e+01,-6.451612710952758789e-01,4.829999923706054688e+01,0.000000000000000000e+00,0.000000000000000000e+00,-1.000000000000000000e+00
1.539957809448242188e+01,-9.677419066429138184e-01,4.829999923706054688e+01,0.000000000000000000e+00,0.000000000000000000e+00,-1.000000000000000000e+00
1.542389392852783203e+01,-1.290322542190551758e+00,4.829999923706054688e+01,0.000000000000000000e+00,0.000000000000000000e+00,-1.000000000000000000e+00
1.544820880889892578e+01,-1.612903237342834473e+00,4.829999923706054688e+01,0.000000000000000000e+00,0.000000000000000000e+00,-1.000000000000000000e+00
1.547252368927001953e+01,-1.935483813285827637e+00,4.829999923706054688e+01,0.000000000000000000e+00,0.000000000000000000e+00,-1.000000000000000000e+00
1.549683856964111328e+01,-2.258064508438110352e+00,4.829999923706054688e+01,0.000000000000000000e+00,0.000000000000000000e+00,-1.000000000000000000e+00
1.552115440368652344e+01,-2.580645084381103516e+00,4.829999923706054688e+01,0.000000000000000000e+00,0.000000000000000000e+00,-1.000000000000000000e+00
1.554546928405761719e+01,-2.903225898742675781e+00,4.829999923706054688e+01,0.000000000000000000e+00,0.000000000000000000e+00,-1.000000000000000000e+00
1.556978416442871094e+01,-3.225806474685668945e+00,4.829999923706054688e+01,0.000000000000000000e+00,0.000000000000000000e+00,-1.000000000000000000e+00
1.559409999847412109e+01,-3.548387050628662109e+00,4.829999923706054688e+01,0.000000000000000000e+00,0.000000000000000000e+00,-1.000000000000000000e+00
1.561841487884521484e+01,-3.870967626571655273e+00,4.829999923706054688e+01,0.000000000000000000e+00,0.000000000000000000e+00,-1.000000000000000000e+00
1.564272975921630859e+01,-4.193548202514648438e+00,4.829999923706054688e+01,0.000000000000000000e+00,0.000000000000000000e+00,-1.000000000000000000e+00
1.566704463958740234e+01,-4.516129016876220703e+00,4.829999923706054688e+01,0.000000000000000000e+00,0.000000000000000000e+00,-1.000000000000000000e+00
1.569136047363281250e+01,-4.838709831237792969e+00,4.829999923706054688e+01,0.000000000000000000e+00,0.000000000000000000e+00,-1.000000000000000000e+00
1.571567535400390625e+01,-5.161290168762207031e+00,4.829999923706054688e+01,0.000000000000000000e+00,0.000000000000000000e+00,-1.000000000000000000e+00
1.573999023437500000e+01,-5.483870983123779297e+00,4.829999923706054688e+01,0.000000000000000000e+00,0.000000000000000000e+00,-1.000000000000000000e+00
1.576430511474609375e+01,-5.806451797485351562e+00,4.829999923706054688e+01,0.000000000000000000e+00,0.000000000000000000e+00,-1.000000000000000000e+00
1.578862094879150391e+01,-6.129032135009765625e+00,4.829999923706054688e+01,0.000000000000000000e+00,0.000000000000000000e+00,-1.000000000000000000e+00
1.581293582916259766e+01,-6.451612949371337891e+00,4.829999923706054688e+01,0.000000000000000000e+00,0.000000000000000000e+00,-1.000000000000000000e+00
1.583725070953369141e+01,-6.774193763732910156e+00,4.829999923706054688e+01,0.000000000000000000e+00,0.000000000000000000e+00,-1.000000000000000000e+00
1.586156558990478516e+01,-7.096774101257324219e+00,4.829999923706054688e+01,0.000000000000000000e+00,0.000000000000000000e+00,-1.000000000000000000e+00
1.588588142395019531e+01,-7.419354915618896484e+00,4.829999923706054688e+01,0.000000000000000000e+00,0.000000000000000000e+00,-1.000000000000000000e+00
1.591019630432128906e+01,-7.741935253143310547e+00,4.829999923706054688e+01,0.000000000000000000e+00,0.000000000000000000e+00,-1.000000000000000000e+00
1.593451118469238281e+01,-8.064516067504882812e+00,4.829999923706054688e+01,0.000000000000000000e+00,0.000000000000000000e+00,-1.000000000000000000e+00
1.595882606506347656e+01,-8.387096405029296875e+00,4.829999923706054688e+01,0.000000000000000000e+00,0.000000000000000000e+00,-1.000000000000000000e+00
1.598314189910888672e+01,-8.709677696228027344e+00,4.829999923706054688e+01,0.000000000000000000e+00,0.000000000000000000e+00,-1.000000000000000000e+00
1.600745582580566406e+01,-9.032258033752441406e+00,4.829999923706054688e+01,0.000000000000000000e+00,0.000000000000000000e+00,-1.000000000000000000e+00
1.603177261352539062e+01,-9.354838371276855469e+00,4.829999923706054688e+01,0.000000000000000000e+00,0.000000000000000000e+00,-1.000000000000000000e+00
1.605608749389648438e+01,-9.677419662475585938e+00,4.829999923706054688e+01,0.000000000000000000e+00,0.000000000000000000e+00,-1.000000000000000000e+00
1.608040237426757812e+01,-1.000000000000000000e+01,4.829999923706054688e+01,0.000000000000000000e+00,0.000000000000000000e+00,-1.000000000000000000e+00
1.608040237426757812e+01,-1.000000000000000000e+01,4.829999923706054688e+01,0.000000000000000000e+00,0.000000000000000000e+00,-1.000000000000000000e+00
1.610471725463867188e+01,-9.677419662475585938e+00,4.829999923706054688e+01,0.000000000000000000e+00,0.000000000000000000e+00,-1.000000000000000000e+00
1.612903213500976562e+01,-9.354838371276855469e+00,4.829999923706054688e+01,0.000000000000000000e+00,0.000000000000000000e+00,-1.000000000000000000e+00
1.615334701538085938e+01,-9.032258033752441406e+00,4.829999923706054688e+01,0.000000000000000000e+00,0.000000000000000000e+00,-1.000000000000000000e+00
1.617766189575195312e+01,-8.709677696228027344e+00,4.829999923706054688e+01,0.000000000000000000e+00,0.000000000000000000e+00,-1.000000000000000000e+00
1.620197677612304688e+01,-8.387096405029296875e+00,4.829999923706054688e+01,0.000000000000000000e+00,0.000000000000000000e+00,-1.000000000000000000e+00
1.622629356384277344e+01,-8.064516067504882812e+00,4.829999923706054688e+01,0.000000000000000000e+00,0.000000000000000000e+00,-1.000000000000000000e+00
1.625060844421386719e+01,-7.741935253143310547e+00,4.829999923706054688e+01,0.000000000000000000e+00,0.000000000000000000e+00,-1.000000000000000000e+00
1.627492332458496094e+01,-7.419354915618896484e+00,4.829999923706054688e+01,0.000000000000000000e+00,0.000000000000000000e+00,-1.000000000000000000e+00
1.629923820495605469e+01,-7.096774101257324219e+00,4.829999923706054688e+01,0.000000000000000000e+00,0.000000000000000000e+00,-1.000000000000000000e+00
1.632355308532714844e+01,-6.774193763732910156e+00,4.829999923706054688e+01,0.000000000000000000e+00,0.000000000000000000e+00,-1.000000000000000000e+00
1.634786796569824219e+01,-6.451612949371337891e+00,4.829999923706054688e+01,0.000000000000000000e+00,0.000000000000000000e+00,-1.000000000000000000e+00
1.637218284606933594e+01,-6.129032135009765625e+00,4.829999923706054688e+01,0.000000000000000000e+00,0.000000000000000000e+00,-1.000000000000000000e+00
1.639649772644042969e+01,-5.806451797485351562e+00,4.829999923706054688e+01,0.000000000000000000e+00,0.000000000000000000e+00,-1.000000000000000000e+00
1.642081451416015625e+01,-5.483870983123779297e+00,4.829999923706054688e+01,0.000000000000000000e+00,0.000000000000000000e+00,-1.000000000000000000e+00
1.644512939453125000e+01,-5.161290168762207031e+00,4.829999923706054688e+01,0.000000000000000000e+00,0.000000000000000000e+00,-1.000000000000000000e+00
1.646944427490234375e+01,-4.838709831237792969e+00,4.829999923706054688e+01,0.000000000000000000e+00,0.000000000000000000e+00,-1.000000000000000000e+00
1.649375915527343750e+01,-4.516129016876220703e+00,4.829999923706054688e+01,0.000000000000000000e+00,0.000000000000000000e+00,-1.000000000000000000e+00
1.651807403564453125e+01,-4.193548202514648438e+00,4.829999923706054688e+01,0.000000000000000000e+00,0.000000000000000000e+00,-1.000000000000000000e+00
1.654238891601562500e+01,-3.870967626571655273e+00,4.829999923706054688e+01,0.000000000000000000e+00,0.000000000000000000e+00,-1.000000000000000000e+00
1.656670379638671875e+01,-3.548387050628662109e+00,4.829999923706054688e+01,0.000000000000000000e+00,0.000000000000000000e+00,-1.000000000000000000e+00
1.659101867675781250e+01,-3.225806474685668945e+00,4.829999923706054688e+01,0.000000000000000000e+00,0.000000000000000000e+00,-1.000000000000000000e+00
1.661533546447753906e+01,-2.903225898742675781e+00,4.829999923706054688e+01,0.000000000000000000e+00,0.000000000000000000e+00,-1.000000000000000000e+00
1.663965034484863281e+01,-2.580645084381103516e+00,4.829999923706054688e+01,0.000000000000000000e+00,0.000000000000000000e+00,-1.000000000000000000e+00
1.666396522521972656e+01,-2.258064508438110352e+00,4.829999923706054688e+01,0.000000000000000000e+00,0.000000000000000000e+00,-1.000000000000000000e+00
1.668828010559082031e+01,-1.935483813285827637e+00,4.829999923706054688e+01,0.000000000000000000e+00,0.000000000000000000e+00,-1.000000000000000000e+00
1.671259498596191406e+01,-1.612903237342834473e+00,4.829999923706054688e+01,0.000000000000000000e+00,0.000000000000000000e+00,-1.000000000000000000e+00
1.673690986633300781e+01,-1.290322542190551758e+00,4.829999923706054688e+01,0.000000000000000000e+00,0.000000000000000000e+00,-1.000000000000000000e+00
1.676122474670410156e+01,-9.677419066429138184e-01,4.829999923706054688e+01,0.000000000000000000e+00,0.000000000000000000e+00,-1.000000000000000000e+00
1.678554153442382812e+01,-6.451612710952758789e-01,4.829999923706054688e+01,0.000000000000000000e+00,0.000000000000000000e+00,-1.000000000000000000e+00
1.680985641479492188e+01,-3.225806355476379395e-01,4.829999923706054688e+01,0.000000000000000000e+00,0.000000000000000000e+00,-1.000000000000000000e+00
1.633165740966796875e+01,0.000000000000000000e+00,4.829999923706054688e+01,0.000000000000000000e+00,0.000000000000000000e+00,-1.000000000000000000e+00
1.635597419738769531e+01,3.225806355476379395e-01,4.829999923706054688e+01,0.000000000000000000e+00,0.000000000000000000e+00,-1.000000000000000000e+00
1.638028907775878906e+01,6.451612710952758789e-01,4.829999923706054688e+01,0.000000000000000000e+00,0.000000000000000000e+00,-1.000000000000000000e+00
1.640460395812988281e+01,9.677419066429138184e-01,4.829999923706054688e+01,0.000000000000000000e+00,0.000000000000000000e+00,-1.000000000000000000e+00
1.642891883850097656e+01,1.290322542190551758e+00,4.829999923706054688e+01,0.000000000000000000e+00,0.000000000000000000e+00,-1.000000000000000000e+00
1.645323371887207031e+01,1.612903237342834473e+00,4.829999923706054688e+01,0.000000000000000000e+00,0.000000000000000000e+00,-1.000000000000000000e+00
1.647754859924316406e+01,1.935483813285827637e+00,4.829999923706054688e+01,0.000000000000000000e+00,0.000000000000000000e+00,-1.000000000000000000e+00
1.650186347961425781e+01,2.258064508438110352e+00,4.829999923706054688e+01,0.000000000000000000e+00,0.000000000000000000e+00,-1.000000000000000000e+00
1.652617835998535156e+01,2.580645084381103516e+00,4.829999923706054688e+01,0.000000000000000000e+00,0.000000000000000000e+00,-1.000000000000000000e+00
1.655049514770507812e+01,2.903225898742675781e+00,4.829999923706054688e+01,0.000000000000000000e+00,0.000000000000000000e+00,-1.000000000000000000e+00
1.657481002807617188e+01,3.225806474685668945e+00,4.829999923706054688e+01,0.000000000000000000e+00,0.000000000000000000e+00,-1.000000000000000000e+00
1.659912490844726562e+01,3.548387050628662109e+00,4.829999923706054688e+01,0.000000000000000000e+00,0.000000000000000000e+00,-1.000000000000000000e+00
1.662343978881835938e+01,3.870967626571655273e+00,4.829999923706054688e+01,0.000000000000000000e+00,0.000000000000000000e+00,-1.000000000000000000e+00
1.664775466918945312e+01,4.193548202514648438e+00,4.829999923706054688e+01,0.000000000000000000e+00,0.000000000000000000e+00,-1.000000000000000000e+00
1.667206954956054688e+01,4.516129016876220703e+00,4.829999923706054688e+01,0.000000000000000000e+00,0.000000000000000000e+00,-1.000000000000000000e+00
1.669638442993164062e+01,4.838709831237792969e+00,4.829999923706054688e+01,0.000000000000000000e+00,0.000000000000000000e+00,-1.000000000000000000e+00
1.672070121765136719e+01,5.161290168762207031e+00,4.829999923706054688e+01,0.000000000000000000e+00,0.000000000000000000e+00,-1.000000000000000000e+00
1.674501609802246094e+01,5.483870983123779297e+00,4.829999923706054688e+01,0.000000000000000000e+00,0.000000000000000000e+00,-1.000000000000000000e+00
1.676933097839355469e+01,5.806451797485351562e+00,4.829999923706054688e+01,0.000000000000000000e+00,0.000000000000000000e+00,-1.000000000000000000e+00
1.679364585876464844e+01,6.129032135009765625e+00,4.829999923706054688e+01,0.000000000000000000e+00,0.000000000000000000e+00,-1.000000000000000000e+00
1.681796073913574219e+01,6.451612949371337891e+00,4.829999923706054688e+01,0.000000000000000000e+00,0.000000000000000000e+00,-1.000000000000000000e+00
1.684227561950683594e+01,6.774193763732910156e+00,4.829999923706054688e+01,0.000000000000000000e+00,0.000000000000000000e+00,-1.000000000000000000e+00
1.686659049987792969e+01,7.096774101257324219e+00,4.829999923706054688e+01,0.000000000000000000e+00,0.000000000000000000e+00,-1.000000000000000000e+00
1.689090538024902344e+01,7.419354915618896484e+00,4.829999923706054688e+01,0.000000000000000000e+00,0.000000000000000000e+00,-1.000000000000000000e+00
1.691522216796875000e+01,7.741935253143310547e+00,4.829999923706054688e+01,0.000000000000000000e+00,0.000000000000000000e+00,-1.000000000000000000e+00
1.693953704833984375e+01,8.064516067504882812e+00,4.829999923706054688e+01,0.000000000000000000e+00,0.000000000000000000e+00,-1.000000000000000000e+00
1.696385192871093750e+01,8.387096405029296875e+00,4.829999923706054688e+01,0.000000000000000000e+00,0.000000000000000000e+00,-1.000000000000000000e+00
1.698816680908203125e+01,8.709677696228027344e+00,4.829999923706054688e+01,0.000000000000000000e+00,0.000000000000000000e+00,-1.000000000000000000e+00
1.701248168945312500e+01,9.032258033752441406e+00,4.829999923706054688e+01,0.000000000000000000e+00,0.000000000000000000e+00,-1.000000000000000000e+00
1.703679656982421875e+01,9.354838371276855469e+00,4.829999923706054688e+01,0.000000000000000000e+00,0.000000000000000000e+00,-1.000000000000000000e+00
1.706111145019531250e+01,9.677419662475585938e+00,4.829999923706054688e+01,0.000000000000000000e+00,0.000000000000000000e+00,-1.000000000000000000e+00
1.708542633056640625e+01,1.000000000000000000e+01,4.829999923706054688e+01,0.000000000000000000e+00,0.000000000000000000e+00,-1.000000000000000000e+00
1.708542633056640625e+01,1.000000000000000000e+01,4.829999923706054688e+01,0.000000000000000000e+00,0.000000000000000000e+00,-1.000000000000000000e+00
1.710974311828613281e+01,9.677419662475585938e+00,4.829999923706054688e+01,0.000000000000000000e+00,0.000000000000000000e+00,-1.000000000000000000e+00
1.713405799865722656e+01,9.354838371276855469e+00,4.829999923706054688e+01,0.000000000000000000e+00,0.000000000000000000e+00,-1.000000000000000000e+00
1.715837287902832031e+01,9.032258033752441406e+00,4.829999923706054688e+01,0.000000000000000000e+00,0.000000000000000000e+00,-1.000000000000000000e+00
1.718268775939941406e+01,8.709677696228027344e+00,4.829999923706054688e+01,0.000000000000000000e+00,0.000000000000000000e+00,-1.000000000000000000e+00
1.720700263977050781e+01,8.387096405029296875e+00,4.829999923706054688e+01,0.000000000000000000e+00,0.000000000000000000e+00,-1.000000000000000000e+00
1.723131752014160156e+01,8.064516067504882812e+00,4.829999923706054688e+01,0.000000000000000000e+00,0.000000000000000000e+00,-1.000000000000000000e+00
1.725563240051269531e+01,7.741935253143310547e+00,4.829999923706054688e+01,0.000000000000000000e+00,0.000000000000000000e+00,-1.000000000000000000e+00
1.727994728088378906e+01,7.419354915618896484e+00,4.829999923706054688e+01,0.000000000000000000e+00,0.000000000000000000e+00,-1.000000000000000000e+00
1.730426406860351562e+01,7.096774101257324219e+00,4.829999923706054688e+01,0.000000000000000000e+00,0.000000000000000000e+00,-1.000000000000000000e+00
1.732857894897460938e+01,6.774193763732910156e+00,4.829999923706054688e+01,0.000000000000000000e+00,0.000000000000000000e+00,-1.000000000000000000e+00
1.735289382934570312e+01,6.451612949371337891e+00,4.829999923706054688e+01,0.000000000000000000e+00,0.000000000000000000e+00,-1.000000000000000000e+00
1.737720870971679688e+01,6.129032135009765625e+00,4.829999923706054688e+01,0.000000000000000000e+00,0.000000000000000000e+00,-1.000000000000000000e+00
1.740152359008789062e+01,5.806451797485351562e+00,4.829999923706054688e+01,0.000000000000000000e+00,0.000000000000000000e+00,-1.000000000000000000e+00
1.742583847045898438e+01,5.483870983123779297e+00,4.829999923706054688e+01,0.000000000000000000e+00,0.000000000000000000e+00,-1.000000000000000000e+00
1.745015335083007812e+01,5.161290168762207031e+00,4.829999923706054688e+01,0.000000000000000000e+00,0.000000000000000000e+00,-1.000000000000000000e+00
1.747446823120117188e+01,4.838709831237792969e+00,4.829999923706054688e+01,0.000000000000000000e+00,0.000000000000000000e+00,-1.000000000000000000e+00
1.749878501892089844e+01,4.516129016876220703e+00,4.829999923706054688e+01,0.000000000000000000e+00,0.000000000000000000e+00,-1.000000000000000000e+00
1.752309989929199219e+01,4.193548202514648438e+00,4.829999923706054688e+01,0.000000000000000000e+00,0.000000000000000000e+00,-1.000000000000000000e+00
1.754741477966308594e+01,3.870967626571655273e+00,4.829999923706054688e+01,0.000000000000000000e+00,0.000000000000000000e+00,-1.000000000000000000e+00
1.757172966003417969e+01,3.548387050628662109e+00,4.829999923706054688e+01,0.000000000000000000e+00,0.000000000000000000e+00,-1.000000000000000000e+00
1.759604454040527344e+01,3.225806474685668945e+00,4.829999923706054688e+01,0.000000000000000000e+00,0.000000000000000000e+00,-1.000000000000000000e+00
1.762035942077636719e+01,2.903225898742675781e+00,4.829999923706054688e+01,0.000000000000000000e+00,0.000000000000000000e+00,-1.000000000000000000e+00
1.764467430114746094e+01,2.580645084381103516e+00,4.829999923706054688e+01,0.000000000000000000e+00,0.000000000000000000e+00,-1.000000000000000000e+00
1.766898918151855469e+01,2.258064508438110352e+00,4.829999923706054688e+01,0.000000000000000000e+00,0.000000000000000000e+00,-1.000000000000000000e+00
1.769330596923828125e+01,1.935483813285827637e+00,4.829999923706054688e+01,0.000000000000000000e+00,0.000000000000000000e+00,-1.000000000000000000e+00
1.771762084960937500e+01,1.612903237342834473e+00,4.829999923706054688e+01,0.000000000000000000e+00,0.000000000000000000e+00,-1.000000000000000000e+00
1.774193572998046875e+01,1.290322542190551758e+00,4.829999923706054688e+01,0.000000000000000000e+00,0.000000000000000000e+00,-1.000000000000000000e+00
1.776625061035156250e+01,9.677419066429138184e-01,4.829999923706054688e+01,0.000000000000000000e+00,0.000000000000000000e+00,-1.000000000000000000e+00
1.779056549072265625e+01,6.451612710952758789e-01,4.829999923706054688e+01,0.000000000000000000e+00,0.000000000000000000e+00,-1.000000000000000000e+00
1.781488037109375000e+01,3.225806355476379395e-01,4.829999923706054688e+01,0.000000000000000000e+00,0.000000000000000000e+00,-1.000000000000000000e+00
1.733668327331542969e+01,0.000000000000000000e+00,4.829999923706054688e+01,0.000000000000000000e+00,0.000000000000000000e+00,-1.000000000000000000e+00
1.736099815368652344e+01,-3.225806355476379395e-01,4.829999923706054688e+01,0.000000000000000000e+00,0.000000000000000000e+00,-1.000000000000000000e+00
1.738531303405761719e+01,-6.451612710952758789e-01,4.829999923706054688e+01,0.000000000000000000e+00,0.000000000000000000e+00,-1.000000000000000000e+00
1.740962791442871094e+01,-9.677419066429138184e-01,4.829999923706054688e+01,0.000000000000000000e+00,0.000000000000000000e+00,-1.000000000000000000e+00
1.743394470214843750e+01,-1.290322542190551758e+00,4.829999923706054688e+01,0.000000000000000000e+00,0.000000000000000000e+00,-1.000000000000000000e+00
1.745825958251953125e+01,-1.612903237342834473e+00,4.829999923706054688e+01,0.000000000000000000e+00,0.000000000000000000e+00,-1.000000000000000000e+00
1.748257446289062500e+01,-1.935483813285827637e+00,4.829999923706054688e+01,0.000000000000000000e+00,0.000000000000000000e+00,-1.000000000000000000e+00
1.750688934326171875e+01,-2.258064508438110352e+00,4.829999923706054688e+01,0.000000000000000000e+00,0.000000000000000000e+00,-1.000000000000000000e+00
1.753120422363281250e+01,-2.580645084381103516e+00,4.829999923706054688e+01,0.000000000000000000e+00,0.000000000000000000e+00,-1.000000000000000000e+00
1.755551910400390625e+01,-2.903225898742675781e+00,4.829999923706054688e+01,0.000000000000000000e+00,0.000000000000000000e+00,-1.000000000000000000e+00
1.757983398437500000e+01,-3.225806474685668945e+00,4.829999923706054688e+01,0.000000000000000000e+00,0.000000000000000000e+00,-1.000000000000000000e+00
1.760414886474609375e+01,-3.548387050628662109e+00,4.829999923706054688e+01,0.000000000000000000e+00,0.000000000000000000e+00,-1.000000000000000000e+00
1.762846565246582031e+01,-3.870967626571655273e+00,4.829999923706054688e+01,0.000000000000000000e+00,0.000000000000000000e+00,-1.000000000000000000e+00
1.765278053283691406e+01,-4.193548202514648438e+00,4.829999923706054688e+01,0.000000000000000000e+00,0.000000000000000000e+00,-1.000000000000000000e+00
1.767709541320800781e+01,-4.516129016876220703e+00,4.829999923706054688e+01,0.000000000000000000e+00,0.000000000000000000e+00,-1.000000000000000000e+00
1.770141029357910156e+01,-4.838709831237792969e+00,4.829999923706054688e+01,0.000000000000000000e+00,0.000000000000000000e+00,-1.000000000000000000e+00
1.772572517395019531e+01,-5.161290168762207031e+00,4.829999923706054688e+01,0.000000000000000000e+00,0.000000000000000000e+00,-1.000000000000000000e+00
1.775004005432128906e+01,-5.483870983123779297e+00,4.829999923706054688e+01,0.000000000000000000e+00,0.000000000000000000e+00,-1.000000000000000000e+00
1.777435493469238281e+01,-5.806451797485351562e+00,4.829999923706054688e+01,0.000000000000000000e+00,0.000000000000000000e+00,-1.000000000000000000e+00
1.779867172241210938e+01,-6.129032135009765625e+00,4.829999923706054688e+01,0.000000000000000000e+00,0.000000000000000000e+00,-1.000000000000000000e+00
1.782298660278320312e+01,-6.451612949371337891e+00,4.829999923706054688e+01,0.000000000000000000e+00,0.000000000000000000e+00,-1.000000000000000000e+00
1.784730148315429688e+01,-6.774193763732910156e+00,4.829999923706054688e+01,0.000000000000000000e+00,0.000000000000000000e+00,-1.000000000000000000e+00
1.787161636352539062e+01,-7.096774101257324219e+00,4.829999923706054688e+01,0.000000000000000000e+00,0.000000000000000000e+00,-1.000000000000000000e+00
1.789593124389648438e+01,-7.419354915618896484e+00,4.829999923706054688e+01,0.000000000000000000e+00,0.000000000000000000e+00,-1.000000000000000000e+00
1.792024612426757812e+01,-7.741935253143310547e+00,4.829999923706054688e+01,0.000000000000000000e+00,0.000000000000000000e+00,-1.000000000000000000e+00
1.794456100463867188e+01,-8.064516067504882812e+00,4.829999923706054688e+01,0.000000000000000000e+00,0.000000000000000000e+00,-1.000000000000000000e+00
1.796887588500976562e+01,-8.387096405029296875e+00,4.829999923706054688e+01,0.000000000000000000e+00,0.000000000000000000e+00,-1.000000000000000000e+00
1.799319267272949219e+01,-8.709677696228027344e+00,4.829999923706054688e+01,0.000000000000000000e+00,0.000000000000000000e+00,-1.000000000000000000e+00
1.801750755310058594e+01,-9.032258033752441406e+00,4.829999923706054688e+01,0.000000000000000000e+00,0.000000000000000000e+00,-1.000000000000000000e+00
1.804182243347167969e+01,-9.354838371276855469e+00,4.829999923706054688e+01,0.000000000000000000e+00,0.000000000000000000e+00,-1.000000000000000000e+00
1.806613731384277344e+01,-9.677419662475585938e+00,4.829999923706054688e+01,0.000000000000000000e+00,0.000000000000000000e+00,-1.000000000000000000e+00
1.809045219421386719e+01,-1.000000000000000000e+01,4.829999923706054688e+01,0.000000000000000000e+00,0.000000000000000000e+00,-1.000000000000000000e+00
1.809045219421386719e+01,-1.000000000000000000e+01,4.829999923706054688e+01,0.000000000000000000e+00,0.000000000000000000e+00,-1.000000000000000000e+00
1.811476707458496094e+01,-9.677419662475585938e+00,4.829999923706054688e+01,0.000000000000000000e+00,0.000000000000000000e+00,-1.000000000000000000e+00
1.813908195495605469e+01,-9.354838371276855469e+00,4.829999923706054688e+01,0.000000000000000000e+00,0.000000000000000000e+00,-1.000000000000000000e+00
1.816339683532714844e+01,-9.032258033752441406e+00,4.829999923706054688e+01,0.000000000000000000e+00,0.000000000000000000e+00,-1.000000000000000000e+00
1.818771362304687500e+01,-8.709677696228027344e+00,4.829999923706054688e+01,0.000000000000000000e+00,0.000000000000000000e+00,-1.000000000000000000e+00
1.821202850341796875e+01,-8.387096405029296875e+00,4.829999923706054688e+01,0.000000000000000000e+00,0.000000000000000000e+00,-1.000000000000000000e+00
1.823634338378906250e+01,-8.064516067504882812e+00,4.829999923706054688e+01,0.000000000000000000e+00,0.000000000000000000e+00,-1.000000000000000000e+00
1.826065826416015625e+01,-7.741935253143310547e+00,4.829999923706054688e+01,0.000000000000000000e+00,0.000000000000000000e+00,-1.000000000000000000e+00
1.828497314453125000e+01,-7.419354915618896484e+00,4.829999923706054688e+01,0.000000000000000000e+00,0.000000000000000000e+00,-1.000000000000000000e+00
1.830928802490234375e+01,-7.096774101257324219e+00,4.829999923706054688e+01,0.000000000000000000e+00,0.000000000000000000e+00,-1.000000000000000000e+00
1.833360290527343750e+01,-6.774193763732910156e+00,4.829999923706054688e+01,0.000000000000000000e+00,0.000000000000000000e+00,-1.000000000000000000e+00
1.835791778564453125e+01,-6.451612949371337891e+00,4.829999923706054688e+01,0.000000000000000000e+00,0.000000000000000000e+00,-1.000000000000000000e+00
1.838223457336425781e+01,-6.129032135009765625e+00,4.829999923706054688e+01,0.000000000000000000e+00,0.000000000000000000e+00,-1.000000000000000000e+00
1.840654945373535156e+01,-5.806451797485351562e+00,4.829999923706054688e+01,0.000000000000000000e+00,0.000000000000000000e+00,-1.000000000000000000e+00
1.843086433410644531e+01,-5.483870983123779297e+00,4.829999923706054688e+01,0.000000000000000000e+00,0.000000000000000000e+00,-1.000000000000000000e+00
1.845517921447753906e+01,-5.161290168762207031e+00,4.829999923706054688e+01,0.000000000000000000e+00,0.000000000000000000e+00,-1.000000000000000000e+00
1.847949409484863281e+01,-4.838709831237792969e+00,4.829999923706054688e+01,0.000000000000000000e+00,0.000000000000000000e+00,-1.000000000000000000e+00
1.850380897521972656e+01,-4.516129016876220703e+00,4.829999923706054688e+01,0.000000000000000000e+00,0.000000000000000000e+00,-1.000000000000000000e+00
1.852812385559082031e+01,-4.193548202514648438e+00,4.829999923706054688e+01,0.000000000000000000e+00,0.000000000000000000e+00,-1.000000000000000000e+00
1.855243873596191406e+01,-3.870967626571655273e+00,4.829999923706054688e+01,0.000000000000000000e+00,0.000000000000000000e+00,-1.000000000000000000e+00
1.857675552368164062e+01,-3.548387050628662109e+00,4.829999923706054688e+01,0.000000000000000000e+00,0.000000000000000000e+00,-1.000000000000000000e+00
1.860107040405273438e+01,-3.225806474685668945e+00,4.829999923706054688e+01,0.000000000000000000e+00,0.000000000000000000e+00,-1.000000000000000000e+00
1.862538528442382812e+01,-2.903225898742675781e+00,4.829999923706054688e+01,0.000000000000000000e+00,0.000000000000000000e+00,-1.000000000000000000e+00
1.864970016479492188e+01,-2.580645084381103516e+00,4.829999923706054688e+01,0.000000000000000000e+00,0.000000000000000000e+00,-1.000000000000000000e+00
1.867401504516601562e+01,-2.258064508438110352e+00,4.829999923706054688e+01,0.000000000000000000e+00,0.000000000000000000e+00,-1.000000000000000000e+00
1.869832992553710938e+01,-1.935483813285827637e+00,4.829999923706054688e+01,0.000000000000000000e+00,0.000000000000000000e+00,-1.000000000000000000e+00
1.872264480590820312e+01,-1.612903237342834473e+00,4.829999923706054688e+01,0.000000000000000000e+00,0.000000000000000000e+00,-1.000000000000000000e+00
1.874695968627929688e+01,-1.290322542190551758e+00,4.829999923706054688e+01,0.000000000000000000e+00,0.000000000000000000e+00,-1.000000000000000000e+00
1.877127647399902344e+01,-9.677419066429138184e-01,4.829999923706054688e+01,0.000000000000000000e+00,0.000000000000000000e+00,-1.000000000000000000e+00
1.879559135437011719e+01,-6.451612710952758789e-01,4.829999923706054688e+01,0.000000000000000000e+00,0.000000000000000000e+00,-1.000000000000000000e+00
1.881990623474121094e+01,-3.225806355476379395e-01,4.829999923706054688e+01,0.000000000000000000e+00,0.000000000000000000e+00,-1.000000000000000000e+00
1.834170913696289062e+01,0.000000000000000000e+00,4.829999923706054688e+01,0.000000000000000000e+00,0.000000000000000000e+00,-1.000000000000000000e+00
1.836602401733398438e+01,3.225806355476379395e-01,4.829999923706054688e+01,0.000000000000000000e+00,0.000000000000000000e+00,-1.000000000000000000e+00
1.839033889770507812e+01,6.451612710952758789e-01,4.829999923706054688e+01,0.000000000000000000e+00,0.000000000000000000e+00,-1.000000000000000000e+00
1.841465377807617188e+01,9.677419066429138184e-01,4.829999923706054688e+01,0.000000000000000000e+00,0.000000000000000000e+00,-1.000000000000000000e+00
1.843896865844726562e+01,1.290322542190551758e+00,4.829999923706054688e+01,0.000000000000000000e+00,0.000000000000000000e+00,-1.000000000000000000e+00
1.846328353881835938e+01,1.612903237342834473e+00,4.829999923706054688e+01,0.000000000000000000e+00,0.000000000000000000e+00,-1.000000000000000000e+00
1.848759841918945312e+01,1.935483813285827637e+00,4.829999923706054688e+01,0.000000000000000000e+00,0.000000000000000000e+00,-1.000000000000000000e+00
1.851191520690917969e+01,2.258064508438110352e+00,4.829999923706054688e+01,0.000000000000000000e+00,0.000000000000000000e+00,-1.000000000000000000e+00
1.853623008728027344e+01,2.580645084381103516e+00,4.829999923706054688e+01,0.000000000000000000e+00,0.000000000000000000e+00,-1.000000000000000000e+00
1.856054496765136719e+01,2.903225898742675781e+00,4.829999923706054688e+01,0.000000000000000000e+00,0.000000000000000000e+00,-1.000000000000000000e+00
1.858485984802246094e+01,3.225806474685668945e+00,4.829999923706054688e+01,0.000000000000000000e+00,0.000000000000000000e+00,-1.000000000000000000e+00
1.860917472839355469e+01,3.548387050628662109e+00,4.829999923706054688e+01,0.000000000000000000e+00,0.000000000000000000e+00,-1.000000000000000000e+00
1.863348960876464844e+01,3.870967626571655273e+00,4.829999923706054688e+01,0.000000000000000000e+00,0.000000000000000000e+00,-1.000000000000000000e+00
1.865780448913574219e+01,4.193548202514648438e+00,4.829999923706054688e+01,0.000000000000000000e+00,0.000000000000000000e+00,-1.000000000000000000e+00
1.868211936950683594e+01,4.516129016876220703e+00,4.829999923706054688e+01,0.000000000000000000e+00,0.000000000000000000e+00,-1.000000000000000000e+00
1.870643615722656250e+01,4.838709831237792969e+00,4.829999923706054688e+01,0.000000000000000000e+00,0.000000000000000000e+00,-1.000000000000000000e+00
1.873075103759765625e+01,5.161290168762207031e+00,4.829999923706054688e+01,0.000000000000000000e+00,0.000000000000000000e+00,-1.000000000000000000e+00
1.875506591796875000e+01,5.483870983123779297e+00,4.829999923706054688e+01,0.000000000000000000e+00,0.000000000000000000e+00,-1.000000000000000000e+00
1.877938079833984375e+01,5.806451797485351562e+00,4.829999923706054688e+01,0.000000000000000000e+00,0.000000000000000000e+00,-1.000000000000000000e+00
1.880369567871093750e+01,6.129032135009765625e+00,4.829999923706054688e+01,0.000000000000000000e+00,0.000000000000000000e+00,-1.000000000000000000e+00
1.882801055908203125e+01,6.451612949371337891e+00,4.829999923706054688e+01,0.000000000000000000e+00,0.000000000000000000e+00,-1.000000000000000000e+00
1.885232543945312500e+01,6.774193763732910156e+00,4.829999923706054688e+01,0.000000000000000000e+00,0.000000000000000000e+00,-1.000000000000000000e+00
1.887664031982421875e+01,7.096774101257324219e+00,4.829999923706054688e+01,0.000000000000000000e+00,0.000000000000000000e+00,-1.000000000000000000e+00
1.890095710754394531e+01,7.419354915618896484e+00,4.829999923706054688e+01,0.000000000000000000e+00,0.000000000000000000e+00,-1.000000000000000000e+00
1.892527198791503906e+01,7.741935253143310547e+00,4.829999923706054688e+01,0.000000000000000000e+00,0.000000000000000000e+00,-1.000000000000000000e+00
1.894958686828613281e+01,8.064516067504882812e+00,4.829999923706054688e+01,0.000000000000000000e+00,0.000000000000000000e+00,-1.000000000000000000e+00
1.897390174865722656e+01,8.387096405029296875e+00,4.829999923706054688e+01,0.000000000000000000e+00,0.000000000000000000e+00,-1.000000000000000000e+00
1.899821662902832031e+01,8.709677696228027344e+00,4.829999923706054688e+01,0.000000000000000000e+00,0.000000000000000000e+00,-1.000000000000000000e+00
1.902253150939941406e+01,9.032258033752441406e+00,4.829999923706054688e+01,0.000000000000000000e+00,0.000000000000000000e+00,-1.000000000000000000e+00
1.904684638977050781e+01,9.354838371276855469e+00,4.829999923706054688e+01,0.000000000000000000e+00,0.000000000000000000e+00,-1.000000000000000000e+00
1.907116317749023438e+01,9.677419662475585938e+00,4.829999923706054688e+01,0.000000000000000000e+00,0.000000000000000000e+00,-1.000000000000000000e+00
1.909547805786132812e+01,1.000000000000000000e+01,4.829999923706054688e+01,0.000000000000000000e+00,0.000000000000000000e+00,-1.000000000000000000e+00
1.909547805786132812e+01,1.000000000000000000e+01,4.829999923706054688e+01,0.000000000000000000e+00,0.000000000000000000e+00,-1.000000000000000000e+00
1.911979293823242188e+01,9.677419662475585938e+00,4.829999923706054688e+01,0.000000000000000000e+00,0.000000000000000000e+00,-1.000000000000000000e+00
1.914410781860351562e+01,9.354838371276855469e+00,4.829999923706054688e+01,0.000000000000000000e+00,0.000000000000000000e+00,-1.000000000000000000e+00
1.916842269897460938e+01,9.032258033752441406e+00,4.829999923706054688e+01,0.000000000000000000e+00,0.000000000000000000e+00,-1.000000000000000000e+00
1.919273757934570312e+01,8.709677696228027344e+00,4.829999923706054688e+01,0.000000000000000000e+00,0.000000000000000000e+00,-1.000000000000000000e+00
1.921705245971679688e+01,8.387096405029296875e+00,4.829999923706054688e+01,0.000000000000000000e+00,0.000000000000000000e+00,-1.000000000000000000e+00
1.924136734008789062e+01,8.064516067504882812e+00,4.829999923706054688e+01,0.000000000000000000e+00,0.000000000000000000e+00,-1.000000000000000000e+00
1.926568412780761719e+01,7.741935253143310547e+00,4.829999923706054688e+01,0.000000000000000000e+00,0.000000000000000000e+00,-1.000000000000000000e+00
1.928999900817871094e+01,7.419354915618896484e+00,4.829999923706054688e+01,0.000000000000000000e+00,0.000000000000000000e+00,-1.000000000000000000e+00
1.931431388854980469e+01,7.096774101257324219e+00,4.829999923706054688e+01,0.000000000000000000e+00,0.000000000000000000e+00,-1.000000000000000000e+00
1.933862876892089844e+01,6.774193763732910156e+00,4.829999923706054688e+01,0.000000000000000000e+00,0.000000000000000000e+00,-1.000000000000000000e+00
1.936294364929199219e+01,6.451612949371337891e+00,4.829999923706054688e+01,0.000000000000000000e+00,0.000000000000000000e+00,-1.000000000000000000e+00
1.938725852966308594e+01,6.129032135009765625e+00,4.829999923706054688e+01,0.000000000000000000e+00,0.000000000000000000e+00,-1.000000000000000000e+00
1.941157341003417969e+01,5.806451797485351562e+00,4.829999923706054688e+01,0.000000000000000000e+00,0.000000000000000000e+00,-1.000000000000000000e+00
1.943588829040527344e+01,5.483870983123779297e+00,4.829999923706054688e+01,0.000000000000000000e+00,0.000000000000000000e+00,-1.000000000000000000e+00
1.946020507812500000e+01,5.161290168762207031e+00,4.829999923706054688e+01,0.000000000000000000e+00,0.000000000000000000e+00,-1.000000000000000000e+00
1.948451995849609375e+01,4.838709831237792969e+00,4.829999923706054688e+01,0.000000000000000000e+00,0.000000000000000000e+00,-1.000000000000000000e+00
1.950883483886718750e+01,4.516129016876220703e+00,4.829999923706054688e+01,0.000000000000000000e+00,0.000000000000000000e+00,-1.000000000000000000e+00
1.953314971923828125e+01,4.193548202514648438e+00,4.829999923706054688e+01,0.000000000000000000e+00,0.000000000000000000e+00,-1.000000000000000000e+00
1.955746459960937500e+01,3.870967626571655273e+00,4.829999923706054688e+01,0.000000000000000000e+00,0.000000000000000000e+00,-1.000000000000000000e+00
1.958177947998046875e+01,3.548387050628662109e+00,4.829999923706054688e+01,0.000000000000000000e+00,0.000000000000000000e+00,-1.000000000000000000e+00
1.960609436035156250e+01,3.225806474685668945e+00,4.829999923706054688e+01,0.000000000000000000e+00,0.000000000000000000e+00,-1.000000000000000000e+00
1.963040924072265625e+01,2.903225898742675781e+00,4.829999923706054688e+01,0.000000000000000000e+00,0.000000000000000000e+00,-1.000000000000000000e+00
1.965472602844238281e+01,2.580645084381103516e+00,4.829999923706054688e+01,0.000000000000000000e+00,0.000000000000000000e+00,-1.000000000000000000e+00
1.967904090881347656e+01,2.258064508438110352e+00,4.829999923706054688e+01,0.000000000000000000e+00,0.000000000000000000e+00,-1.000000000000000000e+00
1.970335578918457031e+01,1.935483813285827637e+00,4.829999923706054688e+01,0.000000000000000000e+00,0.000000000000000000e+00,-1.000000000000000000e+00
1.972767066955566406e+01,1.612903237342834473e+00,4.829999923706054688e+01,0.000000000000000000e+00,0.000000000000000000e+00,-1.000000000000000000e+00
1.975198554992675781e+01,1.290322542190551758e+00,4.829999923706054688e+01,0.000000000000000000e+00,0.000000000000000000e+00,-1.000000000000000000e+00
1.977630043029785156e+01,9.677419066429138184e-01,4.829999923706054688e+01,0.000000000000000000e+00,0.000000000000000000e+00,-1.000000000000000000e+00
1.980061531066894531e+01,6.451612710952758789e-01,4.829999923706054688e+01,0.000000000000000000e+00,0.000000000000000000e+00,-1.000000000000000000e+00
1.982493019104003906e+01,3.225806355476379395e-01,4.829999923706054688e+01,0.000000000000000000e+00,0.000000000000000000e+00,-1.000000000000000000e+00
1.934673309326171875e+01,0.000000000000000000e+00,4.829999923706054688e+01,0.000000000000000000e+00,0.000000000000000000e+00,-1.000000000000000000e+00
1.937104797363281250e+01,-3.225806355476379395e-01,4.829999923706054688e+01,0.000000000000000000e+00,0.000000000000000000e+00,-1.000000000000000000e+00
1.939536476135253906e+01,-6.451612710952758789e-01,4.829999923706054688e+01,0.000000000000000000e+00,0.000000000000000000e+00,-1.000000000000000000e+00
1.941967964172363281e+01,-9.677419066429138184e-01,4.829999923706054688e+01,0.000000000000000000e+00,0.000000000000000000e+00,-1.000000000000000000e+00
1.944399452209472656e+01,-1.290322542190551758e+00,4.829999923706054688e+01,0.000000000000000000e+00,0.000000000000000000e+00,-1.000000000000000000e+00
1.946830940246582031e+01,-1.612903237342834473e+00,4.829999923706054688e+01,0.000000000000000000e+00,0.000000000000000000e+00,-1.000000000000000000e+00
1.949262428283691406e+01,-1.935483813285827637e+00,4.829999923706054688e+01,0.000000000000000000e+00,0.000000000000000000e+00,-1.000000000000000000e+00
1.951693916320800781e+01,-2.258064508438110352e+00,4.829999923706054688e+01,0.000000000000000000e+00,0.000000000000000000e+00,-1.000000000000000000e+00
1.954125404357910156e+01,-2.580645084381103516e+00,4.829999923706054688e+01,0.000000000000000000e+00,0.000000000000000000e+00,-1.000000000000000000e+00
1.956556892395019531e+01,-2.903225898742675781e+00,4.829999923706054688e+01,0.000000000000000000e+00,0.000000000000000000e+00,-1.000000000000000000e+00
1.958988571166992188e+01,-3.225806474685668945e+00,4.829999923706054688e+01,0.000000000000000000e+00,0.000000000000000000e+00,-1.000000000000000000e+00
1.961420059204101562e+01,-3.548387050628662109e+00,4.829999923706054688e+01,0.000000000000000000e+00,0.000000000000000000e+00,-1.000000000000000000e+00
1.963851547241210938e+01,-3.870967626571655273e+00,4.829999923706054688e+01,0.000000000000000000e+00,0.000000000000000000e+00,-1.000000000000000000e+00
1.966283035278320312e+01,-4.193548202514648438e+00,4.829999923706054688e+01,0.000000000000000000e+00,0.000000000000000000e+00,-1.000000000000000000e+00
1.968714523315429688e+01,-4.516129016876220703e+00,4.829999923706054688e+01,0.000000000000000000e+00,0.000000000000000000e+00,-1.000000000000000000e+00
1.971146011352539062e+01,-4.838709831237792969e+00,4.829999923706054688e+01,0.000000000000000000e+00,0.000000000000000000e+00,-1.000000000000000000e+00
1.973577499389648438e+01,-5.161290168762207031e+00,4.829999923706054688e+01,0.000000000000000000e+00,0.000000000000000000e+00,-1.000000000000000000e+00
1.976008987426757812e+01,-5.483870983123779297e+00,4.829999923706054688e+01,0.000000000000000000e+00,0.000000000000000000e+00,-1.000000000000000000e+00
1.978440666198730469e+01,-5.806451797485351562e+00,4.829999923706054688e+01,0.000000000000000000e+00,0.000000000000000000e+00,-1.000000000000000000e+00
1.980872154235839844e+01,-6.129032135009765625e+00,4.829999923706054688e+01,0.000000000000000000e+00,0.000000000000000000e+00,-1.000000000000000000e+00
1.983303642272949219e+01,-6.451612949371337891e+00,4.829999923706054688e+01,0.000000000000000000e+00,0.000000000000000000e+00,-1.000000000000000000e+00
1.985735130310058594e+01,-6.774193763732910156e+00,4.829999923706054688e+01,0.000000000000000000e+00,0.000000000000000000e+00,-1.000000000000000000e+00
1.988166618347167969e+01,-7.096774101257324219e+00,4.829999923706054688e+01,0.000000000000000000e+00,0.000000000000000000e+00,-1.000000000000000000e+00
1.990598106384277344e+01,-7.419354915618896484e+00,4.829999923706054688e+01,0.000000000000000000e+00,0.000000000000000000e+00,-1.000000000000000000e+00
1.993029594421386719e+01,-7.741935253143310547e+00,4.829999923706054688e+01,0.000000000000000000e+00,0.000000000000000000e+00,-1.000000000000000000e+00
1.995461082458496094e+01,-8.064516067504882812e+00,4.829999923706054688e+01,0.000000000000000000e+00,0.000000000000000000e+00,-1.000000000000000000e+00
1.997892761230468750e+01,-8.387096405029296875e+00,4.829999923706054688e+01,0.000000000000000000e+00,0.000000000000000000e+00,-1.000000000000000000e+00
2.000324249267578125e+01,-8.709677696228027344e+00,4.829999923706054688e+01,0.000000000000000000e+00,0.000000000000000000e+00,-1.000000000000000000e+00
2.002755737304687500e+01,-9.032258033752441406e+00,4.829999923706054688e+01,0.000000000000000000e+00,0.000000000000000000e+00,-1.000000000000000000e+00
2.005187225341796875e+01,-9.354838371276855469e+00,4.829999923706054688e+01,0.000000000000000000e+00,0.000000000000000000e+00,-1.000000000000000000e+00
2.007618713378906250e+01,-9.677419662475585938e+00,4.829999923706054688e+01,0.000000000000000000e+00,0.000000000000000000e+00,-1.000000000000000000e+00
2.010050201416015625e+01,-1.000000000000000000e+01,4.829999923706054688e+01,0.000000000000000000e+00,0.000000000000000000e+00,-1.000000000000000000e+00
2.010050201416015625e+01,-1.000000000000000000e+01,4.829999923706054688e+01,0.000000000000000000e+00,0.000000000000000000e+00,-1.000000000000000000e+00
2.012481689453125000e+01,-9.677419662475585938e+00,4.829999923706054688e+01,0.000000000000000000e+00,0.000000000000000000e+00,-1.000000000000000000e+00
2.014913368225097656e+01,-9.354838371276855469e+00,4.829999923706054688e+01,0.000000000000000000e+00,0.000000000000000000e+00,-1.000000000000000000e+00
2.017344856262207031e+01,-9.032258033752441406e+00,4.829999923706054688e+01,0.000000000000000000e+00,0.000000000000000000e+00,-1.000000000000000000e+00
2.019776344299316406e+01,-8.709677696228027344e+00,4.829999923706054688e+01,0.000000000000000000e+00,0.000000000000000000e+00,-1.000000000000000000e+00
2.022207832336425781e+01,-8.387096405029296875e+00,4.829999923706054688e+01,0.000000000000000000e+00,0.000000000000000000e+00,-1.000000000000000000e+00
2.024639320373535156e+01,-8.064516067504882812e+00,4.829999923706054688e+01,0.000000000000000000e+00,0.000000000000000000e+00,-1.000000000000000000e+00
2.027070808410644531e+01,-7.741935253143310547e+00,4.829999923706054688e+01,0.000000000000000000e+00,0.000000000000000000e+00,-1.000000000000000000e+00
2.029502296447753906e+01,-7.419354915618896484e+00,4.829999923706054688e+01,0.000000000000000000e+00,0.000000000000000000e+00,-1.000000000000000000e+00
2.031933784484863281e+01,-7.096774101257324219e+00,4.829999923706054688e+01,0.000000000000000000e+00,0.000000000000000000e+00,-1.000000000000000000e+00
2.034365463256835938e+01,-6.774193763732910156e+00,4.829999923706054688e+01,0.000000000000000000e+00,0.000000000000000000e+00,-1.000000000000000000e+00
2.036796951293945312e+01,-6.451612949371337891e+00,4.829999923706054688e+01,0.000000000000000000e+00,0.000000000000000000e+00,-1.000000000000000000e+00
2.039228439331054688e+01,-6.129032135009765625e+00,4.829999923706054688e+01,0.000000000000000000e+00,0.000000000000000000e+00,-1.000000000000000000e+00
2.041659927368164062e+01,-5.806451797485351562e+00,4.829999923706054688e+01,0.000000000000000000e+00,0.000000000000000000e+00,-1.000000000000000000e+00
2.044091415405273438e+01,-5.483870983123779297e+00,4.829999923706054688e+01,0.000000000000000000e+00,0.000000000000000000e+00,-1.000000000000000000e+00
2.046522903442382812e+01,-5.161290168762207031e+00,4.829999923706054688e+01,0.000000000000000000e+00,0.000000000000000000e+00,-1.000000000000000000e+00
2.048954391479492188e+01,-4.838709831237792969e+00,4.829999923706054688e+01,0.000000000000000000e+00,0.000000000000000000e+00,-1.000000000000000000e+00
2.051385879516601562e+01,-4.516129016876220703e+00,4.829999923706054688e+01,0.000000000000000000e+00,0.000000000000000000e+00,-1.000000000000000000e+00
2.053817558288574219e+01,-4.193548202514648438e+00,4.829999923706054688e+01,0.000000000000000000e+00,0.000000000000000000e+00,-1.000000000000000000e+00
2.056249046325683594e+01,-3.870967626571655273e+00,4.829999923706054688e+01,0.000000000000000000e+00,0.000000000000000000e+00,-1.000000000000000000e+00
2.058680534362792969e+01,-3.548387050628662109e+00,4.829999923706054688e+01,0.000000000000000000e+00,0.000000000000000000e+00,-1.000000000000000000e+00
2.061112022399902344e+01,-3.225806474685668945e+00,4.829999923706054688e+01,0.000000000000000000e+00,0.000000000000000000e+00,-1.000000000000000000e+00
2.063543510437011719e+01,-2.903225898742675781e+00,4.829999923706054688e+01,0.000000000000000000e+00,0.000000000000000000e+00,-1.000000000000000000e+00
2.065974998474121094e+01,-2.580645084381103516e+00,4.829999923706054688e+01,0.000000000000000000e+00,0.000000000000000000e+00,-1.000000000000000000e+00
2.068406486511230469e+01,-2.258064508438110352e+00,4.829999923706054688e+01,0.000000000000000000e+00,0.000000000000000000e+00,-1.000000000000000000e+00
2.070837974548339844e+01,-1.935483813285827637e+00,4.829999923706054688e+01,0.000000000000000000e+00,0.000000000000000000e+00,-1.000000000000000000e+00
2.073269653320312500e+01,-1.612903237342834473e+00,4.829999923706054688e+01,0.000000000000000000e+00,0.000000000000000000e+00,-1.000000000000000000e+00
2.075701141357421875e+01,-1.290322542190551758e+00,4.829999923706054688e+01,0.000000000000000000e+00,0.000000000000000000e+00,-1.000000000000000000e+00
2.078132629394531250e+01,-9.677419066429138184e-01,4.829999923706054688e+01,0.000000000000000000e+00,0.000000000000000000e+00,-1.000000000000000000e+00
2.080564117431640625e+01,-6.451612710952758789e-01,4.829999923706054688e+01,0.000000000000000000e+00,0.000000000000000000e+00,-1.000000000000000000e+00
2.082995605468750000e+01,-3.225806355476379395e-01,4.829999923706054688e+01,0.000000000000000000e+00,0.000000000000000000e+00,-1.000000000000000000e+00
2.035175895690917969e+01,0.000000000000000000e+00,4.829999923706054688e+01,0.000000000000000000e+00,0.000000000000000000e+00,-1.000000000000000000e+00
2.037607383728027344e+01,3.225806355476379395e-01,4.829999923706054688e+01,0.000000000000000000e+00,0.000000000000000000e+00,-1.000000000000000000e+00
2.040038871765136719e+01,6.451612710952758789e-01,4.829999923706054688e+01,0.000000000000000000e+00,0.000000000000000000e+00,-1.000000000000000000e+00
2.042470359802246094e+01,9.677419066429138184e-01,4.829999923706054688e+01,0.000000000000000000e+00,0.000000000000000000e+00,-1.000000000000000000e+00
2.044901847839355469e+01,1.290322542190551758e+00,4.829999923706054688e+01,0.000000000000000000e+00,0.000000000000000000e+00,-1.000000000000000000e+00
2.047333526611328125e+01,1.612903237342834473e+00,4.829999923706054688e+01,0.000000000000000000e+00,0.000000000000000000e+00,-1.000000000000000000e+00
2.049765014648437500e+01,1.935483813285827637e+00,4.829999923706054688e+01,0.000000000000000000e+00,0.000000000000000000e+00,-1.000000000000000000e+00
2.052196502685546875e+01,2.258064508438110352e+00,4.829999923706054688e+01,0.000000000000000000e+00,0.000000000000000000e+00,-1.000000000000000000e+00
2.054627990722656250e+01,2.580645084381103516e+00,4.829999923706054688e+01,0.000000000000000000e+00,0.000000000000000000e+00,-1.000000000000000000e+00
2.057059478759765625e+01,2.903225898742675781e+00,4.829999923706054688e+01,0.000000000000000000e+00,0.000000000000000000e+00,-1.000000000000000000e+00
2.059490966796875000e+01,3.225806474685668945e+00,4.829999923706054688e+01,0.000000000000000000e+00,0.000000000000000000e+00,-1.000000000000000000e+00
2.061922454833984375e+01,3.548387050628662109e+00,4.829999923706054688e+01,0.000000000000000000e+00,0.000000000000000000e+00,-1.000000000000000000e+00
2.064353942871093750e+01,3.870967626571655273e+00,4.829999923706054688e+01,0.000000000000000000e+00,0.000000000000000000e+00,-1.000000000000000000e+00
2.066785621643066406e+01,4.193548202514648438e+00,4.829999923706054688e+01,0.000000000000000000e+00,0.000000000000000000e+00,-1.000000000000000000e+00
2.069217109680175781e+01,4.516129016876220703e+00,4.829999923706054688e+01,0.000000000000000000e+00,0.000000000000000000e+00,-1.000000000000000000e+00
2.071648597717285156e+01,4.838709831237792969e+00,4.829999923706054688e+01,0.000000000000000000e+00,0.000000000000000000e+00,-1.000000000000000000e+00
2.074080085754394531e+01,5.161290168762207031e+00,4.829999923706054688e+01,0.000000000000000000e+00,0.000000000000000000e+00,-1.000000000000000000e+00
2.076511573791503906e+01,5.483870983123779297e+00,4.829999923706054688e+01,0.000000000000000000e+00,0.000000000000000000e+00,-1.000000000000000000e+00
2.078943061828613281e+01,5.806451797485351562e+00,4.829999923706054688e+01,0.000000000000000000e+00,0.000000000000000000e+00,-1.000000000000000000e+00
2.081374549865722656e+01,6.129032135009765625e+00,4.829999923706054688e+01,0.000000000000000000e+00,0.000000000000000000e+00,-1.000000000000000000e+00
2.083806037902832031e+01,6.451612949371337891e+00,4.829999923706054688e+01,0.000000000000000000e+00,0.000000000000000000e+00,-1.000000000000000000e+00
2.086237716674804688e+01,6.774193763732910156e+00,4.829999923706054688e+01,0.000000000000000000e+00,0.000000000000000000e+00,-1.000000000000000000e+00
2.088669204711914062e+01,7.096774101257324219e+00,4.829999923706054688e+01,0.000000000000000000e+00,0.000000000000000000e+00,-1.000000000000000000e+00
2.091100692749023438e+01,7.419354915618896484e+00,4.829999923706054688e+01,0.000000000000000000e+00,0.000000000000000000e+00,-1.000000000000000000e+00
2.093532180786132812e+01,7.741935253143310547e+00,4.829999923706054688e+01,0.000000000000000000e+00,0.000000000000000000e+00,-1.000000000000000000e+00
2.095963668823242188e+01,8.064516067504882812e+00,4.829999923706054688e+01,0.000000000000000000e+00,0.000000000000000000e+00,-1.000000000000000000e+00
2.098395156860351562e+01,8.387096405029296875e+00,4.829999923706054688e+01,0.000000000000000000e+00,0.000000000000000000e+00,-1.000000000000000000e+00
2.100826644897460938e+01,8.709677696228027344e+00,4.829999923706054688e+01,0.000000000000000000e+00,0.000000000000000000e+00,-1.000000000000000000e+00
2.103258132934570312e+01,9.032258033752441406e+00,4.829999923706054688e+01,0.000000000000000000e+00,0.000000000000000000e+00,-1.000000000000000000e+00
2.105689811706542969e+01,9.354838371276855469e+00,4.829999923706054688e+01,0.000000000000000000e+00,0.000000000000000000e+00,-1.000000000000000000e+00
2.108121299743652344e+01,9.677419662475585938e+00,4.829999923706054688e+01,0.000000000000000000e+00,0.000000000000000000e+00,-1.000000000000000000e+00
2.110552787780761719e+01,1.000000000000000000e+01,4.829999923706054688e+01,0.000000000000000000e+00,0.000000000000000000e+00,-1.000000000000000000e+00
2.110552787780761719e+01,1.000000000000000000e+01,4.829999923706054688e+01,0.000000000000000000e+00,0.000000000000000000e+00,-1.000000000000000000e+00
2.112984275817871094e+01,9.677419662475585938e+00,4.829999923706054688e+01,0.000000000000000000e+00,0.000000000000000000e+00,-1.000000000000000000e+00
2.115415763854980469e+01,9.354838371276855469e+00,4.829999923706054688e+01,0.000000000000000000e+00,0.000000000000000000e+00,-1.000000000000000000e+00
2.117847251892089844e+01,9.032258033752441406e+00,4.829999923706054688e+01,0.000000000000000000e+00,0.000000000000000000e+00,-1.000000000000000000e+00
2.120278739929199219e+01,8.709677696228027344e+00,4.829999923706054688e+01,0.000000000000000000e+00,0.000000000000000000e+00,-1.000000000000000000e+00
2.122710418701171875e+01,8.387096405029296875e+00,4.829999923706054688e+01,0.000000000000000000e+00,0.000000000000000000e+00,-1.000000000000000000e+00
2.125141906738281250e+01,8.064516067504882812e+00,4.829999923706054688e+01,0.000000000000000000e+00,0.000000000000000000e+00,-1.000000000000000000e+00
2.127573394775390625e+01,7.741935253143310547e+00,4.829999923706054688e+01,0.000000000000000000e+00,0.000000000000000000e+00,-1.000000000000000000e+00
2.130004882812500000e+01,7.419354915618896484e+00,4.829999923706054688e+01,0.000000000000000000e+00,0.000000000000000000e+00,-1.000000000000000000e+00
2.132436370849609375e+01,7.096774101257324219e+00,4.829999923706054688e+01,0.000000000000000000e+00,0.000000000000000000e+00,-1.000000000000000000e+00
2.134867858886718750e+01,6.774193763732910156e+00,4.829999923706054688e+01,0.000000000000000000e+00,0.000000000000000000e+00,-1.000000000000000000e+00
2.137299346923828125e+01,6.451612949371337891e+00,4.829999923706054688e+01,0.000000000000000000e+00,0.000000000000000000e+00,-1.000000000000000000e+00
2.139730834960937500e+01,6.129032135009765625e+00,4.829999923706054688e+01,0.000000000000000000e+00,0.000000000000000000e+00,-1.000000000000000000e+00
2.142162513732910156e+01,5.806451797485351562e+00,4.829999923706054688e+01,0.000000000000000000e+00,0.000000000000000000e+00,-1.000000000000000000e+00
2.144594001770019531e+01,5.483870983123779297e+00,4.829999923706054688e+01,0.000000000000000000e+00,0.000000000000000000e+00,-1.000000000000000000e+00
2.147025489807128906e+01,5.161290168762207031e+00,4.829999923706054688e+01,0.000000000000000000e+00,0.000000000000000000e+00,-1.000000000000000000e+00
2.149456977844238281e+01,4.838709831237792969e+00,4.829999923706054688e+01,0.000000000000000000e+00,0.000000000000000000e+00,-1.000000000000000000e+00
2.151888465881347656e+01,4.516129016876220703e+00,4.829999923706054688e+01,0.000000000000000000e+00,0.000000000000000000e+00,-1.000000000000000000e+00
2.154319953918457031e+01,4.193548202514648438e+00,4.829999923706054688e+01,0.000000000000000000e+00,0.000000000000000000e+00,-1.000000000000000000e+00
2.156751441955566406e+01,3.870967626571655273e+00,4.829999923706054688e+01,0.000000000000000000e+00,0.000000000000000000e+00,-1.000000000000000000e+00
2.159182929992675781e+01,3.548387050628662109e+00,4.829999923706054688e+01,0.000000000000000000e+00,0.000000000000000000e+00,-1.000000000000000000e+00
2.161614608764648438e+01,3.225806474685668945e+00,4.829999923706054688e+01,0.000000000000000000e+00,0.000000000000000000e+00,-1.000000000000000000e+00
2.164046096801757812e+01,2.903225898742675781e+00,4.829999923706054688e+01,0.000000000000000000e+00,0.000000000000000000e+00,-1.000000000000000000e+00
2.166477584838867188e+01,2.580645084381103516e+00,4.829999923706054688e+01,0.000000000000000000e+00,0.000000000000000000e+00,-1.000000000000000000e+00
2.168909072875976562e+01,2.258064508438110352e+00,4.829999923706054688e+01,0.000000000000000000e+00,0.000000000000000000e+00,-1.000000000000000000e+00
2.171340560913085938e+01,1.935483813285827637e+00,4.829999923706054688e+01,0.000000000000000000e+00,0.000000000000000000e+00,-1.000000000000000000e+00
2.173772048950195312e+01,1.612903237342834473e+00,4.829999923706054688e+01,0.000000000000000000e+00,0.000000000000000000e+00,-1.000000000000000000e+00
2.176203536987304688e+01,1.290322542190551758e+00,4.829999923706054688e+01,0.000000000000000000e+00,0.000000000000000000e+00,-1.000000000000000000e+00
2.178635025024414062e+01,9.677419066429138184e-01,4.829999923706054688e+01,0.000000000000000000e+00,0.000000000000000000e+00,-1.000000000000000000e+00
2.181066703796386719e+01,6.451612710952758789e-01,4.829999923706054688e+01,0.000000000000000000e+00,0.000000000000000000e+00,-1.000000000000000000e+00
2.183498191833496094e+01,3.225806355476379395e-01,4.829999923706054688e+01,0.000000000000000000e+00,0.000000000000000000e+00,-1.000000000000000000e+00
2.135678482055664062e+01,0.000000000000000000e+00,4.829999923706054688e+01,0.000000000000000000e+00,0.000000000000000000e+00,-1.000000000000000000e+00
2.138109970092773438e+01,-3.225806355476379395e-01,4.829999923706054688e+01,0.000000000000000000e+00,0.000000000000000000e+00,-1.000000000000000000e+00
2.140541458129882812e+01,-6.451612710952758789e-01,4.829999923706054688e+01,0.000000000000000000e+00,0.000000000000000000e+00,-1.000000000000000000e+00
2.142972946166992188e+01,-9.677419066429138184e-01,4.829999923706054688e+01,0.000000000000000000e+00,0.000000000000000000e+00,-1.000000000000000000e+00
2.145404434204101562e+01,-1.290322542190551758e+00,4.829999923706054688e+01,0.000000000000000000e+00,0.000000000000000000e+00,-1.000000000000000000e+00
2.147835922241210938e+01,-1.612903237342834473e+00,4.829999923706054688e+01,0.000000000000000000e+00,0.000000000000000000e+00,-1.000000000000000000e+00
2.150267410278320312e+01,-1.935483813285827637e+00,4.829999923706054688e+01,0.000000000000000000e+00,0.000000000000000000e+00,-1.000000000000000000e+00
2.152698898315429688e+01,-2.258064508438110352e+00,4.829999923706054688e+01,0.000000000000000000e+00,0.000000000000000000e+00,-1.000000000000000000e+00
2.155130577087402344e+01,-2.580645084381103516e+00,4.829999923706054688e+01,0.000000000000000000e+00,0.000000000000000000e+00,-1.000000000000000000e+00
2.157562065124511719e+01,-2.903225898742675781e+00,4.829999923706054688e+01,0.000000000000000000e+00,0.000000000000000000e+00,-1.000000000000000000e+00
2.159993553161621094e+01,-3.225806474685668945e+00,4.829999923706054688e+01,0.000000000000000000e+00,0.000000000000000000e+00,-1.000000000000000000e+00
2.162425041198730469e+01,-3.548387050628662109e+00,4.829999923706054688e+01,0.000000000000000000e+00,0.000000000000000000e+00,-1.000000000000000000e+00
2.164856529235839844e+01,-3.870967626571655273e+00,4.829999923706054688e+01,0.000000000000000000e+00,0.000000000000000000e+00,-1.000000000000000000e+00
2.167288017272949219e+01,-4.193548202514648438e+00,4.829999923706054688e+01,0.000000000000000000e+00,0.000000000000000000e+00,-1.000000000000000000e+00
2.169719505310058594e+01,-4.516129016876220703e+00,4.829999923706054688e+01,0.000000000000000000e+00,0.000000000000000000e+00,-1.000000000000000000e+00
2.172150993347167969e+01,-4.838709831237792969e+00,4.829999923706054688e+01,0.000000000000000000e+00,0.000000000000000000e+00,-1.000000000000000000e+00
2.174582672119140625e+01,-5.161290168762207031e+00,4.829999923706054688e+01,0.000000000000000000e+00,0.000000000000000000e+00,-1.000000000000000000e+00
2.177014160156250000e+01,-5.483870983123779297e+00,4.829999923706054688e+01,0.000000000000000000e+00,0.000000000000000000e+00,-1.000000000000000000e+00
2.179445648193359375e+01,-5.806451797485351562e+00,4.829999923706054688e+01,0.000000000000000000e+00,0.000000000000000000e+00,-1.000000000000000000e+00
2.181877136230468750e+01,-6.129032135009765625e+00,4.829999923706054688e+01,0.000000000000000000e+00,0.000000000000000000e+00,-1.000000000000000000e+00
2.184308624267578125e+01,-6.451612949371337891e+00,4.829999923706054688e+01,0.000000000000000000e+00,0.000000000000000000e+00,-1.000000000000000000e+00
2.186740112304687500e+01,-6.774193763732910156e+00,4.829999923706054688e+01,0.000000000000000000e+00,0.000000000000000000e+00,-1.000000000000000000e+00
2.189171600341796875e+01,-7.096774101257324219e+00,4.829999923706054688e+01,0.000000000000000000e+00,0.000000000000000000e+00,-1.000000000000000000e+00
2.191603088378906250e+01,-7.419354915618896484e+00,4.829999923706054688e+01,0.000000000000000000e+00,0.000000000000000000e+00,-1.000000000000000000e+00
2.194034767150878906e+01,-7.741935253143310547e+00,4.829999923706054688e+01,0.000000000000000000e+00,0.000000000000000000e+00,-1.000000000000000000e+00
2.196466255187988281e+01,-8.064516067504882812e+00,4.829999923706054688e+01,0.000000000000000000e+00,0.000000000000000000e+00,-1.000000000000000000e+00
2.198897743225097656e+01,-8.387096405029296875e+00,4.829999923706054688e+01,0.000000000000000000e+00,0.000000000000000000e+00,-1.000000000000000000e+00
2.201329231262207031e+01,-8.709677696228027344e+00,4.829999923706054688e+01,0.000000000000000000e+00,0.000000000000000000e+00,-1.000000000000000000e+00
2.203760719299316406e+01,-9.032258033752441406e+00,4.829999923706054688e+01,0.000000000000000000e+00,0.000000000000000000e+00,-1.000000000000000000e+00
2.206192207336425781e+01,-9.354838371276855469e+00,4.829999923706054688e+01,0.000000000000000000e+00,0.000000000000000000e+00,-1.000000000000000000e+00
2.208623695373535156e+01,-9.677419662475585938e+00,4.829999923706054688e+01,0.000000000000000000e+00,0.000000000000000000e+00,-1.000000000000000000e+00
2.211055183410644531e+01,-1.000000000000000000e+01,4.829999923706054688e+01,0.000000000000000000e+00,0.000000000000000000e+00,-1.000000000000000000e+00
2.211055183410644531e+01,-1.000000000000000000e+01,4.829999923706054688e+01,0.000000000000000000e+00,0.000000000000000000e+00,-1.000000000000000000e+00
2.213486862182617188e+01,-9.677419662475585938e+00,4.829999923706054688e+01,0.000000000000000000e+00,0.000000000000000000e+00,-1.000000000000000000e+00
2.215918350219726562e+01,-9.354838371276855469e+00,4.829999923706054688e+01,0.000000000000000000e+00,0.000000000000000000e+00,-1.000000000000000000e+00
2.218349838256835938e+01,-9.032258033752441406e+00,4.829999923706054688e+01,0.000000000000000000e+00,0.000000000000000000e+00,-1.000000000000000000e+00
2.220781326293945312e+01,-8.709677696228027344e+00,4.829999923706054688e+01,0.000000000000000000e+00,0.000000000000000000e+00,-1.000000000000000000e+00
2.223212814331054688e+01,-8.387096405029296875e+00,4.829999923706054688e+01,0.000000000000000000e+00,0.000000000000000000e+00,-1.000000000000000000e+00
2.225644302368164062e+01,-8.064516067504882812e+00,4.829999923706054688e+01,0.000000000000000000e+00,0.000000000000000000e+00,-1.000000000000000000e+00
2.228075790405273438e+01,-7.741935253143310547e+00,4.829999923706054688e+01,0.000000000000000000e+00,0.000000000000000000e+00,-1.000000000000000000e+00
2.230507469177246094e+01,-7.419354915618896484e+00,4.829999923706054688e+01,0.000000000000000000e+00,0.000000000000000000e+00,-1.000000000000000000e+00
2.232938957214355469e+01,-7.096774101257324219e+00,4.829999923706054688e+01,0.000000000000000000e+00,0.000000000000000000e+00,-1.000000000000000000e+00
2.235370445251464844e+01,-6.774193763732910156e+00,4.829999923706054688e+01,0.000000000000000000e+00,0.000000000000000000e+00,-1.000000000000000000e+00
2.237801933288574219e+01,-6.451612949371337891e+00,4.829999923706054688e+01,0.000000000000000000e+00,0.000000000000000000e+00,-1.000000000000000000e+00
2.240233421325683594e+01,-6.129032135009765625e+00,4.829999923706054688e+01,0.000000000000000000e+00,0.000000000000000000e+00,-1.000000000000000000e+00
2.242664909362792969e+01,-5.806451797485351562e+00,4.829999923706054688e+01,0.000000000000000000e+00,0.000000000000000000e+00,-1.000000000000000000e+00
2.245096397399902344e+01,-5.483870983123779297e+00,4.829999923706054688e+01,0.000000000000000000e+00,0.000000000000000000e+00,-1.000000000000000000e+00
2.247527885437011719e+01,-5.161290168762207031e+00,4.829999923706054688e+01,0.000000000000000000e+00,0.000000000000000000e+00,-1.000000000000000000e+00
2.249959564208984375e+01,-4.838709831237792969e+00,4.829999923706054688e+01,0.000000000000000000e+00,0.000000000000000000e+00,-1.000000000000000000e+00
2.252391052246093750e+01,-4.516129016876220703e+00,4.829999923706054688e+01,0.000000000000000000e+00,0.000000000000000000e+00,-1.000000000000000000e+00
2.254822540283203125e+01,-4.193548202514648438e+00,4.829999923706054688e+01,0.000000000000000000e+00,0.000000000000000000e+00,-1.000000000000000000e+00
2.257254028320312500e+01,-3.870967626571655273e+00,4.829999923706054688e+01,0.000000000000000000e+00,0.000000000000000000e+00,-1.000000000000000000e+00
2.259685516357421875e+01,-3.548387050628662109e+00,4.829999923706054688e+01,0.000000000000000000e+00,0.000000000000000000e+00,-1.000000000000000000e+00
2.262117004394531250e+01,-3.225806474685668945e+00,4.829999923706054688e+01,0.000000000000000000e+00,0.000000000000000000e+00,-1.000000000000000000e+00
2.264548492431640625e+01,-2.903225898742675781e+00,4.829999923706054688e+01,0.000000000000000000e+00,0.000000000000000000e+00,-1.000000000000000000e+00
2.266979980468750000e+01,-2.580645084381103516e+00,4.829999923706054688e+01,0.000000000000000000e+00,0.000000000000000000e+00,-1.000000000000000000e+00
2.269411659240722656e+01,-2.258064508438110352e+00,4.829999923706054688e+01,0.000000000000000000e+00,0.000000000000000000e+00,-1.000000000000000000e+00
2.271843147277832031e+01,-1.935483813285827637e+00,4.829999923706054688e+01,0.000000000000000000e+00,0.000000000000000000e+00,-1.000000000000000000e+00
2.274274635314941406e+01,-1.612903237342834473e+00,4.829999923706054688e+01,0.000000000000000000e+00,0.000000000000000000e+00,-1.000000000000000000e+00
2.276706123352050781e+01,-1.290322542190551758e+00,4.829999923706054688e+01,0.000000000000000000e+00,0.000000000000000000e+00,-1.000000000000000000e+00
2.279137611389160156e+01,-9.677419066429138184e-01,4.829999923706054688e+01,0.000000000000000000e+00,0.000000000000000000e+00,-1.000000000000000000e+00
2.281569099426269531e+01,-6.451612710952758789e-01,4.829999923706054688e+01,0.000000000000000000e+00,0.000000000000000000e+00,-1.000000000000000000e+00
2.284000587463378906e+01,-3.225806355476379395e-01,4.829999923706054688e+01,0.000000000000000000e+00,0.000000000000000000e+00,-1.000000000000000000e+00
2.236180877685546875e+01,0.000000000000000000e+00,4.829999923706054688e+01,0.000000000000000000e+00,0.000000000000000000e+00,-1.000000000000000000e+00
2.238612365722656250e+01,3.225806355476379395e-01,4.829999923706054688e+01,0.000000000000000000e+00,0.000000000000000000e+00,-1.000000000000000000e+00
2.241043853759765625e+01,6.451612710952758789e-01,4.829999923706054688e+01,0.000000000000000000e+00,0.000000000000000000e+00,-1.000000000000000000e+00
2.243475532531738281e+01,9.677419066429138184e-01,4.829999923706054688e+01,0.000000000000000000e+00,0.000000000000000000e+00,-1.000000000000000000e+00
2.245907020568847656e+01,1.290322542190551758e+00,4.829999923706054688e+01,0.000000000000000000e+00,0.000000000000000000e+00,-1.000000000000000000e+00
2.248338508605957031e+01,1.612903237342834473e+00,4.829999923706054688e+01,0.000000000000000000e+00,0.000000000000000000e+00,-1.000000000000000000e+00
2.250769996643066406e+01,1.935483813285827637e+00,4.829999923706054688e+01,0.000000000000000000e+00,0.000000000000000000e+00,-1.000000000000000000e+00
2.253201484680175781e+01,2.258064508438110352e+00,4.829999923706054688e+01,0.000000000000000000e+00,0.000000000000000000e+00,-1.000000000000000000e+00
2.255632972717285156e+01,2.580645084381103516e+00,4.829999923706054688e+01,0.000000000000000000e+00,0.000000000000000000e+00,-1.000000000000000000e+00
2.258064460754394531e+01,2.903225898742675781e+00,4.829999923706054688e+01,0.000000000000000000e+00,0.000000000000000000e+00,-1.000000000000000000e+00
2.260495948791503906e+01,3.225806474685668945e+00,4.829999923706054688e+01,0.000000000000000000e+00,0.000000000000000000e+00,-1.000000000000000000e+00
2.262927627563476562e+01,3.548387050628662109e+00,4.829999923706054688e+01,0.000000000000000000e+00,0.000000000000000000e+00,-1.000000000000000000e+00
2.265359115600585938e+01,3.870967626571655273e+00,4.829999923706054688e+01,0.000000000000000000e+00,0.000000000000000000e+00,-1.000000000000000000e+00
2.267790603637695312e+01,4.193548202514648438e+00,4.829999923706054688e+01,0.000000000000000000e+00,0.000000000000000000e+00,-1.000000000000000000e+00
2.270222091674804688e+01,4.516129016876220703e+00,4.829999923706054688e+01,0.000000000000000000e+00,0.000000000000000000e+00,-1.000000000000000000e+00
2.272653579711914062e+01,4.838709831237792969e+00,4.829999923706054688e+01,0.000000000000000000e+00,0.000000000000000000e+00,-1.000000000000000000e+00
2.275085067749023438e+01,5.161290168762207031e+00,4.829999923706054688e+01,0.000000000000000000e+00,0.000000000000000000e+00,-1.000000000000000000e+00
2.277516555786132812e+01,5.483870983123779297e+00,4.829999923706054688e+01,0.000000000000000000e+00,0.000000000000000000e+00,-1.000000000000000000e+00
2.279948043823242188e+01,5.806451797485351562e+00,4.829999923706054688e+01,0.000000000000000000e+00,0.000000000000000000e+00,-1.000000000000000000e+00
2.282379722595214844e+01,6.129032135009765625e+00,4.829999923706054688e+01,0.000000000000000000e+00,0.000000000000000000e+00,-1.000000000000000000e+00
2.284811210632324219e+01,6.451612949371337891e+00,4.829999923706054688e+01,0.000000000000000000e+00,0.000000000000000000e+00,-1.000000000000000000e+00
2.287242698669433594e+01,6.774193763732910156e+00,4.829999923706054688e+01,0.000000000000000000e+00,0.000000000000000000e+00,-1.000000000000000000e+00
2.289674186706542969e+01,7.096774101257324219e+00,4.829999923706054688e+01,0.000000000000000000e+00,0.000000000000000000e+00,-1.000000000000000000e+00
2.292105674743652344e+01,7.419354915618896484e+00,4.829999923706054688e+01,0.000000000000000000e+00,0.000000000000000000e+00,-1.000000000000000000e+00
2.294537162780761719e+01,7.741935253143310547e+00,4.829999923706054688e+01,0.000000000000000000e+00,0.000000000000000000e+00,-1.000000000000000000e+00
2.296968650817871094e+01,8.064516067504882812e+00,4.829999923706054688e+01,0.000000000000000000e+00,0.000000000000000000e+00,-1.000000000000000000e+00
2.299400138854980469e+01,8.387096405029296875e+00,4.829999923706054688e+01,0.000000000000000000e+00,0.000000000000000000e+00,-1.000000000000000000e+00
2.301831817626953125e+01,8.709677696228027344e+00,4.829999923706054688e+01,0.000000000000000000e+00,0.000000000000000000e+00,-1.000000000000000000e+00
2.304263305664062500e+01,9.032258033752441406e+00,4.829999923706054688e+01,0.000000000000000000e+00,0.000000000000000000e+00,-1.000000000000000000e+00
2.306694793701171875e+01,9.354838371276855469e+00,4.829999923706054688e+01,0.000000000000000000e+00,0.000000000000000000e+00,-1.000000000000000000e+00
2.309126281738281250e+01,9.677419662475585938e+00,4.829999923706054688e+01,0.000000000000000000e+00,0.000000000000000000e+00,-1.000000000000000000e+00
2.311557769775390625e+01,1.000000000000000000e+01,4.829999923706054688e+01,0.000000000000000000e+00,0.000000000000000000e+00,-1.000000000000000000e+00
2.311557769775390625e+01,1.000000000000000000e+01,4.829999923706054688e+01,0.000000000000000000e+00,0.000000000000000000e+00,-1.000000000000000000e+00
2.313989257812500000e+01,9.677419662475585938e+00,4.829999923706054688e+01,0.000000000000000000e+00,0.000000000000000000e+00,-1.000000000000000000e+00
2.316420745849609375e+01,9.354838371276855469e+00,4.829999923706054688e+01,0.000000000000000000e+00,0.000000000000000000e+00,-1.000000000000000000e+00
2.318852233886718750e+01,9.032258033752441406e+00,4.829999923706054688e+01,0.000000000000000000e+00,0.000000000000000000e+00,-1.000000000000000000e+00
2.321283912658691406e+01,8.709677696228027344e+00,4.829999923706054688e+01,0.000000000000000000e+00,0.000000000000000000e+00,-1.000000000000000000e+00
2.323715400695800781e+01,8.387096405029296875e+00,4.829999923706054688e+01,0.000000000000000000e+00,0.000000000000000000e+00,-1.000000000000000000e+00
2.326146888732910156e+01,8.064516067504882812e+00,4.829999923706054688e+01,0.000000000000000000e+00,0.000000000000000000e+00,-1.000000000000000000e+00
2.328578376770019531e+01,7.741935253143310547e+00,4.829999923706054688e+01,0.000000000000000000e+00,0.000000000000000000e+00,-1.000000000000000000e+00
2.331009864807128906e+01,7.419354915618896484e+00,4.829999923706054688e+01,0.000000000000000000e+00,0.000000000000000000e+00,-1.000000000000000000e+00
2.333441352844238281e+01,7.096774101257324219e+00,4.829999923706054688e+01,0.000000000000000000e+00,0.000000000000000000e+00,-1.000000000000000000e+00
2.335872840881347656e+01,6.774193763732910156e+00,4.829999923706054688e+01,0.000000000000000000e+00,0.000000000000000000e+00,-1.000000000000000000e+00
2.338304519653320312e+01,6.451612949371337891e+00,4.829999923706054688e+01,0.000000000000000000e+00,0.000000000000000000e+00,-1.000000000000000000e+00
2.340736007690429688e+01,6.129032135009765625e+00,4.829999923706054688e+01,0.000000000000000000e+00,0.000000000000000000e+00,-1.000000000000000000e+00
2.343167495727539062e+01,5.806451797485351562e+00,4.829999923706054688e+01,0.000000000000000000e+00,0.000000000000000000e+00,-1.000000000000000000e+00
2.345598983764648438e+01,5.483870983123779297e+00,4.829999923706054688e+01,0.000000000000000000e+00,0.000000000000000000e+00,-1.000000000000000000e+00
2.348030471801757812e+01,5.161290168762207031e+00,4.829999923706054688e+01,0.000000000000000000e+00,0.000000000000000000e+00,-1.000000000000000000e+00
2.350461959838867188e+01,4.838709831237792969e+00,4.829999923706054688e+01,0.000000000000000000e+00,0.000000000000000000e+00,-1.000000000000000000e+00
2.352893447875976562e+01,4.516129016876220703e+00,4.829999923706054688e+01,0.000000000000000000e+00,0.000000000000000000e+00,-1.000000000000000000e+00
2.355324935913085938e+01,4.193548202514648438e+00,4.829999923706054688e+01,0.000000000000000000e+00,0.000000000000000000e+00,-1.000000000000000000e+00
2.357756614685058594e+01,3.870967626571655273e+00,4.829999923706054688e+01,0.000000000000000000e+00,0.000000000000000000e+00,-1.000000000000000000e+00
2.360188102722167969e+01,3.548387050628662109e+00,4.829999923706054688e+01,0.000000000000000000e+00,0.000000000000000000e+00,-1.000000000000000000e+00
2.362619590759277344e+01,3.225806474685668945e+00,4.829999923706054688e+01,0.000000000000000000e+00,0.000000000000000000e+00,-1.000000000000000000e+00
2.365051078796386719e+01,2.903225898742675781e+00,4.829999923706054688e+01,0.000000000000000000e+00,0.000000000000000000e+00,-1.000000000000000000e+00
2.367482566833496094e+01,2.580645084381103516e+00,4.829999923706054688e+01,0.000000000000000000e+00,0.000000000000000000e+00,-1.000000000000000000e+00
2.369914054870605469e+01,2.258064508438110352e+00,4.829999923706054688e+01,0.000000000000000000e+00,0.000000000000000000e+00,-1.000000000000000000e+00
2.372345542907714844e+01,1.935483813285827637e+00,4.829999923706054688e+01,0.000000000000000000e+00,0.000000000000000000e+00,-1.000000000000000000e+00
2.374777030944824219e+01,1.612903237342834473e+00,4.829999923706054688e+01,0.000000000000000000e+00,0.000000000000000000e+00,-1.000000000000000000e+00
2.377208709716796875e+01,1.290322542190551758e+00,4.829999923706054688e+01,0.000000000000000000e+00,0.000000000000000000e+00,-1.000000000000000000e+00
2.379640197753906250e+01,9.677419066429138184e-01,4.829999923706054688e+01,0.000000000000000000e+00,0.000000000000000000e+00,-1.000000000000000000e+00
2.382071685791015625e+01,6.451612710952758789e-01,4.829999923706054688e+01,0.000000000000000000e+00,0.000000000000000000e+00,-1.000000000000000000e+00
2.384503173828125000e+01,3.225806355476379395e-01,4.829999923706054688e+01,0.000000000000000000e+00,0.000000000000000000e+00,-1.000000000000000000e+00
2.336683464050292969e+01,0.000000000000000000e+00,4.829999923706054688e+01,0.000000000000000000e+00,0.000000000000000000e+00,-1.000000000000000000e+00
2.339114952087402344e+01,-3.225806355476379395e-01,4.829999923706054688e+01,0.000000000000000000e+00,0.000000000000000000e+00,-1.000000000000000000e+00
2.341546440124511719e+01,-6.451612710952758789e-01,4.829999923706054688e+01,0.000000000000000000e+00,0.000000000000000000e+00,-1.000000000000000000e+00
2.343977928161621094e+01,-9.677419066429138184e-01,4.829999923706054688e+01,0.000000000000000000e+00,0.000000000000000000e+00,-1.000000000000000000e+00
2.346409416198730469e+01,-1.290322542190551758e+00,4.829999923706054688e+01,0.000000000000000000e+00,0.000000000000000000e+00,-1.000000000000000000e+00
2.348840904235839844e+01,-1.612903237342834473e+00,4.829999923706054688e+01,0.000000000000000000e+00,0.000000000000000000e+00,-1.000000000000000000e+00
2.351272583007812500e+01,-1.935483813285827637e+00,4.829999923706054688e+01,0.000000000000000000e+00,0.000000000000000000e+00,-1.000000000000000000e+00
2.353704071044921875e+01,-2.258064508438110352e+00,4.829999923706054688e+01,0.000000000000000000e+00,0.000000000000000000e+00,-1.000000000000000000e+00
2.356135559082031250e+01,-2.580645084381103516e+00,4.829999923706054688e+01,0.000000000000000000e+00,0.000000000000000000e+00,-1.000000000000000000e+00
2.358567047119140625e+01,-2.903225898742675781e+00,4.829999923706054688e+01,0.000000000000000000e+00,0.000000000000000000e+00,-1.000000000000000000e+00
2.360998535156250000e+01,-3.225806474685668945e+00,4.829999923706054688e+01,0.000000000000000000e+00,0.000000000000000000e+00,-1.000000000000000000e+00
2.363430023193359375e+01,-3.548387050628662109e+00,4.829999923706054688e+01,0.000000000000000000e+00,0.000000000000000000e+00,-1.000000000000000000e+00
2.365861511230468750e+01,-3.870967626571655273e+00,4.829999923706054688e+01,0.000000000000000000e+00,0.000000000000000000e+00,-1.000000000000000000e+00
2.368292999267578125e+01,-4.193548202514648438e+00,4.829999923706054688e+01,0.000000000000000000e+00,0.000000000000000000e+00,-1.000000000000000000e+00
2.370724678039550781e+01,-4.516129016876220703e+00,4.829999923706054688e+01,0.000000000000000000e+00,0.000000000000000000e+00,-1.000000000000000000e+00
2.373156166076660156e+01,-4.838709831237792969e+00,4.829999923706054688e+01,0.000000000000000000e+00,0.000000000000000000e+00,-1.000000000000000000e+00
2.375587654113769531e+01,-5.161290168762207031e+00,4.829999923706054688e+01,0.000000000000000000e+00,0.000000000000000000e+00,-1.000000000000000000e+00
2.378019142150878906e+01,-5.483870983123779297e+00,4.829999923706054688e+01,0.000000000000000000e+00,0.000000000000000000e+00,-1.000000000000000000e+00
2.380450630187988281e+01,-5.806451797485351562e+00,4.829999923706054688e+01,0.000000000000000000e+00,0.000000000000000000e+00,-1.000000000000000000e+00
2.382882118225097656e+01,-6.129032135009765625e+00,4.829999923706054688e+01,0.000000000000000000e+00,0.000000000000000000e+00,-1.000000000000000000e+00
2.385313606262207031e+01,-6.451612949371337891e+00,4.829999923706054688e+01,0.000000000000000000e+00,0.000000000000000000e+00,-1.000000000000000000e+00
2.387745094299316406e+01,-6.774193763732910156e+00,4.829999923706054688e+01,0.000000000000000000e+00,0.000000000000000000e+00,-1.000000000000000000e+00
2.390176773071289062e+01,-7.096774101257324219e+00,4.829999923706054688e+01,0.000000000000000000e+00,0.000000000000000000e+00,-1.000000000000000000e+00
2.392608261108398438e+01,-7.419354915618896484e+00,4.829999923706054688e+01,0.000000000000000000e+00,0.000000000000000000e+00,-1.000000000000000000e+00
2.395039749145507812e+01,-7.741935253143310547e+00,4.829999923706054688e+01,0.000000000000000000e+00,0.000000000000000000e+00,-1.000000000000000000e+00
2.397471237182617188e+01,-8.064516067504882812e+00,4.829999923706054688e+01,0.000000000000000000e+00,0.000000000000000000e+00,-1.000000000000000000e+00
2.399902725219726562e+01,-8.387096405029296875e+00,4.829999923706054688e+01,0.000000000000000000e+00,0.000000000000000000e+00,-1.000000000000000000e+00
2.402334213256835938e+01,-8.709677696228027344e+00,4.829999923706054688e+01,0.000000000000000000e+00,0.000000000000000000e+00,-1.000000000000000000e+00
2.404765701293945312e+01,-9.032258033752441406e+00,4.829999923706054688e+01,0.000000000000000000e+00,0.000000000000000000e+00,-1.000000000000000000e+00
2.407197189331054688e+01,-9.354838371276855469e+00,4.829999923706054688e+01,0.000000000000000000e+00,0.000000000000000000e+00,-1.000000000000000000e+00
2.409628868103027344e+01,-9.677419662475585938e+00,4.829999923706054688e+01,0.000000000000000000e+00,0.000000000000000000e+00,-1.000000000000000000e+00
2.412060356140136719e+01,-1.000000000000000000e+01,4.829999923706054688e+01,0.000000000000000000e+00,0.000000000000000000e+00,-1.000000000000000000e+00
2.412060356140136719e+01,-1.000000000000000000e+01,4.829999923706054688e+01,0.000000000000000000e+00,0.000000000000000000e+00,-1.000000000000000000e+00
2.414491844177246094e+01,-9.677419662475585938e+00,4.829999923706054688e+01,0.000000000000000000e+00,0.000000000000000000e+00,-1.000000000000000000e+00
2.416923332214355469e+01,-9.354838371276855469e+00,4.829999923706054688e+01,0.000000000000000000e+00,0.000000000000000000e+00,-1.000000000000000000e+00
2.419354820251464844e+01,-9.032258033752441406e+00,4.829999923706054688e+01,0.000000000000000000e+00,0.000000000000000000e+00,-1.000000000000000000e+00
2.421786308288574219e+01,-8.709677696228027344e+00,4.829999923706054688e+01,0.000000000000000000e+00,0.000000000000000000e+00,-1.000000000000000000e+00
2.424217796325683594e+01,-8.387096405029296875e+00,4.829999923706054688e+01,0.000000000000000000e+00,0.000000000000000000e+00,-1.000000000000000000e+00
2.426649284362792969e+01,-8.064516067504882812e+00,4.829999923706054688e+01,0.000000000000000000e+00,0.000000000000000000e+00,-1.000000000000000000e+00
2.429080963134765625e+01,-7.741935253143310547e+00,4.829999923706054688e+01,0.000000000000000000e+00,0.000000000000000000e+00,-1.000000000000000000e+00
2.431512451171875000e+01,-7.419354915618896484e+00,4.829999923706054688e+01,0.000000000000000000e+00,0.000000000000000000e+00,-1.000000000000000000e+00
2.433943939208984375e+01,-7.096774101257324219e+00,4.829999923706054688e+01,0.000000000000000000e+00,0.000000000000000000e+00,-1.000000000000000000e+00
2.436375427246093750e+01,-6.774193763732910156e+00,4.829999923706054688e+01,0.000000000000000000e+00,0.000000000000000000e+00,-1.000000000000000000e+00
2.438806915283203125e+01,-6.451612949371337891e+00,4.829999923706054688e+01,0.000000000000000000e+00,0.000000000000000000e+00,-1.000000000000000000e+00
2.441238403320312500e+01,-6.129032135009765625e+00,4.829999923706054688e+01,0.000000000000000000e+00,0.000000000000000000e+00,-1.000000000000000000e+00
2.443669891357421875e+01,-5.806451797485351562e+00,4.829999923706054688e+01,0.000000000000000000e+00,0.000000000000000000e+00,-1.000000000000000000e+00
2.446101570129394531e+01,-5.483870983123779297e+00,4.829999923706054688e+01,0.000000000000000000e+00,0.000000000000000000e+00,-1.000000000000000000e+00
2.448533058166503906e+01,-5.161290168762207031e+00,4.829999923706054688e+01,0.000000000000000000e+00,0.000000000000000000e+00,-1.000000000000000000e+00
2.450964546203613281e+01,-4.838709831237792969e+00,4.829999923706054688e+01,0.000000000000000000e+00,0.000000000000000000e+00,-1.000000000000000000e+00
2.453396034240722656e+01,-4.516129016876220703e+00,4.829999923706054688e+01,0.000000000000000000e+00,0.000000000000000000e+00,-1.000000000000000000e+00
2.455827522277832031e+01,-4.193548202514648438e+00,4.829999923706054688e+01,0.000000000000000000e+00,0.000000000000000000e+00,-1.000000000000000000e+00
2.458259010314941406e+01,-3.870967626571655273e+00,4.829999923706054688e+01,0.000000000000000000e+00,0.000000000000000000e+00,-1.000000000000000000e+00
2.460690498352050781e+01,-3.548387050628662109e+00,4.829999923706054688e+01,0.000000000000000000e+00,0.000000000000000000e+00,-1.000000000000000000e+00
2.463121986389160156e+01,-3.225806474685668945e+00,4.829999923706054688e+01,0.000000000000000000e+00,0.000000000000000000e+00,-1.000000000000000000e+00
2.465553665161132812e+01,-2.903225898742675781e+00,4.829999923706054688e+01,0.000000000000000000e+00,0.000000000000000000e+00,-1.000000000000000000e+00
2.467985153198242188e+01,-2.580645084381103516e+00,4.829999923706054688e+01,0.000000000000000000e+00,0.000000000000000000e+00,-1.000000000000000000e+00
2.470416641235351562e+01,-2.258064508438110352e+00,4.829999923706054688e+01,0.000000000000000000e+00,0.000000000000000000e+00,-1.000000000000000000e+00
2.472848129272460938e+01,-1.935483813285827637e+00,4.829999923706054688e+01,0.000000000000000000e+00,0.000000000000000000e+00,-1.000000000000000000e+00
2.475279617309570312e+01,-1.612903237342834473e+00,4.829999923706054688e+01,0.000000000000000000e+00,0.000000000000000000e+00,-1.000000000000000000e+00
2.477711105346679688e+01,-1.290322542190551758e+00,4.829999923706054688e+01,0.000000000000000000e+00,0.000000000000000000e+00,-1.000000000000000000e+00
2.480142593383789062e+01,-9.677419066429138184e-01,4.829999923706054688e+01,0.000000000000000000e+00,0.000000000000000000e+00,-1.000000000000000000e+00
2.482574081420898438e+01,-6.451612710952758789e-01,4.829999923706054688e+01,0.000000000000000000e+00,0.000000000000000000e+00,-1.000000000000000000e+00
2.485005760192871094e+01,-3.225806355476379395e-01,4.829999923706054688e+01,0.000000000000000000e+00,0.000000000000000000e+00,-1.000000000000000000e+00
2.437185859680175781e+01,0.000000000000000000e+00,4.829999923706054688e+01,0.000000000000000000e+00,0.000000000000000000e+00,-1.000000000000000000e+00
2.439617347717285156e+01,3.225806355476379395e-01,4.829999923706054688e+01,0.000000000000000000e+00,0.000000000000000000e+00,-1.000000000000000000e+00
2.442049026489257812e+01,6.451612710952758789e-01,4.829999923706054688e+01,0.000000000000000000e+00,0.000000000000000000e+00,-1.000000000000000000e+00
2.444480514526367188e+01,9.677419066429138184e-01,4.829999923706054688e+01,0.000000000000000000e+00,0.000000000000000000e+00,-1.000000000000000000e+00
2.446912002563476562e+01,1.290322542190551758e+00,4.829999923706054688e+01,0.000000000000000000e+00,0.000000000000000000e+00,-1.000000000000000000e+00
2.449343490600585938e+01,1.612903237342834473e+00,4.829999923706054688e+01,0.000000000000000000e+00,0.000000000000000000e+00,-1.000000000000000000e+00
2.451774978637695312e+01,1.935483813285827637e+00,4.829999923706054688e+01,0.000000000000000000e+00,0.000000000000000000e+00,-1.000000000000000000e+00
2.454206466674804688e+01,2.258064508438110352e+00,4.829999923706054688e+01,0.000000000000000000e+00,0.000000000000000000e+00,-1.000000000000000000e+00
2.456637954711914062e+01,2.580645084381103516e+00,4.829999923706054688e+01,0.000000000000000000e+00,0.000000000000000000e+00,-1.000000000000000000e+00
2.459069633483886719e+01,2.903225898742675781e+00,4.829999923706054688e+01,0.000000000000000000e+00,0.000000000000000000e+00,-1.000000000000000000e+00
2.461501121520996094e+01,3.225806474685668945e+00,4.829999923706054688e+01,0.000000000000000000e+00,0.000000000000000000e+00,-1.000000000000000000e+00
2.463932609558105469e+01,3.548387050628662109e+00,4.829999923706054688e+01,0.000000000000000000e+00,0.000000000000000000e+00,-1.000000000000000000e+00
2.466364097595214844e+01,3.870967626571655273e+00,4.829999923706054688e+01,0.000000000000000000e+00,0.000000000000000000e+00,-1.000000000000000000e+00
2.468795585632324219e+01,4.193548202514648438e+00,4.829999923706054688e+01,0.000000000000000000e+00,0.000000000000000000e+00,-1.000000000000000000e+00
2.471227073669433594e+01,4.516129016876220703e+00,4.829999923706054688e+01,0.000000000000000000e+00,0.000000000000000000e+00,-1.000000000000000000e+00
2.473658561706542969e+01,4.838709831237792969e+00,4.829999923706054688e+01,0.000000000000000000e+00,0.000000000000000000e+00,-1.000000000000000000e+00
2.476090049743652344e+01,5.161290168762207031e+00,4.829999923706054688e+01,0.000000000000000000e+00,0.000000000000000000e+00,-1.000000000000000000e+00
2.478521728515625000e+01,5.483870983123779297e+00,4.829999923706054688e+01,0.000000000000000000e+00,0.000000000000000000e+00,-1.000000000000000000e+00
2.480953216552734375e+01,5.806451797485351562e+00,4.829999923706054688e+01,0.000000000000000000e+00,0.000000000000000000e+00,-1.000000000000000000e+00
2.483384704589843750e+01,6.129032135009765625e+00,4.829999923706054688e+01,0.000000000000000000e+00,0.000000000000000000e+00,-1.000000000000000000e+00
2.485816192626953125e+01,6.451612949371337891e+00,4.829999923706054688e+01,0.000000000000000000e+00,0.000000000000000000e+00,-1.000000000000000000e+00
2.488247680664062500e+01,6.774193763732910156e+00,4.829999923706054688e+01,0.000000000000000000e+00,0.000000000000000000e+00,-1.000000000000000000e+00
2.490679168701171875e+01,7.096774101257324219e+00,4.829999923706054688e+01,0.000000000000000000e+00,0.000000000000000000e+00,-1.000000000000000000e+00
2.493110656738281250e+01,7.419354915618896484e+00,4.829999923706054688e+01,0.000000000000000000e+00,0.000000000000000000e+00,-1.000000000000000000e+00
2.495542144775390625e+01,7.741935253143310547e+00,4.829999923706054688e+01,0.000000000000000000e+00,0.000000000000000000e+00,-1.000000000000000000e+00
2.497973823547363281e+01,8.064516067504882812e+00,4.829999923706054688e+01,0.000000000000000000e+00,0.000000000000000000e+00,-1.000000000000000000e+00
2.500405311584472656e+01,8.387096405029296875e+00,4.829999923706054688e+01,0.000000000000000000e+00,0.000000000000000000e+00,-1.000000000000000000e+00
2.502836799621582031e+01,8.709677696228027344e+00,4.829999923706054688e+01,0.000000000000000000e+00,0.000000000000000000e+00,-1.000000000000000000e+00
2.505268287658691406e+01,9.032258033752441406e+00,4.829999923706054688e+01,0.000000000000000000e+00,0.000000000000000000e+00,-1.000000000000000000e+00
2.507699775695800781e+01,9.354838371276855469e+00,4.829999923706054688e+01,0.000000000000000000e+00,0.000000000000000000e+00,-1.000000000000000000e+00
2.510131263732910156e+01,9.677419662475585938e+00,4.829999923706054688e+01,0.000000000000000000e+00,0.000000000000000000e+00,-1.000000000000000000e+00
2.512562751770019531e+01,1.000000000000000000e+01,4.829999923706054688e+01,0.000000000000000000e+00,0.000000000000000000e+00,-1.000000000000000000e+00
2.512562751770019531e+01,1.000000000000000000e+01,4.829999923706054688e+01,0.000000000000000000e+00,0.000000000000000000e+00,-1.000000000000000000e+00
2.514994239807128906e+01,9.677419662475585938e+00,4.829999923706054688e+01,0.000000000000000000e+00,0.000000000000000000e+00,-1.000000000000000000e+00
2.517425918579101562e+01,9.354838371276855469e+00,4.829999923706054688e+01,0.000000000000000000e+00,0.000000000000000000e+00,-1.000000000000000000e+00
2.519857406616210938e+01,9.032258033752441406e+00,4.829999923706054688e+01,0.000000000000000000e+00,0.000000000000000000e+00,-1.000000000000000000e+00
2.522288894653320312e+01,8.709677696228027344e+00,4.829999923706054688e+01,0.000000000000000000e+00,0.000000000000000000e+00,-1.000000000000000000e+00
2.524720382690429688e+01,8.387096405029296875e+00,4.829999923706054688e+01,0.000000000000000000e+00,0.000000000000000000e+00,-1.000000000000000000e+00
2.527151870727539062e+01,8.064516067504882812e+00,4.829999923706054688e+01,0.000000000000000000e+00,0.000000000000000000e+00,-1.000000000000000000e+00
2.529583358764648438e+01,7.741935253143310547e+00,4.829999923706054688e+01,0.000000000000000000e+00,0.000000000000000000e+00,-1.000000000000000000e+00
2.532014846801757812e+01,7.419354915618896484e+00,4.829999923706054688e+01,0.000000000000000000e+00,0.000000000000000000e+00,-1.000000000000000000e+00
2.534446334838867188e+01,7.096774101257324219e+00,4.829999923706054688e+01,0.000000000000000000e+00,0.000000000000000000e+00,-1.000000000000000000e+00
2.536878013610839844e+01,6.774193763732910156e+00,4.829999923706054688e+01,0.000000000000000000e+00,0.000000000000000000e+00,-1.000000000000000000e+00
2.539309501647949219e+01,6.451612949371337891e+00,4.829999923706054688e+01,0.000000000000000000e+00,0.000000000000000000e+00,-1.000000000000000000e+00
2.541740989685058594e+01,6.129032135009765625e+00,4.829999923706054688e+01,0.000000000000000000e+00,0.000000000000000000e+00,-1.000000000000000000e+00
2.544172477722167969e+01,5.806451797485351562e+00,4.829999923706054688e+01,0.000000000000000000e+00,0.000000000000000000e+00,-1.000000000000000000e+00
2.546603965759277344e+01,5.483870983123779297e+00,4.829999923706054688e+01,0.000000000000000000e+00,0.000000000000000000e+00,-1.000000000000000000e+00
2.549035453796386719e+01,5.161290168762207031e+00,4.829999923706054688e+01,0.000000000000000000e+00,0.000000000000000000e+00,-1.000000000000000000e+00
2.551466941833496094e+01,4.838709831237792969e+00,4.829999923706054688e+01,0.000000000000000000e+00,0.000000000000000000e+00,-1.000000000000000000e+00
2.553898429870605469e+01,4.516129016876220703e+00,4.829999923706054688e+01,0.000000000000000000e+00,0.000000000000000000e+00,-1.000000000000000000e+00
2.556330108642578125e+01,4.193548202514648438e+00,4.829999923706054688e+01,0.000000000000000000e+00,0.000000000000000000e+00,-1.000000000000000000e+00
2.558761596679687500e+01,3.870967626571655273e+00,4.829999923706054688e+01,0.000000000000000000e+00,0.000000000000000000e+00,-1.000000000000000000e+00
2.561193084716796875e+01,3.548387050628662109e+00,4.829999923706054688e+01,0.000000000000000000e+00,0.000000000000000000e+00,-1.000000000000000000e+00
2.563624572753906250e+01,3.225806474685668945e+00,4.829999923706054688e+01,0.000000000000000000e+00,0.000000000000000000e+00,-1.000000000000000000e+00
2.566056060791015625e+01,2.903225898742675781e+00,4.829999923706054688e+01,0.000000000000000000e+00,0.000000000000000000e+00,-1.000000000000000000e+00
2.568487548828125000e+01,2.580645084381103516e+00,4.829999923706054688e+01,0.000000000000000000e+00,0.000000000000000000e+00,-1.000000000000000000e+00
2.570919036865234375e+01,2.258064508438110352e+00,4.829999923706054688e+01,0.000000000000000000e+00,0.000000000000000000e+00,-1.000000000000000000e+00
2.573350715637207031e+01,1.935483813285827637e+00,4.829999923706054688e+01,0.000000000000000000e+00,0.000000000000000000e+00,-1.000000000000000000e+00
2.575782203674316406e+01,1.612903237342834473e+00,4.829999923706054688e+01,0.000000000000000000e+00,0.000000000000000000e+00,-1.000000000000000000e+00
2.578213691711425781e+01,1.290322542190551758e+00,4.829999923706054688e+01,0.000000000000000000e+00,0.000000000000000000e+00,-1.000000000000000000e+00
2.580645179748535156e+01,9.677419066429138184e-01,4.829999923706054688e+01,0.000000000000000000e+00,0.000000000000000000e+00,-1.000000000000000000e+00
2.583076667785644531e+01,6.451612710952758789e-01,4.829999923706054688e+01,0.000000000000000000e+00,0.000000000000000000e+00,-1.000000000000000000e+00
2.585508155822753906e+01,3.225806355476379395e-01,4.829999923706054688e+01,0.000000000000000000e+00,0.000000000000000000e+00,-1.000000000000000000e+00
2.537688446044921875e+01,0.000000000000000000e+00,4.829999923706054688e+01,0.000000000000000000e+00,0.000000000000000000e+00,-1.000000000000000000e+00
2.540119934082031250e+01,-3.225806355476379395e-01,4.829999923706054688e+01,0.000000000000000000e+00,0.000000000000000000e+00,-1.000000000000000000e+00
2.542551422119140625e+01,-6.451612710952758789e-01,4.829999923706054688e+01,0.000000000000000000e+00,0.000000000000000000e+00,-1.000000000000000000e+00
2.544982910156250000e+01,-9.677419066429138184e-01,4.829999923706054688e+01,0.000000000000000000e+00,0.000000000000000000e+00,-1.000000000000000000e+00
2.547414398193359375e+01,-1.290322542190551758e+00,4.829999923706054688e+01,0.000000000000000000e+00,0.000000000000000000e+00,-1.000000000000000000e+00
2.549846076965332031e+01,-1.612903237342834473e+00,4.829999923706054688e+01,0.000000000000000000e+00,0.000000000000000000e+00,-1.000000000000000000e+00
2.552277565002441406e+01,-1.935483813285827637e+00,4.829999923706054688e+01,0.000000000000000000e+00,0.000000000000000000e+00,-1.000000000000000000e+00
2.554709053039550781e+01,-2.258064508438110352e+00,4.829999923706054688e+01,0.000000000000000000e+00,0.000000000000000000e+00,-1.000000000000000000e+00
2.557140541076660156e+01,-2.580645084381103516e+00,4.829999923706054688e+01,0.000000000000000000e+00,0.000000000000000000e+00,-1.000000000000000000e+00
2.559572029113769531e+01,-2.903225898742675781e+00,4.829999923706054688e+01,0.000000000000000000e+00,0.000000000000000000e+00,-1.000000000000000000e+00
2.562003517150878906e+01,-3.225806474685668945e+00,4.829999923706054688e+01,0.000000000000000000e+00,0.000000000000000000e+00,-1.000000000000000000e+00
2.564435005187988281e+01,-3.548387050628662109e+00,4.829999923706054688e+01,0.000000000000000000e+00,0.000000000000000000e+00,-1.000000000000000000e+00
2.566866683959960938e+01,-3.870967626571655273e+00,4.829999923706054688e+01,0.000000000000000000e+00,0.000000000000000000e+00,-1.000000000000000000e+00
2.569298171997070312e+01,-4.193548202514648438e+00,4.829999923706054688e+01,0.000000000000000000e+00,0.000000000000000000e+00,-1.000000000000000000e+00
2.571729660034179688e+01,-4.516129016876220703e+00,4.829999923706054688e+01,0.000000000000000000e+00,0.000000000000000000e+00,-1.000000000000000000e+00
2.574161148071289062e+01,-4.838709831237792969e+00,4.829999923706054688e+01,0.000000000000000000e+00,0.000000000000000000e+00,-1.000000000000000000e+00
2.576592636108398438e+01,-5.161290168762207031e+00,4.829999923706054688e+01,0.000000000000000000e+00,0.000000000000000000e+00,-1.000000000000000000e+00
2.579024124145507812e+01,-5.483870983123779297e+00,4.829999923706054688e+01,0.000000000000000000e+00,0.000000000000000000e+00,-1.000000000000000000e+00
2.581455612182617188e+01,-5.806451797485351562e+00,4.829999923706054688e+01,0.000000000000000000e+00,0.000000000000000000e+00,-1.000000000000000000e+00
2.583887100219726562e+01,-6.129032135009765625e+00,4.829999923706054688e+01,0.000000000000000000e+00,0.000000000000000000e+00,-1.000000000000000000e+00
2.586318778991699219e+01,-6.451612949371337891e+00,4.829999923706054688e+01,0.000000000000000000e+00,0.000000000000000000e+00,-1.000000000000000000e+00
2.588750267028808594e+01,-6.774193763732910156e+00,4.829999923706054688e+01,0.000000000000000000e+00,0.000000000000000000e+00,-1.000000000000000000e+00
2.591181755065917969e+01,-7.096774101257324219e+00,4.829999923706054688e+01,0.000000000000000000e+00,0.000000000000000000e+00,-1.000000000000000000e+00
2.593613243103027344e+01,-7.419354915618896484e+00,4.829999923706054688e+01,0.000000000000000000e+00,0.000000000000000000e+00,-1.000000000000000000e+00
2.596044731140136719e+01,-7.741935253143310547e+00,4.829999923706054688e+01,0.000000000000000000e+00,0.000000000000000000e+00,-1.000000000000000000e+00
2.598476219177246094e+01,-8.064516067504882812e+00,4.829999923706054688e+01,0.000000000000000000e+00,0.000000000000000000e+00,-1.000000000000000000e+00
2.600907707214355469e+01,-8.387096405029296875e+00,4.829999923706054688e+01,0.000000000000000000e+00,0.000000000000000000e+00,-1.000000000000000000e+00
2.603339195251464844e+01,-8.709677696228027344e+00,4.829999923706054688e+01,0.000000000000000000e+00,0.000000000000000000e+00,-1.000000000000000000e+00
2.605770874023437500e+01,-9.032258033752441406e+00,4.829999923706054688e+01,0.000000000000000000e+00,0.000000000000000000e+00,-1.000000000000000000e+00
2.608202362060546875e+01,-9.354838371276855469e+00,4.829999923706054688e+01,0.000000000000000000e+00,0.000000000000000000e+00,-1.000000000000000000e+00
2.610633850097656250e+01,-9.677419662475585938e+00,4.829999923706054688e+01,0.000000000000000000e+00,0.000000000000000000e+00,-1.000000000000000000e+00
2.613065338134765625e+01,-1.000000000000000000e+01,4.829999923706054688e+01,0.000000000000000000e+00,0.000000000000000000e+00,-1.000000000000000000e+00
2.613065338134765625e+01,-1.000000000000000000e+01,4.829999923706054688e+01,0.000000000000000000e+00,0.000000000000000000e+00,-1.000000000000000000e+00
2.615496826171875000e+01,-9.677419662475585938e+00,4.829999923706054688e+01,0.000000000000000000e+00,0.000000000000000000e+00,-1.000000000000000000e+00
2.617928314208984375e+01,-9.354838371276855469e+00,4.829999923706054688e+01,0.000000000000000000e+00,0.000000000000000000e+00,-1.000000000000000000e+00
2.620359802246093750e+01,-9.032258033752441406e+00,4.829999923706054688e+01,0.000000000000000000e+00,0.000000000000000000e+00,-1.000000000000000000e+00
2.622791290283203125e+01,-8.709677696228027344e+00,4.829999923706054688e+01,0.000000000000000000e+00,0.000000000000000000e+00,-1.000000000000000000e+00
2.625222969055175781e+01,-8.387096405029296875e+00,4.829999923706054688e+01,0.000000000000000000e+00,0.000000000000000000e+00,-1.000000000000000000e+00
2.627654457092285156e+01,-8.064516067504882812e+00,4.829999923706054688e+01,0.000000000000000000e+00,0.000000000000000000e+00,-1.000000000000000000e+00
2.630085945129394531e+01,-7.741935253143310547e+00,4.829999923706054688e+01,0.000000000000000000e+00,0.000000000000000000e+00,-1.000000000000000000e+00
2.632517433166503906e+01,-7.419354915618896484e+00,4.829999923706054688e+01,0.000000000000000000e+00,0.000000000000000000e+00,-1.000000000000000000e+00
2.634948921203613281e+01,-7.096774101257324219e+00,4.829999923706054688e+01,0.000000000000000000e+00,0.000000000000000000e+00,-1.000000000000000000e+00
2.637380409240722656e+01,-6.774193763732910156e+00,4.829999923706054688e+01,0.000000000000000000e+00,0.000000000000000000e+00,-1.000000000000000000e+00
2.639811897277832031e+01,-6.451612949371337891e+00,4.829999923706054688e+01,0.000000000000000000e+00,0.000000000000000000e+00,-1.000000000000000000e+00
2.642243385314941406e+01,-6.129032135009765625e+00,4.829999923706054688e+01,0.000000000000000000e+00,0.000000000000000000e+00,-1.000000000000000000e+00
2.644675064086914062e+01,-5.806451797485351562e+00,4.829999923706054688e+01,0.000000000000000000e+00,0.000000000000000000e+00,-1.000000000000000000e+00
2.647106552124023438e+01,-5.483870983123779297e+00,4.829999923706054688e+01,0.000000000000000000e+00,0.000000000000000000e+00,-1.000000000000000000e+00
2.649538040161132812e+01,-5.161290168762207031e+00,4.829999923706054688e+01,0.000000000000000000e+00,0.000000000000000000e+00,-1.000000000000000000e+00
2.651969528198242188e+01,-4.838709831237792969e+00,4.829999923706054688e+01,0.000000000000000000e+00,0.000000000000000000e+00,-1.000000000000000000e+00
2.654401016235351562e+01,-4.516129016876220703e+00,4.829999923706054688e+01,0.000000000000000000e+00,0.000000000000000000e+00,-1.000000000000000000e+00
2.656832504272460938e+01,-4.193548202514648438e+00,4.829999923706054688e+01,0.000000000000000000e+00,0.000000000000000000e+00,-1.000000000000000000e+00
2.659263992309570312e+01,-3.870967626571655273e+00,4.829999923706054688e+01,0.000000000000000000e+00,0.000000000000000000e+00,-1.000000000000000000e+00
2.661695480346679688e+01,-3.548387050628662109e+00,4.829999923706054688e+01,0.000000000000000000e+00,0.000000000000000000e+00,-1.000000000000000000e+00
2.664127159118652344e+01,-3.225806474685668945e+00,4.829999923706054688e+01,0.000000000000000000e+00,0.000000000000000000e+00,-1.000000000000000000e+00
2.666558647155761719e+01,-2.903225898742675781e+00,4.829999923706054688e+01,0.000000000000000000e+00,0.000000000000000000e+00,-1.000000000000000000e+00
2.668990135192871094e+01,-2.580645084381103516e+00,4.829999923706054688e+01,0.000000000000000000e+00,0.000000000000000000e+00,-1.000000000000000000e+00
2.671421623229980469e+01,-2.258064508438110352e+00,4.829999923706054688e+01,0.000000000000000000e+00,0.000000000000000000e+00,-1.000000000000000000e+00
2.673853111267089844e+01,-1.935483813285827637e+00,4.829999923706054688e+01,0.000000000000000000e+00,0.000000000000000000e+00,-1.000000000000000000e+00
2.676284599304199219e+01,-1.612903237342834473e+00,4.829999923706054688e+01,0.000000000000000000e+00,0.000000000000000000e+00,-1.000000000000000000e+00
2.678716087341308594e+01,-1.290322542190551758e+00,4.829999923706054688e+01,0.000000000000000000e+00,0.000000000000000000e+00,-1.000000000000000000e+00
2.681147766113281250e+01,-9.677419066429138184e-01,4.829999923706054688e+01,0.000000000000000000e+00,0.000000000000000000e+00,-1.000000000000000000e+00
2.683579254150390625e+01,-6.451612710952758789e-01,4.829999923706054688e+01,0.000000000000000000e+00,0.000000000000000000e+00,-1.000000000000000000e+00
2.686010742187500000e+01,-3.225806355476379395e-01,4.829999923706054688e+01,0.000000000000000000e+00,0.000000000000000000e+00,-1.000000000000000000e+00
2.638191032409667969e+01,0.000000000000000000e+00,4.829999923706054688e+01,0.000000000000000000e+00,0.000000000000000000e+00,-1.000000000000000000e+00
2.640622520446777344e+01,3.225806355476379395e-01,4.829999923706054688e+01,0.000000000000000000e+00,0.000000000000000000e+00,-1.000000000000000000e+00
2.643054008483886719e+01,6.451612710952758789e-01,4.829999923706054688e+01,0.000000000000000000e+00,0.000000000000000000e+00,-1.000000000000000000e+00
2.645485496520996094e+01,9.677419066429138184e-01,4.829999923706054688e+01,0.000000000000000000e+00,0.000000000000000000e+00,-1.000000000000000000e+00
2.647916984558105469e+01,1.290322542190551758e+00,4.829999923706054688e+01,0.000000000000000000e+00,0.000000000000000000e+00,-1.000000000000000000e+00
2.650348472595214844e+01,1.612903237342834473e+00,4.829999923706054688e+01,0.000000000000000000e+00,0.000000000000000000e+00,-1.000000000000000000e+00
2.652779960632324219e+01,1.935483813285827637e+00,4.829999923706054688e+01,0.000000000000000000e+00,0.000000000000000000e+00,-1.000000000000000000e+00
2.655211448669433594e+01,2.258064508438110352e+00,4.829999923706054688e+01,0.000000000000000000e+00,0.000000000000000000e+00,-1.000000000000000000e+00
2.657643127441406250e+01,2.580645084381103516e+00,4.829999923706054688e+01,0.000000000000000000e+00,0.000000000000000000e+00,-1.000000000000000000e+00
2.660074615478515625e+01,2.903225898742675781e+00,4.829999923706054688e+01,0.000000000000000000e+00,0.000000000000000000e+00,-1.000000000000000000e+00
2.662506103515625000e+01,3.225806474685668945e+00,4.829999923706054688e+01,0.000000000000000000e+00,0.000000000000000000e+00,-1.000000000000000000e+00
2.664937591552734375e+01,3.548387050628662109e+00,4.829999923706054688e+01,0.000000000000000000e+00,0.000000000000000000e+00,-1.000000000000000000e+00
2.667369079589843750e+01,3.870967626571655273e+00,4.829999923706054688e+01,0.000000000000000000e+00,0.000000000000000000e+00,-1.000000000000000000e+00
2.669800567626953125e+01,4.193548202514648438e+00,4.829999923706054688e+01,0.000000000000000000e+00,0.000000000000000000e+00,-1.000000000000000000e+00
2.672232055664062500e+01,4.516129016876220703e+00,4.829999923706054688e+01,0.000000000000000000e+00,0.000000000000000000e+00,-1.000000000000000000e+00
2.674663734436035156e+01,4.838709831237792969e+00,4.829999923706054688e+01,0.000000000000000000e+00,0.000000000000000000e+00,-1.000000000000000000e+00
2.677095222473144531e+01,5.161290168762207031e+00,4.829999923706054688e+01,0.000000000000000000e+00,0.000000000000000000e+00,-1.000000000000000000e+00
2.679526710510253906e+01,5.483870983123779297e+00,4.829999923706054688e+01,0.000000000000000000e+00,0.000000000000000000e+00,-1.000000000000000000e+00
2.681958198547363281e+01,5.806451797485351562e+00,4.829999923706054688e+01,0.000000000000000000e+00,0.000000000000000000e+00,-1.000000000000000000e+00
2.684389686584472656e+01,6.129032135009765625e+00,4.829999923706054688e+01,0.000000000000000000e+00,0.000000000000000000e+00,-1.000000000000000000e+00
2.686821174621582031e+01,6.451612949371337891e+00,4.829999923706054688e+01,0.000000000000000000e+00,0.000000000000000000e+00,-1.000000000000000000e+00
2.689252662658691406e+01,6.774193763732910156e+00,4.829999923706054688e+01,0.000000000000000000e+00,0.000000000000000000e+00,-1.000000000000000000e+00
2.691684150695800781e+01,7.096774101257324219e+00,4.829999923706054688e+01,0.000000000000000000e+00,0.000000000000000000e+00,-1.000000000000000000e+00
2.694115829467773438e+01,7.419354915618896484e+00,4.829999923706054688e+01,0.000000000000000000e+00,0.000000000000000000e+00,-1.000000000000000000e+00
2.696547317504882812e+01,7.741935253143310547e+00,4.829999923706054688e+01,0.000000000000000000e+00,0.000000000000000000e+00,-1.000000000000000000e+00
2.698978805541992188e+01,8.064516067504882812e+00,4.829999923706054688e+01,0.000000000000000000e+00,0.000000000000000000e+00,-1.000000000000000000e+00
2.701410293579101562e+01,8.387096405029296875e+00,4.829999923706054688e+01,0.000000000000000000e+00,0.000000000000000000e+00,-1.000000000000000000e+00
2.703841781616210938e+01,8.709677696228027344e+00,4.829999923706054688e+01,0.000000000000000000e+00,0.000000000000000000e+00,-1.000000000000000000e+00
2.706273269653320312e+01,9.032258033752441406e+00,4.829999923706054688e+01,0.000000000000000000e+00,0.000000000000000000e+00,-1.000000000000000000e+00
2.708704757690429688e+01,9.354838371276855469e+00,4.829999923706054688e+01,0.000000000000000000e+00,0.000000000000000000e+00,-1.000000000000000000e+00
2.711136245727539062e+01,9.677419662475585938e+00,4.829999923706054688e+01,0.000000000000000000e+00,0.000000000000000000e+00,-1.000000000000000000e+00
2.713567924499511719e+01,1.000000000000000000e+01,4.829999923706054688e+01,0.000000000000000000e+00,0.000000000000000000e+00,-1.000000000000000000e+00
2.713567924499511719e+01,1.000000000000000000e+01,4.829999923706054688e+01,0.000000000000000000e+00,0.000000000000000000e+00,-1.000000000000000000e+00
2.715999412536621094e+01,9.677419662475585938e+00,4.829999923706054688e+01,0.000000000000000000e+00,0.000000000000000000e+00,-1.000000000000000000e+00
2.718430900573730469e+01,9.354838371276855469e+00,4.829999923706054688e+01,0.000000000000000000e+00,0.000000000000000000e+00,-1.000000000000000000e+00
2.720862388610839844e+01,9.032258033752441406e+00,4.829999923706054688e+01,0.000000000000000000e+00,0.000000000000000000e+00,-1.000000000000000000e+00
2.723293876647949219e+01,8.709677696228027344e+00,4.829999923706054688e+01,0.000000000000000000e+00,0.000000000000000000e+00,-1.000000000000000000e+00
2.725725364685058594e+01,8.387096405029296875e+00,4.829999923706054688e+01,0.000000000000000000e+00,0.000000000000000000e+00,-1.000000000000000000e+00
2.728156852722167969e+01,8.064516067504882812e+00,4.829999923706054688e+01,0.000000000000000000e+00,0.000000000000000000e+00,-1.000000000000000000e+00
2.730588340759277344e+01,7.741935253143310547e+00,4.829999923706054688e+01,0.000000000000000000e+00,0.000000000000000000e+00,-1.000000000000000000e+00
2.733020019531250000e+01,7.419354915618896484e+00,4.829999923706054688e+01,0.000000000000000000e+00,0.000000000000000000e+00,-1.000000000000000000e+00
2.735451507568359375e+01,7.096774101257324219e+00,4.829999923706054688e+01,0.000000000000000000e+00,0.000000000000000000e+00,-1.000000000000000000e+00
2.737882995605468750e+01,6.774193763732910156e+00,4.829999923706054688e+01,0.000000000000000000e+00,0.000000000000000000e+00,-1.000000000000000000e+00
2.740314483642578125e+01,6.451612949371337891e+00,4.829999923706054688e+01,0.000000000000000000e+00,0.000000000000000000e+00,-1.000000000000000000e+00
2.742745971679687500e+01,6.129032135009765625e+00,4.829999923706054688e+01,0.000000000000000000e+00,0.000000000000000000e+00,-1.000000000000000000e+00
2.745177459716796875e+01,5.806451797485351562e+00,4.829999923706054688e+01,0.000000000000000000e+00,0.000000000000000000e+00,-1.000000000000000000e+00
2.747608947753906250e+01,5.483870983123779297e+00,4.829999923706054688e+01,0.000000000000000000e+00,0.000000000000000000e+00,-1.000000000000000000e+00
2.750040435791015625e+01,5.161290168762207031e+00,4.829999923706054688e+01,0.000000000000000000e+00,0.000000000000000000e+00,-1.000000000000000000e+00
2.752472114562988281e+01,4.838709831237792969e+00,4.829999923706054688e+01,0.000000000000000000e+00,0.000000000000000000e+00,-1.000000000000000000e+00
2.754903602600097656e+01,4.516129016876220703e+00,4.829999923706054688e+01,0.000000000000000000e+00,0.000000000000000000e+00,-1.000000000000000000e+00
2.757335090637207031e+01,4.193548202514648438e+00,4.829999923706054688e+01,0.000000000000000000e+00,0.000000000000000000e+00,-1.000000000000000000e+00
2.759766578674316406e+01,3.870967626571655273e+00,4.829999923706054688e+01,0.000000000000000000e+00,0.000000000000000000e+00,-1.000000000000000000e+00
2.762198066711425781e+01,3.548387050628662109e+00,4.829999923706054688e+01,0.000000000000000000e+00,0.000000000000000000e+00,-1.000000000000000000e+00
2.764629554748535156e+01,3.225806474685668945e+00,4.829999923706054688e+01,0.000000000000000000e+00,0.000000000000000000e+00,-1.000000000000000000e+00
2.767061042785644531e+01,2.903225898742675781e+00,4.829999923706054688e+01,0.000000000000000000e+00,0.000000000000000000e+00,-1.000000000000000000e+00
2.769492530822753906e+01,2.580645084381103516e+00,4.829999923706054688e+01,0.000000000000000000e+00,0.000000000000000000e+00,-1.000000000000000000e+00
2.771924209594726562e+01,2.258064508438110352e+00,4.829999923706054688e+01,0.000000000000000000e+00,0.000000000000000000e+00,-1.000000000000000000e+00
2.774355697631835938e+01,1.935483813285827637e+00,4.829999923706054688e+01,0.000000000000000000e+00,0.000000000000000000e+00,-1.000000000000000000e+00
2.776787185668945312e+01,1.612903237342834473e+00,4.829999923706054688e+01,0.000000000000000000e+00,0.000000000000000000e+00,-1.000000000000000000e+00
2.779218673706054688e+01,1.290322542190551758e+00,4.829999923706054688e+01,0.000000000000000000e+00,0.000000000000000000e+00,-1.000000000000000000e+00
2.781650161743164062e+01,9.677419066429138184e-01,4.829999923706054688e+01,0.000000000000000000e+00,0.000000000000000000e+00,-1.000000000000000000e+00
2.784081649780273438e+01,6.451612710952758789e-01,4.829999923706054688e+01,0.000000000000000000e+00,0.000000000000000000e+00,-1.000000000000000000e+00
2.786513137817382812e+01,3.225806355476379395e-01,4.829999923706054688e+01,0.000000000000000000e+00,0.000000000000000000e+00,-1.000000000000000000e+00
2.738693428039550781e+01,0.000000000000000000e+00,4.829999923706054688e+01,0.000000000000000000e+00,0.000000000000000000e+00,-1.000000000000000000e+00
2.741124916076660156e+01,-3.225806355476379395e-01,4.829999923706054688e+01,0.000000000000000000e+00,0.000000000000000000e+00,-1.000000000000000000e+00
2.743556404113769531e+01,-6.451612710952758789e-01,4.829999923706054688e+01,0.000000000000000000e+00,0.000000000000000000e+00,-1.000000000000000000e+00
2.745988082885742188e+01,-9.677419066429138184e-01,4.829999923706054688e+01,0.000000000000000000e+00,0.000000000000000000e+00,-1.000000000000000000e+00
2.748419570922851562e+01,-1.290322542190551758e+00,4.829999923706054688e+01,0.000000000000000000e+00,0.000000000000000000e+00,-1.000000000000000000e+00
2.750851058959960938e+01,-1.612903237342834473e+00,4.829999923706054688e+01,0.000000000000000000e+00,0.000000000000000000e+00,-1.000000000000000000e+00
2.753282546997070312e+01,-1.935483813285827637e+00,4.829999923706054688e+01,0.000000000000000000e+00,0.000000000000000000e+00,-1.000000000000000000e+00
2.755714035034179688e+01,-2.258064508438110352e+00,4.829999923706054688e+01,0.000000000000000000e+00,0.000000000000000000e+00,-1.000000000000000000e+00
2.758145523071289062e+01,-2.580645084381103516e+00,4.829999923706054688e+01,0.000000000000000000e+00,0.000000000000000000e+00,-1.000000000000000000e+00
2.760577011108398438e+01,-2.903225898742675781e+00,4.829999923706054688e+01,0.000000000000000000e+00,0.000000000000000000e+00,-1.000000000000000000e+00
2.763008499145507812e+01,-3.225806474685668945e+00,4.829999923706054688e+01,0.000000000000000000e+00,0.000000000000000000e+00,-1.000000000000000000e+00
2.765440177917480469e+01,-3.548387050628662109e+00,4.829999923706054688e+01,0.000000000000000000e+00,0.000000000000000000e+00,-1.000000000000000000e+00
2.767871665954589844e+01,-3.870967626571655273e+00,4.829999923706054688e+01,0.000000000000000000e+00,0.000000000000000000e+00,-1.000000000000000000e+00
2.770303153991699219e+01,-4.193548202514648438e+00,4.829999923706054688e+01,0.000000000000000000e+00,0.000000000000000000e+00,-1.000000000000000000e+00
2.772734642028808594e+01,-4.516129016876220703e+00,4.829999923706054688e+01,0.000000000000000000e+00,0.000000000000000000e+00,-1.000000000000000000e+00
2.775166130065917969e+01,-4.838709831237792969e+00,4.829999923706054688e+01,0.000000000000000000e+00,0.000000000000000000e+00,-1.000000000000000000e+00
2.777597618103027344e+01,-5.161290168762207031e+00,4.829999923706054688e+01,0.000000000000000000e+00,0.000000000000000000e+00,-1.000000000000000000e+00
2.780029106140136719e+01,-5.483870983123779297e+00,4.829999923706054688e+01,0.000000000000000000e+00,0.000000000000000000e+00,-1.000000000000000000e+00
2.782460784912109375e+01,-5.806451797485351562e+00,4.829999923706054688e+01,0.000000000000000000e+00,0.000000000000000000e+00,-1.000000000000000000e+00
2.784892272949218750e+01,-6.129032135009765625e+00,4.829999923706054688e+01,0.000000000000000000e+00,0.000000000000000000e+00,-1.000000000000000000e+00
2.787323760986328125e+01,-6.451612949371337891e+00,4.829999923706054688e+01,0.000000000000000000e+00,0.000000000000000000e+00,-1.000000000000000000e+00
2.789755249023437500e+01,-6.774193763732910156e+00,4.829999923706054688e+01,0.000000000000000000e+00,0.000000000000000000e+00,-1.000000000000000000e+00
2.792186737060546875e+01,-7.096774101257324219e+00,4.829999923706054688e+01,0.000000000000000000e+00,0.000000000000000000e+00,-1.000000000000000000e+00
2.794618225097656250e+01,-7.419354915618896484e+00,4.829999923706054688e+01,0.000000000000000000e+00,0.000000000000000000e+00,-1.000000000000000000e+00
2.797049713134765625e+01,-7.741935253143310547e+00,4.829999923706054688e+01,0.000000000000000000e+00,0.000000000000000000e+00,-1.000000000000000000e+00
2.799481201171875000e+01,-8.064516067504882812e+00,4.829999923706054688e+01,0.000000000000000000e+00,0.000000000000000000e+00,-1.000000000000000000e+00
2.801912879943847656e+01,-8.387096405029296875e+00,4.829999923706054688e+01,0.000000000000000000e+00,0.000000000000000000e+00,-1.000000000000000000e+00
2.804344367980957031e+01,-8.709677696228027344e+00,4.829999923706054688e+01,0.000000000000000000e+00,0.000000000000000000e+00,-1.000000000000000000e+00
2.806775856018066406e+01,-9.032258033752441406e+00,4.829999923706054688e+01,0.000000000000000000e+00,0.000000000000000000e+00,-1.000000000000000000e+00
2.809207344055175781e+01,-9.354838371276855469e+00,4.829999923706054688e+01,0.000000000000000000e+00,0.000000000000000000e+00,-1.000000000000000000e+00
2.811638832092285156e+01,-9.677419662475585938e+00,4.829999923706054688e+01,0.000000000000000000e+00,0.000000000000000000e+00,-1.000000000000000000e+00
2.814070320129394531e+01,-1.000000000000000000e+01,4.829999923706054688e+01,0.000000000000000000e+00,0.000000000000000000e+00,-1.000000000000000000e+00
2.814070320129394531e+01,-1.000000000000000000e+01,4.829999923706054688e+01,0.000000000000000000e+00,0.000000000000000000e+00,-1.000000000000000000e+00
2.816501808166503906e+01,-9.677419662475585938e+00,4.829999923706054688e+01,0.000000000000000000e+00,0.000000000000000000e+00,-1.000000000000000000e+00
2.818933296203613281e+01,-9.354838371276855469e+00,4.829999923706054688e+01,0.000000000000000000e+00,0.000000000000000000e+00,-1.000000000000000000e+00
2.821364974975585938e+01,-9.032258033752441406e+00,4.829999923706054688e+01,0.000000000000000000e+00,0.000000000000000000e+00,-1.000000000000000000e+00
2.823796463012695312e+01,-8.709677696228027344e+00,4.829999923706054688e+01,0.000000000000000000e+00,0.000000000000000000e+00,-1.000000000000000000e+00
2.826227951049804688e+01,-8.387096405029296875e+00,4.829999923706054688e+01,0.000000000000000000e+00,0.000000000000000000e+00,-1.000000000000000000e+00
2.828659439086914062e+01,-8.064516067504882812e+00,4.829999923706054688e+01,0.000000000000000000e+00,0.000000000000000000e+00,-1.000000000000000000e+00
2.831090927124023438e+01,-7.741935253143310547e+00,4.829999923706054688e+01,0.000000000000000000e+00,0.000000000000000000e+00,-1.000000000000000000e+00
2.833522415161132812e+01,-7.419354915618896484e+00,4.829999923706054688e+01,0.000000000000000000e+00,0.000000000000000000e+00,-1.000000000000000000e+00
2.835953903198242188e+01,-7.096774101257324219e+00,4.829999923706054688e+01,0.000000000000000000e+00,0.000000000000000000e+00,-1.000000000000000000e+00
2.838385391235351562e+01,-6.774193763732910156e+00,4.829999923706054688e+01,0.000000000000000000e+00,0.000000000000000000e+00,-1.000000000000000000e+00
2.840817070007324219e+01,-6.451612949371337891e+00,4.829999923706054688e+01,0.000000000000000000e+00,0.000000000000000000e+00,-1.000000000000000000e+00
2.843248558044433594e+01,-6.129032135009765625e+00,4.829999923706054688e+01,0.000000000000000000e+00,0.000000000000000000e+00,-1.000000000000000000e+00
2.845680046081542969e+01,-5.806451797485351562e+00,4.829999923706054688e+01,0.000000000000000000e+00,0.000000000000000000e+00,-1.000000000000000000e+00
2.848111534118652344e+01,-5.483870983123779297e+00,4.829999923706054688e+01,0.000000000000000000e+00,0.000000000000000000e+00,-1.000000000000000000e+00
2.850543022155761719e+01,-5.161290168762207031e+00,4.829999923706054688e+01,0.000000000000000000e+00,0.000000000000000000e+00,-1.000000000000000000e+00
2.852974510192871094e+01,-4.838709831237792969e+00,4.829999923706054688e+01,0.000000000000000000e+00,0.000000000000000000e+00,-1.000000000000000000e+00
2.855405998229980469e+01,-4.516129016876220703e+00,4.829999923706054688e+01,0.000000000000000000e+00,0.000000000000000000e+00,-1.000000000000000000e+00
2.857837486267089844e+01,-4.193548202514648438e+00,4.829999923706054688e+01,0.000000000000000000e+00,0.000000000000000000e+00,-1.000000000000000000e+00
2.860269165039062500e+01,-3.870967626571655273e+00,4.829999923706054688e+01,0.000000000000000000e+00,0.000000000000000000e+00,-1.000000000000000000e+00
2.862700653076171875e+01,-3.548387050628662109e+00,4.829999923706054688e+01,0.000000000000000000e+00,0.000000000000000000e+00,-1.000000000000000000e+00
2.865132141113281250e+01,-3.225806474685668945e+00,4.829999923706054688e+01,0.000000000000000000e+00,0.000000000000000000e+00,-1.000000000000000000e+00
2.867563629150390625e+01,-2.903225898742675781e+00,4.829999923706054688e+01,0.000000000000000000e+00,0.000000000000000000e+00,-1.000000000000000000e+00
2.869995117187500000e+01,-2.580645084381103516e+00,4.829999923706054688e+01,0.000000000000000000e+00,0.000000000000000000e+00,-1.000000000000000000e+00
2.872426605224609375e+01,-2.258064508438110352e+00,4.829999923706054688e+01,0.000000000000000000e+00,0.000000000000000000e+00,-1.000000000000000000e+00
2.874858093261718750e+01,-1.935483813285827637e+00,4.829999923706054688e+01,0.000000000000000000e+00,0.000000000000000000e+00,-1.000000000000000000e+00
2.877289581298828125e+01,-1.612903237342834473e+00,4.829999923706054688e+01,0.000000000000000000e+00,0.000000000000000000e+00,-1.000000000000000000e+00
2.879721260070800781e+01,-1.290322542190551758e+00,4.829999923706054688e+01,0.000000000000000000e+00,0.000000000000000000e+00,-1.000000000000000000e+00
2.882152748107910156e+01,-9.677419066429138184e-01,4.829999923706054688e+01,0.000000000000000000e+00,0.000000000000000000e+00,-1.000000000000000000e+00
2.884584236145019531e+01,-6.451612710952758789e-01,4.829999923706054688e+01,0.000000000000000000e+00,0.000000000000000000e+00,-1.000000000000000000e+00
2.887015724182128906e+01,-3.225806355476379395e-01,4.829999923706054688e+01,0.000000000000000000e+00,0.000000000000000000e+00,-1.000000000000000000e+00
2.839196014404296875e+01,0.000000000000000000e+00,4.829999923706054688e+01,0.000000000000000000e+00,0.000000000000000000e+00,-1.000000000000000000e+00
2.841627502441406250e+01,3.225806355476379395e-01,4.829999923706054688e+01,0.000000000000000000e+00,0.000000000000000000e+00,-1.000000000000000000e+00
2.844058990478515625e+01,6.451612710952758789e-01,4.829999923706054688e+01,0.000000000000000000e+00,0.000000000000000000e+00,-1.000000000000000000e+00
2.846490478515625000e+01,9.677419066429138184e-01,4.829999923706054688e+01,0.000000000000000000e+00,0.000000000000000000e+00,-1.000000000000000000e+00
2.848921966552734375e+01,1.290322542190551758e+00,4.829999923706054688e+01,0.000000000000000000e+00,0.000000000000000000e+00,-1.000000000000000000e+00
2.851353454589843750e+01,1.612903237342834473e+00,4.829999923706054688e+01,0.000000000000000000e+00,0.000000000000000000e+00,-1.000000000000000000e+00
2.853785133361816406e+01,1.935483813285827637e+00,4.829999923706054688e+01,0.000000000000000000e+00,0.000000000000000000e+00,-1.000000000000000000e+00
2.856216621398925781e+01,2.258064508438110352e+00,4.829999923706054688e+01,0.000000000000000000e+00,0.000000000000000000e+00,-1.000000000000000000e+00
2.858648109436035156e+01,2.580645084381103516e+00,4.829999923706054688e+01,0.000000000000000000e+00,0.000000000000000000e+00,-1.000000000000000000e+00
2.861079597473144531e+01,2.903225898742675781e+00,4.829999923706054688e+01,0.000000000000000000e+00,0.000000000000000000e+00,-1.000000000000000000e+00
2.863511085510253906e+01,3.225806474685668945e+00,4.829999923706054688e+01,0.000000000000000000e+00,0.000000000000000000e+00,-1.000000000000000000e+00
2.865942573547363281e+01,3.548387050628662109e+00,4.829999923706054688e+01,0.000000000000000000e+00,0.000000000000000000e+00,-1.000000000000000000e+00
2.868374061584472656e+01,3.870967626571655273e+00,4.829999923706054688e+01,0.000000000000000000e+00,0.000000000000000000e+00,-1.000000000000000000e+00
2.870805549621582031e+01,4.193548202514648438e+00,4.829999923706054688e+01,0.000000000000000000e+00,0.000000000000000000e+00,-1.000000000000000000e+00
2.873237228393554688e+01,4.516129016876220703e+00,4.829999923706054688e+01,0.000000000000000000e+00,0.000000000000000000e+00,-1.000000000000000000e+00
2.875668716430664062e+01,4.838709831237792969e+00,4.829999923706054688e+01,0.000000000000000000e+00,0.000000000000000000e+00,-1.000000000000000000e+00
2.878100204467773438e+01,5.161290168762207031e+00,4.829999923706054688e+01,0.000000000000000000e+00,0.000000000000000000e+00,-1.000000000000000000e+00
2.880531692504882812e+01,5.483870983123779297e+00,4.829999923706054688e+01,0.000000000000000000e+00,0.000000000000000000e+00,-1.000000000000000000e+00
2.882963180541992188e+01,5.806451797485351562e+00,4.829999923706054688e+01,0.000000000000000000e+00,0.000000000000000000e+00,-1.000000000000000000e+00
2.885394668579101562e+01,6.129032135009765625e+00,4.829999923706054688e+01,0.000000000000000000e+00,0.000000000000000000e+00,-1.000000000000000000e+00
2.887826156616210938e+01,6.451612949371337891e+00,4.829999923706054688e+01,0.000000000000000000e+00,0.000000000000000000e+00,-1.000000000000000000e+00
2.890257835388183594e+01,6.774193763732910156e+00,4.829999923706054688e+01,0.000000000000000000e+00,0.000000000000000000e+00,-1.000000000000000000e+00
2.892689323425292969e+01,7.096774101257324219e+00,4.829999923706054688e+01,0.000000000000000000e+00,0.000000000000000000e+00,-1.000000000000000000e+00
2.895120811462402344e+01,7.419354915618896484e+00,4.829999923706054688e+01,0.000000000000000000e+00,0.000000000000000000e+00,-1.000000000000000000e+00
2.897552299499511719e+01,7.741935253143310547e+00,4.829999923706054688e+01,0.000000000000000000e+00,0.000000000000000000e+00,-1.000000000000000000e+00
2.899983787536621094e+01,8.064516067504882812e+00,4.829999923706054688e+01,0.000000000000000000e+00,0.000000000000000000e+00,-1.000000000000000000e+00
2.902415275573730469e+01,8.387096405029296875e+00,4.829999923706054688e+01,0.000000000000000000e+00,0.000000000000000000e+00,-1.000000000000000000e+00
2.904846763610839844e+01,8.709677696228027344e+00,4.829999923706054688e+01,0.000000000000000000e+00,0.000000000000000000e+00,-1.000000000000000000e+00
2.907278251647949219e+01,9.032258033752441406e+00,4.829999923706054688e+01,0.000000000000000000e+00,0.000000000000000000e+00,-1.000000000000000000e+00
2.909709930419921875e+01,9.354838371276855469e+00,4.829999923706054688e+01,0.000000000000000000e+00,0.000000000000000000e+00,-1.000000000000000000e+00
2.912141418457031250e+01,9.677419662475585938e+00,4.829999923706054688e+01,0.000000000000000000e+00,0.000000000000000000e+00,-1.000000000000000000e+00
2.914572906494140625e+01,1.000000000000000000e+01,4.829999923706054688e+01,0.000000000000000000e+00,0.000000000000000000e+00,-1.000000000000000000e+00
2.914572906494140625e+01,1.000000000000000000e+01,4.829999923706054688e+01,0.000000000000000000e+00,0.000000000000000000e+00,-1.000000000000000000e+00
2.917004394531250000e+01,9.677419662475585938e+00,4.829999923706054688e+01,0.000000000000000000e+00,0.000000000000000000e+00,-1.000000000000000000e+00
2.919435882568359375e+01,9.354838371276855469e+00,4.829999923706054688e+01,0.000000000000000000e+00,0.000000000000000000e+00,-1.000000000000000000e+00
2.921867370605468750e+01,9.032258033752441406e+00,4.829999923706054688e+01,0.000000000000000000e+00,0.000000000000000000e+00,-1.000000000000000000e+00
2.924298858642578125e+01,8.709677696228027344e+00,4.829999923706054688e+01,0.000000000000000000e+00,0.000000000000000000e+00,-1.000000000000000000e+00
2.926730346679687500e+01,8.387096405029296875e+00,4.829999923706054688e+01,0.000000000000000000e+00,0.000000000000000000e+00,-1.000000000000000000e+00
2.929162025451660156e+01,8.064516067504882812e+00,4.829999923706054688e+01,0.000000000000000000e+00,0.000000000000000000e+00,-1.000000000000000000e+00
2.931593513488769531e+01,7.741935253143310547e+00,4.829999923706054688e+01,0.000000000000000000e+00,0.000000000000000000e+00,-1.000000000000000000e+00
2.934025001525878906e+01,7.419354915618896484e+00,4.829999923706054688e+01,0.000000000000000000e+00,0.000000000000000000e+00,-1.000000000000000000e+00
2.936456489562988281e+01,7.096774101257324219e+00,4.829999923706054688e+01,0.000000000000000000e+00,0.000000000000000000e+00,-1.000000000000000000e+00
2.938887977600097656e+01,6.774193763732910156e+00,4.829999923706054688e+01,0.000000000000000000e+00,0.000000000000000000e+00,-1.000000000000000000e+00
2.941319465637207031e+01,6.451612949371337891e+00,4.829999923706054688e+01,0.000000000000000000e+00,0.000000000000000000e+00,-1.000000000000000000e+00
2.943750953674316406e+01,6.129032135009765625e+00,4.829999923706054688e+01,0.000000000000000000e+00,0.000000000000000000e+00,-1.000000000000000000e+00
2.946182441711425781e+01,5.806451797485351562e+00,4.829999923706054688e+01,0.000000000000000000e+00,0.000000000000000000e+00,-1.000000000000000000e+00
2.948614120483398438e+01,5.483870983123779297e+00,4.829999923706054688e+01,0.000000000000000000e+00,0.000000000000000000e+00,-1.000000000000000000e+00
2.951045608520507812e+01,5.161290168762207031e+00,4.829999923706054688e+01,0.000000000000000000e+00,0.000000000000000000e+00,-1.000000000000000000e+00
2.953477096557617188e+01,4.838709831237792969e+00,4.829999923706054688e+01,0.000000000000000000e+00,0.000000000000000000e+00,-1.000000000000000000e+00
2.955908584594726562e+01,4.516129016876220703e+00,4.829999923706054688e+01,0.000000000000000000e+00,0.000000000000000000e+00,-1.000000000000000000e+00
2.958340072631835938e+01,4.193548202514648438e+00,4.829999923706054688e+01,0.000000000000000000e+00,0.000000000000000000e+00,-1.000000000000000000e+00
2.960771560668945312e+01,3.870967626571655273e+00,4.829999923706054688e+01,0.000000000000000000e+00,0.000000000000000000e+00,-1.000000000000000000e+00
2.963203048706054688e+01,3.548387050628662109e+00,4.829999923706054688e+01,0.000000000000000000e+00,0.000000000000000000e+00,-1.000000000000000000e+00
2.965634536743164062e+01,3.225806474685668945e+00,4.829999923706054688e+01,0.000000000000000000e+00,0.000000000000000000e+00,-1.000000000000000000e+00
2.968066215515136719e+01,2.903225898742675781e+00,4.829999923706054688e+01,0.000000000000000000e+00,0.000000000000000000e+00,-1.000000000000000000e+00
2.970497703552246094e+01,2.580645084381103516e+00,4.829999923706054688e+01,0.000000000000000000e+00,0.000000000000000000e+00,-1.000000000000000000e+00
2.972929191589355469e+01,2.258064508438110352e+00,4.829999923706054688e+01,0.000000000000000000e+00,0.000000000000000000e+00,-1.000000000000000000e+00
2.975360679626464844e+01,1.935483813285827637e+00,4.829999923706054688e+01,0.000000000000000000e+00,0.000000000000000000e+00,-1.000000000000000000e+00
2.977792167663574219e+01,1.612903237342834473e+00,4.829999923706054688e+01,0.000000000000000000e+00,0.000000000000000000e+00,-1.000000000000000000e+00
2.980223655700683594e+01,1.290322542190551758e+00,4.829999923706054688e+01,0.000000000000000000e+00,0.000000000000000000e+00,-1.000000000000000000e+00
2.982655143737792969e+01,9.677419066429138184e-01,4.829999923706054688e+01,0.000000000000000000e+00,0.000000000000000000e+00,-1.000000000000000000e+00
2.985086631774902344e+01,6.451612710952758789e-01,4.829999923706054688e+01,0.000000000000000000e+00,0.000000000000000000e+00,-1.000000000000000000e+00
2.987518310546875000e+01,3.225806355476379395e-01,4.829999923706054688e+01,0.000000000000000000e+00,0.000000000000000000e+00,-1.000000000000000000e+00
2.939698410034179688e+01,0.000000000000000000e+00,4.829999923706054688e+01,0.000000000000000000e+00,0.000000000000000000e+00,-1.000000000000000000e+00
2.942130088806152344e+01,-3.225806355476379395e-01,4.829999923706054688e+01,0.000000000000000000e+00,0.000000000000000000e+00,-1.000000000000000000e+00
2.944561576843261719e+01,-6.451612710952758789e-01,4.829999923706054688e+01,0.000000000000000000e+00,0.000000000000000000e+00,-1.000000000000000000e+00
2.946993064880371094e+01,-9.677419066429138184e-01,4.829999923706054688e+01,0.000000000000000000e+00,0.000000000000000000e+00,-1.000000000000000000e+00
2.949424552917480469e+01,-1.290322542190551758e+00,4.829999923706054688e+01,0.000000000000000000e+00,0.000000000000000000e+00,-1.000000000000000000e+00
2.951856040954589844e+01,-1.612903237342834473e+00,4.829999923706054688e+01,0.000000000000000000e+00,0.000000000000000000e+00,-1.000000000000000000e+00
2.954287528991699219e+01,-1.935483813285827637e+00,4.829999923706054688e+01,0.000000000000000000e+00,0.000000000000000000e+00,-1.000000000000000000e+00
2.956719017028808594e+01,-2.258064508438110352e+00,4.829999923706054688e+01,0.000000000000000000e+00,0.000000000000000000e+00,-1.000000000000000000e+00
2.959150505065917969e+01,-2.580645084381103516e+00,4.829999923706054688e+01,0.000000000000000000e+00,0.000000000000000000e+00,-1.000000000000000000e+00
2.961582183837890625e+01,-2.903225898742675781e+00,4.829999923706054688e+01,0.000000000000000000e+00,0.000000000000000000e+00,-1.000000000000000000e+00
2.964013671875000000e+01,-3.225806474685668945e+00,4.829999923706054688e+01,0.000000000000000000e+00,0.000000000000000000e+00,-1.000000000000000000e+00
2.966445159912109375e+01,-3.548387050628662109e+00,4.829999923706054688e+01,0.000000000000000000e+00,0.000000000000000000e+00,-1.000000000000000000e+00
2.968876647949218750e+01,-3.870967626571655273e+00,4.829999923706054688e+01,0.000000000000000000e+00,0.000000000000000000e+00,-1.000000000000000000e+00
2.971308135986328125e+01,-4.193548202514648438e+00,4.829999923706054688e+01,0.000000000000000000e+00,0.000000000000000000e+00,-1.000000000000000000e+00
2.973739624023437500e+01,-4.516129016876220703e+00,4.829999923706054688e+01,0.000000000000000000e+00,0.000000000000000000e+00,-1.000000000000000000e+00
2.976171112060546875e+01,-4.838709831237792969e+00,4.829999923706054688e+01,0.000000000000000000e+00,0.000000000000000000e+00,-1.000000000000000000e+00
2.978602600097656250e+01,-5.161290168762207031e+00,4.829999923706054688e+01,0.000000000000000000e+00,0.000000000000000000e+00,-1.000000000000000000e+00
2.981034278869628906e+01,-5.483870983123779297e+00,4.829999923706054688e+01,0.000000000000000000e+00,0.000000000000000000e+00,-1.000000000000000000e+00
2.983465766906738281e+01,-5.806451797485351562e+00,4.829999923706054688e+01,0.000000000000000000e+00,0.000000000000000000e+00,-1.000000000000000000e+00
2.985897254943847656e+01,-6.129032135009765625e+00,4.829999923706054688e+01,0.000000000000000000e+00,0.000000000000000000e+00,-1.000000000000000000e+00
2.988328742980957031e+01,-6.451612949371337891e+00,4.829999923706054688e+01,0.000000000000000000e+00,0.000000000000000000e+00,-1.000000000000000000e+00
2.990760231018066406e+01,-6.774193763732910156e+00,4.829999923706054688e+01,0.000000000000000000e+00,0.000000000000000000e+00,-1.000000000000000000e+00
2.993191719055175781e+01,-7.096774101257324219e+00,4.829999923706054688e+01,0.000000000000000000e+00,0.000000000000000000e+00,-1.000000000000000000e+00
2.995623207092285156e+01,-7.419354915618896484e+00,4.829999923706054688e+01,0.000000000000000000e+00,0.000000000000000000e+00,-1.000000000000000000e+00
2.998054695129394531e+01,-7.741935253143310547e+00,4.829999923706054688e+01,0.000000000000000000e+00,0.000000000000000000e+00,-1.000000000000000000e+00
3.000486373901367188e+01,-8.064516067504882812e+00,4.829999923706054688e+01,0.000000000000000000e+00,0.000000000000000000e+00,-1.000000000000000000e+00
3.002917861938476562e+01,-8.387096405029296875e+00,4.829999923706054688e+01,0.000000000000000000e+00,0.000000000000000000e+00,-1.000000000000000000e+00
3.005349349975585938e+01,-8.709677696228027344e+00,4.829999923706054688e+01,0.000000000000000000e+00,0.000000000000000000e+00,-1.000000000000000000e+00
3.007780838012695312e+01,-9.032258033752441406e+00,4.829999923706054688e+01,0.000000000000000000e+00,0.000000000000000000e+00,-1.000000000000000000e+00
3.010212326049804688e+01,-9.354838371276855469e+00,4.829999923706054688e+01,0.000000000000000000e+00,0.000000000000000000e+00,-1.000000000000000000e+00
3.012643814086914062e+01,-9.677419662475585938e+00,4.829999923706054688e+01,0.000000000000000000e+00,0.000000000000000000e+00,-1.000000000000000000e+00
3.015075302124023438e+01,-1.000000000000000000e+01,4.829999923706054688e+01,0.000000000000000000e+00,0.000000000000000000e+00,-1.000000000000000000e+00
3.015075302124023438e+01,-1.000000000000000000e+01,4.829999923706054688e+01,0.000000000000000000e+00,0.000000000000000000e+00,-1.000000000000000000e+00
3.017506980895996094e+01,-9.677419662475585938e+00,4.829999923706054688e+01,0.000000000000000000e+00,0.000000000000000000e+00,-1.000000000000000000e+00
3.019938468933105469e+01,-9.354838371276855469e+00,4.829999923706054688e+01,0.000000000000000000e+00,0.000000000000000000e+00,-1.000000000000000000e+00
3.022369956970214844e+01,-9.032258033752441406e+00,4.829999923706054688e+01,0.000000000000000000e+00,0.000000000000000000e+00,-1.000000000000000000e+00
3.024801445007324219e+01,-8.709677696228027344e+00,4.829999923706054688e+01,0.000000000000000000e+00,0.000000000000000000e+00,-1.000000000000000000e+00
3.027232933044433594e+01,-8.387096405029296875e+00,4.829999923706054688e+01,0.000000000000000000e+00,0.000000000000000000e+00,-1.000000000000000000e+00
3.029664421081542969e+01,-8.064516067504882812e+00,4.829999923706054688e+01,0.000000000000000000e+00,0.000000000000000000e+00,-1.000000000000000000e+00
3.032095909118652344e+01,-7.741935253143310547e+00,4.829999923706054688e+01,0.000000000000000000e+00,0.000000000000000000e+00,-1.000000000000000000e+00
3.034527397155761719e+01,-7.419354915618896484e+00,4.829999923706054688e+01,0.000000000000000000e+00,0.000000000000000000e+00,-1.000000000000000000e+00
3.036959075927734375e+01,-7.096774101257324219e+00,4.829999923706054688e+01,0.000000000000000000e+00,0.000000000000000000e+00,-1.000000000000000000e+00
3.039390563964843750e+01,-6.774193763732910156e+00,4.829999923706054688e+01,0.000000000000000000e+00,0.000000000000000000e+00,-1.000000000000000000e+00
3.041822052001953125e+01,-6.451612949371337891e+00,4.829999923706054688e+01,0.000000000000000000e+00,0.000000000000000000e+00,-1.000000000000000000e+00
3.044253540039062500e+01,-6.129032135009765625e+00,4.829999923706054688e+01,0.000000000000000000e+00,0.000000000000000000e+00,-1.000000000000000000e+00
3.046685028076171875e+01,-5.806451797485351562e+00,4.829999923706054688e+01,0.000000000000000000e+00,0.000000000000000000e+00,-1.000000000000000000e+00
3.049116516113281250e+01,-5.483870983123779297e+00,4.829999923706054688e+01,0.000000000000000000e+00,0.000000000000000000e+00,-1.000000000000000000e+00
3.051548004150390625e+01,-5.161290168762207031e+00,4.829999923706054688e+01,0.000000000000000000e+00,0.000000000000000000e+00,-1.000000000000000000e+00
3.053979492187500000e+01,-4.838709831237792969e+00,4.829999923706054688e+01,0.000000000000000000e+00,0.000000000000000000e+00,-1.000000000000000000e+00
3.056411170959472656e+01,-4.516129016876220703e+00,4.829999923706054688e+01,0.000000000000000000e+00,0.000000000000000000e+00,-1.000000000000000000e+00
3.058842658996582031e+01,-4.193548202514648438e+00,4.829999923706054688e+01,0.000000000000000000e+00,0.000000000000000000e+00,-1.000000000000000000e+00
3.061274147033691406e+01,-3.870967626571655273e+00,4.829999923706054688e+01,0.000000000000000000e+00,0.000000000000000000e+00,-1.000000000000000000e+00
3.063705635070800781e+01,-3.548387050628662109e+00,4.829999923706054688e+01,0.000000000000000000e+00,0.000000000000000000e+00,-1.000000000000000000e+00
3.066137123107910156e+01,-3.225806474685668945e+00,4.829999923706054688e+01,0.000000000000000000e+00,0.000000000000000000e+00,-1.000000000000000000e+00
3.068568611145019531e+01,-2.903225898742675781e+00,4.829999923706054688e+01,0.000000000000000000e+00,0.000000000000000000e+00,-1.000000000000000000e+00
3.071000099182128906e+01,-2.580645084381103516e+00,4.829999923706054688e+01,0.000000000000000000e+00,0.000000000000000000e+00,-1.000000000000000000e+00
3.073431587219238281e+01,-2.258064508438110352e+00,4.829999923706054688e+01,0.000000000000000000e+00,0.000000000000000000e+00,-1.000000000000000000e+00
3.075863265991210938e+01,-1.935483813285827637e+00,4.829999923706054688e+01,0.000000000000000000e+00,0.000000000000000000e+00,-1.000000000000000000e+00
3.078294754028320312e+01,-1.612903237342834473e+00,4.829999923706054688e+01,0.000000000000000000e+00,0.000000000000000000e+00,-1.000000000000000000e+00
3.080726242065429688e+01,-1.290322542190551758e+00,4.829999923706054688e+01,0.000000000000000000e+00,0.000000000000000000e+00,-1.000000000000000000e+00
3.083157730102539062e+01,-9.677419066429138184e-01,4.829999923706054688e+01,0.000000000000000000e+00,0.000000000000000000e+00,-1.000000000000000000e+00
3.085589218139648438e+01,-6.451612710952758789e-01,4.829999923706054688e+01,0.000000000000000000e+00,0.000000000000000000e+00,-1.000000000000000000e+00
3.088020706176757812e+01,-3.225806355476379395e-01,4.829999923706054688e+01,0.000000000000000000e+00,0.000000000000000000e+00,-1.000000000000000000e+00
3.040200996398925781e+01,0.000000000000000000e+00,4.829999923706054688e+01,0.000000000000000000e+00,0.000000000000000000e+00,-1.000000000000000000e+00
3.042632484436035156e+01,3.225806355476379395e-01,4.829999923706054688e+01,0.000000000000000000e+00,0.000000000000000000e+00,-1.000000000000000000e+00
3.045063972473144531e+01,6.451612710952758789e-01,4.829999923706054688e+01,0.000000000000000000e+00,0.000000000000000000e+00,-1.000000000000000000e+00
3.047495460510253906e+01,9.677419066429138184e-01,4.829999923706054688e+01,0.000000000000000000e+00,0.000000000000000000e+00,-1.000000000000000000e+00
3.049927139282226562e+01,1.290322542190551758e+00,4.829999923706054688e+01,0.000000000000000000e+00,0.000000000000000000e+00,-1.000000000000000000e+00
3.052358627319335938e+01,1.612903237342834473e+00,4.829999923706054688e+01,0.000000000000000000e+00,0.000000000000000000e+00,-1.000000000000000000e+00
3.054790115356445312e+01,1.935483813285827637e+00,4.829999923706054688e+01,0.000000000000000000e+00,0.000000000000000000e+00,-1.000000000000000000e+00
3.057221603393554688e+01,2.258064508438110352e+00,4.829999923706054688e+01,0.000000000000000000e+00,0.000000000000000000e+00,-1.000000000000000000e+00
3.059653091430664062e+01,2.580645084381103516e+00,4.829999923706054688e+01,0.000000000000000000e+00,0.000000000000000000e+00,-1.000000000000000000e+00
3.062084579467773438e+01,2.903225898742675781e+00,4.829999923706054688e+01,0.000000000000000000e+00,0.000000000000000000e+00,-1.000000000000000000e+00
3.064516067504882812e+01,3.225806474685668945e+00,4.829999923706054688e+01,0.000000000000000000e+00,0.000000000000000000e+00,-1.000000000000000000e+00
3.066947555541992188e+01,3.548387050628662109e+00,4.829999923706054688e+01,0.000000000000000000e+00,0.000000000000000000e+00,-1.000000000000000000e+00
3.069379234313964844e+01,3.870967626571655273e+00,4.829999923706054688e+01,0.000000000000000000e+00,0.000000000000000000e+00,-1.000000000000000000e+00
3.071810722351074219e+01,4.193548202514648438e+00,4.829999923706054688e+01,0.000000000000000000e+00,0.000000000000000000e+00,-1.000000000000000000e+00
3.074242210388183594e+01,4.516129016876220703e+00,4.829999923706054688e+01,0.000000000000000000e+00,0.000000000000000000e+00,-1.000000000000000000e+00
3.076673698425292969e+01,4.838709831237792969e+00,4.829999923706054688e+01,0.000000000000000000e+00,0.000000000000000000e+00,-1.000000000000000000e+00
3.079105186462402344e+01,5.161290168762207031e+00,4.829999923706054688e+01,0.000000000000000000e+00,0.000000000000000000e+00,-1.000000000000000000e+00
3.081536674499511719e+01,5.483870983123779297e+00,4.829999923706054688e+01,0.000000000000000000e+00,0.000000000000000000e+00,-1.000000000000000000e+00
3.083968162536621094e+01,5.806451797485351562e+00,4.829999923706054688e+01,0.000000000000000000e+00,0.000000000000000000e+00,-1.000000000000000000e+00
3.086399650573730469e+01,6.129032135009765625e+00,4.829999923706054688e+01,0.000000000000000000e+00,0.000000000000000000e+00,-1.000000000000000000e+00
3.088831329345703125e+01,6.451612949371337891e+00,4.829999923706054688e+01,0.000000000000000000e+00,0.000000000000000000e+00,-1.000000000000000000e+00
3.091262817382812500e+01,6.774193763732910156e+00,4.829999923706054688e+01,0.000000000000000000e+00,0.000000000000000000e+00,-1.000000000000000000e+00
3.093694305419921875e+01,7.096774101257324219e+00,4.829999923706054688e+01,0.000000000000000000e+00,0.000000000000000000e+00,-1.000000000000000000e+00
3.096125793457031250e+01,7.419354915618896484e+00,4.829999923706054688e+01,0.000000000000000000e+00,0.000000000000000000e+00,-1.000000000000000000e+00
3.098557281494140625e+01,7.741935253143310547e+00,4.829999923706054688e+01,0.000000000000000000e+00,0.000000000000000000e+00,-1.000000000000000000e+00
3.100988769531250000e+01,8.064516067504882812e+00,4.829999923706054688e+01,0.000000000000000000e+00,0.000000000000000000e+00,-1.000000000000000000e+00
3.103420257568359375e+01,8.387096405029296875e+00,4.829999923706054688e+01,0.000000000000000000e+00,0.000000000000000000e+00,-1.000000000000000000e+00
3.105851745605468750e+01,8.709677696228027344e+00,4.829999923706054688e+01,0.000000000000000000e+00,0.000000000000000000e+00,-1.000000000000000000e+00
3.108283424377441406e+01,9.032258033752441406e+00,4.829999923706054688e+01,0.000000000000000000e+00,0.000000000000000000e+00,-1.000000000000000000e+00
3.110714912414550781e+01,9.354838371276855469e+00,4.829999923706054688e+01,0.000000000000000000e+00,0.000000000000000000e+00,-1.000000000000000000e+00
3.113146400451660156e+01,9.677419662475585938e+00,4.829999923706054688e+01,0.000000000000000000e+00,0.000000000000000000e+00,-1.000000000000000000e+00
3.115577888488769531e+01,1.000000000000000000e+01,4.829999923706054688e+01,0.000000000000000000e+00,0.000000000000000000e+00,-1.000000000000000000e+00
3.115577888488769531e+01,1.000000000000000000e+01,4.829999923706054688e+01,0.000000000000000000e+00,0.000000000000000000e+00,-1.000000000000000000e+00
3.118009376525878906e+01,9.677419662475585938e+00,4.829999923706054688e+01,0.000000000000000000e+00,0.000000000000000000e+00,-1.000000000000000000e+00
3.120440864562988281e+01,9.354838371276855469e+00,4.829999923706054688e+01,0.000000000000000000e+00,0.000000000000000000e+00,-1.000000000000000000e+00
3.122872352600097656e+01,9.032258033752441406e+00,4.829999923706054688e+01,0.000000000000000000e+00,0.000000000000000000e+00,-1.000000000000000000e+00
3.125304031372070312e+01,8.709677696228027344e+00,4.829999923706054688e+01,0.000000000000000000e+00,0.000000000000000000e+00,-1.000000000000000000e+00
3.127735519409179688e+01,8.387096405029296875e+00,4.829999923706054688e+01,0.000000000000000000e+00,0.000000000000000000e+00,-1.000000000000000000e+00
3.130167007446289062e+01,8.064516067504882812e+00,4.829999923706054688e+01,0.000000000000000000e+00,0.000000000000000000e+00,-1.000000000000000000e+00
3.132598495483398438e+01,7.741935253143310547e+00,4.829999923706054688e+01,0.000000000000000000e+00,0.000000000000000000e+00,-1.000000000000000000e+00
3.135029983520507812e+01,7.419354915618896484e+00,4.829999923706054688e+01,0.000000000000000000e+00,0.000000000000000000e+00,-1.000000000000000000e+00
3.137461471557617188e+01,7.096774101257324219e+00,4.829999923706054688e+01,0.000000000000000000e+00,0.000000000000000000e+00,-1.000000000000000000e+00
3.139892959594726562e+01,6.774193763732910156e+00,4.829999923706054688e+01,0.000000000000000000e+00,0.000000000000000000e+00,-1.000000000000000000e+00
3.142324447631835938e+01,6.451612949371337891e+00,4.829999923706054688e+01,0.000000000000000000e+00,0.000000000000000000e+00,-1.000000000000000000e+00
3.144756126403808594e+01,6.129032135009765625e+00,4.829999923706054688e+01,0.000000000000000000e+00,0.000000000000000000e+00,-1.000000000000000000e+00
3.147187614440917969e+01,5.806451797485351562e+00,4.829999923706054688e+01,0.000000000000000000e+00,0.000000000000000000e+00,-1.000000000000000000e+00
3.149619102478027344e+01,5.483870983123779297e+00,4.829999923706054688e+01,0.000000000000000000e+00,0.000000000000000000e+00,-1.000000000000000000e+00
3.152050590515136719e+01,5.161290168762207031e+00,4.829999923706054688e+01,0.000000000000000000e+00,0.000000000000000000e+00,-1.000000000000000000e+00
3.154482078552246094e+01,4.838709831237792969e+00,4.829999923706054688e+01,0.000000000000000000e+00,0.000000000000000000e+00,-1.000000000000000000e+00
3.156913566589355469e+01,4.516129016876220703e+00,4.829999923706054688e+01,0.000000000000000000e+00,0.000000000000000000e+00,-1.000000000000000000e+00
3.159345054626464844e+01,4.193548202514648438e+00,4.829999923706054688e+01,0.000000000000000000e+00,0.000000000000000000e+00,-1.000000000000000000e+00
3.161776542663574219e+01,3.870967626571655273e+00,4.829999923706054688e+01,0.000000000000000000e+00,0.000000000000000000e+00,-1.000000000000000000e+00
3.164208221435546875e+01,3.548387050628662109e+00,4.829999923706054688e+01,0.000000000000000000e+00,0.000000000000000000e+00,-1.000000000000000000e+00
3.166639709472656250e+01,3.225806474685668945e+00,4.829999923706054688e+01,0.000000000000000000e+00,0.000000000000000000e+00,-1.000000000000000000e+00
3.169071197509765625e+01,2.903225898742675781e+00,4.829999923706054688e+01,0.000000000000000000e+00,0.000000000000000000e+00,-1.000000000000000000e+00
3.171502685546875000e+01,2.580645084381103516e+00,4.829999923706054688e+01,0.000000000000000000e+00,0.000000000000000000e+00,-1.000000000000000000e+00
3.173934173583984375e+01,2.258064508438110352e+00,4.829999923706054688e+01,0.000000000000000000e+00,0.000000000000000000e+00,-1.000000000000000000e+00
3.176365661621093750e+01,1.935483813285827637e+00,4.829999923706054688e+01,0.000000000000000000e+00,0.000000000000000000e+00,-1.000000000000000000e+00
3.178797149658203125e+01,1.612903237342834473e+00,4.829999923706054688e+01,0.000000000000000000e+00,0.000000000000000000e+00,-1.000000000000000000e+00
3.181228637695312500e+01,1.290322542190551758e+00,4.829999923706054688e+01,0.000000000000000000e+00,0.000000000000000000e+00,-1.000000000000000000e+00
3.183660316467285156e+01,9.677419066429138184e-01,4.829999923706054688e+01,0.000000000000000000e+00,0.000000000000000000e+00,-1.000000000000000000e+00
3.186091804504394531e+01,6.451612710952758789e-01,4.829999923706054688e+01,0.000000000000000000e+00,0.000000000000000000e+00,-1.000000000000000000e+00
3.188523292541503906e+01,3.225806355476379395e-01,4.829999923706054688e+01,0.000000000000000000e+00,0.000000000000000000e+00,-1.000000000000000000e+00
3.140703582763671875e+01,0.000000000000000000e+00,4.829999923706054688e+01,0.000000000000000000e+00,0.000000000000000000e+00,-1.000000000000000000e+00
3.143135070800781250e+01,-3.225806355476379395e-01,4.829999923706054688e+01,0.000000000000000000e+00,0.000000000000000000e+00,-1.000000000000000000e+00
3.145566558837890625e+01,-6.451612710952758789e-01,4.829999923706054688e+01,0.000000000000000000e+00,0.000000000000000000e+00,-1.000000000000000000e+00
3.147998046875000000e+01,-9.677419066429138184e-01,4.829999923706054688e+01,0.000000000000000000e+00,0.000000000000000000e+00,-1.000000000000000000e+00
3.150429534912109375e+01,-1.290322542190551758e+00,4.829999923706054688e+01,0.000000000000000000e+00,0.000000000000000000e+00,-1.000000000000000000e+00
3.152861022949218750e+01,-1.612903237342834473e+00,4.829999923706054688e+01,0.000000000000000000e+00,0.000000000000000000e+00,-1.000000000000000000e+00
3.155292510986328125e+01,-1.935483813285827637e+00,4.829999923706054688e+01,0.000000000000000000e+00,0.000000000000000000e+00,-1.000000000000000000e+00
3.157724189758300781e+01,-2.258064508438110352e+00,4.829999923706054688e+01,0.000000000000000000e+00,0.000000000000000000e+00,-1.000000000000000000e+00
3.160155677795410156e+01,-2.580645084381103516e+00,4.829999923706054688e+01,0.000000000000000000e+00,0.000000000000000000e+00,-1.000000000000000000e+00
3.162587165832519531e+01,-2.903225898742675781e+00,4.829999923706054688e+01,0.000000000000000000e+00,0.000000000000000000e+00,-1.000000000000000000e+00
3.165018653869628906e+01,-3.225806474685668945e+00,4.829999923706054688e+01,0.000000000000000000e+00,0.000000000000000000e+00,-1.000000000000000000e+00
3.167450141906738281e+01,-3.548387050628662109e+00,4.829999923706054688e+01,0.000000000000000000e+00,0.000000000000000000e+00,-1.000000000000000000e+00
3.169881629943847656e+01,-3.870967626571655273e+00,4.829999923706054688e+01,0.000000000000000000e+00,0.000000000000000000e+00,-1.000000000000000000e+00
3.172313117980957031e+01,-4.193548202514648438e+00,4.829999923706054688e+01,0.000000000000000000e+00,0.000000000000000000e+00,-1.000000000000000000e+00
3.174744606018066406e+01,-4.516129016876220703e+00,4.829999923706054688e+01,0.000000000000000000e+00,0.000000000000000000e+00,-1.000000000000000000e+00
3.177176284790039062e+01,-4.838709831237792969e+00,4.829999923706054688e+01,0.000000000000000000e+00,0.000000000000000000e+00,-1.000000000000000000e+00
3.179607772827148438e+01,-5.161290168762207031e+00,4.829999923706054688e+01,0.000000000000000000e+00,0.000000000000000000e+00,-1.000000000000000000e+00
3.182039260864257812e+01,-5.483870983123779297e+00,4.829999923706054688e+01,0.000000000000000000e+00,0.000000000000000000e+00,-1.000000000000000000e+00
3.184470748901367188e+01,-5.806451797485351562e+00,4.829999923706054688e+01,0.000000000000000000e+00,0.000000000000000000e+00,-1.000000000000000000e+00
3.186902236938476562e+01,-6.129032135009765625e+00,4.829999923706054688e+01,0.000000000000000000e+00,0.000000000000000000e+00,-1.000000000000000000e+00
3.189333724975585938e+01,-6.451612949371337891e+00,4.829999923706054688e+01,0.000000000000000000e+00,0.000000000000000000e+00,-1.000000000000000000e+00
3.191765213012695312e+01,-6.774193763732910156e+00,4.829999923706054688e+01,0.000000000000000000e+00,0.000000000000000000e+00,-1.000000000000000000e+00
3.194196701049804688e+01,-7.096774101257324219e+00,4.829999923706054688e+01,0.000000000000000000e+00,0.000000000000000000e+00,-1.000000000000000000e+00
3.196628379821777344e+01,-7.419354915618896484e+00,4.829999923706054688e+01,0.000000000000000000e+00,0.000000000000000000e+00,-1.000000000000000000e+00
3.199059867858886719e+01,-7.741935253143310547e+00,4.829999923706054688e+01,0.000000000000000000e+00,0.000000000000000000e+00,-1.000000000000000000e+00
3.201491165161132812e+01,-8.064516067504882812e+00,4.829999923706054688e+01,0.000000000000000000e+00,0.000000000000000000e+00,-1.000000000000000000e+00
3.203922653198242188e+01,-8.387096405029296875e+00,4.829999923706054688e+01,0.000000000000000000e+00,0.000000000000000000e+00,-1.000000000000000000e+00
3.206354522705078125e+01,-8.709677696228027344e+00,4.829999923706054688e+01,0.000000000000000000e+00,0.000000000000000000e+00,-1.000000000000000000e+00
3.208786010742187500e+01,-9.032258033752441406e+00,4.829999923706054688e+01,0.000000000000000000e+00,0.000000000000000000e+00,-1.000000000000000000e+00
3.211217498779296875e+01,-9.354838371276855469e+00,4.829999923706054688e+01,0.000000000000000000e+00,0.000000000000000000e+00,-1.000000000000000000e+00
3.213648986816406250e+01,-9.677419662475585938e+00,4.829999923706054688e+01,0.000000000000000000e+00,0.000000000000000000e+00,-1.000000000000000000e+00
3.216080474853515625e+01,-1.000000000000000000e+01,4.829999923706054688e+01,0.000000000000000000e+00,0.000000000000000000e+00,-1.000000000000000000e+00
3.216080474853515625e+01,-1.000000000000000000e+01,4.829999923706054688e+01,0.000000000000000000e+00,0.000000000000000000e+00,-1.000000000000000000e+00
3.218511962890625000e+01,-9.677419662475585938e+00,4.829999923706054688e+01,0.000000000000000000e+00,0.000000000000000000e+00,-1.000000000000000000e+00
3.220943450927734375e+01,-9.354838371276855469e+00,4.829999923706054688e+01,0.000000000000000000e+00,0.000000000000000000e+00,-1.000000000000000000e+00
3.223374938964843750e+01,-9.032258033752441406e+00,4.829999923706054688e+01,0.000000000000000000e+00,0.000000000000000000e+00,-1.000000000000000000e+00
3.225806427001953125e+01,-8.709677696228027344e+00,4.829999923706054688e+01,0.000000000000000000e+00,0.000000000000000000e+00,-1.000000000000000000e+00
3.228237915039062500e+01,-8.387096405029296875e+00,4.829999923706054688e+01,0.000000000000000000e+00,0.000000000000000000e+00,-1.000000000000000000e+00
3.230669403076171875e+01,-8.064516067504882812e+00,4.829999923706054688e+01,0.000000000000000000e+00,0.000000000000000000e+00,-1.000000000000000000e+00
3.233100891113281250e+01,-7.741935253143310547e+00,4.829999923706054688e+01,0.000000000000000000e+00,0.000000000000000000e+00,-1.000000000000000000e+00
3.235532379150390625e+01,-7.419354915618896484e+00,4.829999923706054688e+01,0.000000000000000000e+00,0.000000000000000000e+00,-1.000000000000000000e+00
3.237963867187500000e+01,-7.096774101257324219e+00,4.829999923706054688e+01,0.000000000000000000e+00,0.000000000000000000e+00,-1.000000000000000000e+00
3.240395355224609375e+01,-6.774193763732910156e+00,4.829999923706054688e+01,0.000000000000000000e+00,0.000000000000000000e+00,-1.000000000000000000e+00
3.242827224731445312e+01,-6.451612949371337891e+00,4.829999923706054688e+01,0.000000000000000000e+00,0.000000000000000000e+00,-1.000000000000000000e+00
3.245258712768554688e+01,-6.129032135009765625e+00,4.829999923706054688e+01,0.000000000000000000e+00,0.000000000000000000e+00,-1.000000000000000000e+00
3.247690200805664062e+01,-5.806451797485351562e+00,4.829999923706054688e+01,0.000000000000000000e+00,0.000000000000000000e+00,-1.000000000000000000e+00
3.250121688842773438e+01,-5.483870983123779297e+00,4.829999923706054688e+01,0.000000000000000000e+00,0.000000000000000000e+00,-1.000000000000000000e+00
3.252553176879882812e+01,-5.161290168762207031e+00,4.829999923706054688e+01,0.000000000000000000e+00,0.000000000000000000e+00,-1.000000000000000000e+00
3.254984664916992188e+01,-4.838709831237792969e+00,4.829999923706054688e+01,0.000000000000000000e+00,0.000000000000000000e+00,-1.000000000000000000e+00
3.257416152954101562e+01,-4.516129016876220703e+00,4.829999923706054688e+01,0.000000000000000000e+00,0.000000000000000000e+00,-1.000000000000000000e+00
3.259847640991210938e+01,-4.193548202514648438e+00,4.829999923706054688e+01,0.000000000000000000e+00,0.000000000000000000e+00,-1.000000000000000000e+00
3.262279129028320312e+01,-3.870967626571655273e+00,4.829999923706054688e+01,0.000000000000000000e+00,0.000000000000000000e+00,-1.000000000000000000e+00
3.264710617065429688e+01,-3.548387050628662109e+00,4.829999923706054688e+01,0.000000000000000000e+00,0.000000000000000000e+00,-1.000000000000000000e+00
3.267142105102539062e+01,-3.225806474685668945e+00,4.829999923706054688e+01,0.000000000000000000e+00,0.000000000000000000e+00,-1.000000000000000000e+00
3.269573593139648438e+01,-2.903225898742675781e+00,4.829999923706054688e+01,0.000000000000000000e+00,0.000000000000000000e+00,-1.000000000000000000e+00
3.272005081176757812e+01,-2.580645084381103516e+00,4.829999923706054688e+01,0.000000000000000000e+00,0.000000000000000000e+00,-1.000000000000000000e+00
3.274436569213867188e+01,-2.258064508438110352e+00,4.829999923706054688e+01,0.000000000000000000e+00,0.000000000000000000e+00,-1.000000000000000000e+00
3.276868057250976562e+01,-1.935483813285827637e+00,4.829999923706054688e+01,0.000000000000000000e+00,0.000000000000000000e+00,-1.000000000000000000e+00
3.279299545288085938e+01,-1.612903237342834473e+00,4.829999923706054688e+01,0.000000000000000000e+00,0.000000000000000000e+00,-1.000000000000000000e+00
3.281731414794921875e+01,-1.290322542190551758e+00,4.829999923706054688e+01,0.000000000000000000e+00,0.000000000000000000e+00,-1.000000000000000000e+00
3.284162902832031250e+01,-9.677419066429138184e-01,4.829999923706054688e+01,0.000000000000000000e+00,0.000000000000000000e+00,-1.000000000000000000e+00
3.286594390869140625e+01,-6.451612710952758789e-01,4.829999923706054688e+01,0.000000000000000000e+00,0.000000000000000000e+00,-1.000000000000000000e+00
3.289025878906250000e+01,-3.225806355476379395e-01,4.829999923706054688e+01,0.000000000000000000e+00,0.000000000000000000e+00,-1.000000000000000000e+00
3.241205978393554688e+01,0.000000000000000000e+00,4.829999923706054688e+01,0.000000000000000000e+00,0.000000000000000000e+00,-1.000000000000000000e+00
3.243637466430664062e+01,3.225806355476379395e-01,4.829999923706054688e+01,0.000000000000000000e+00,0.000000000000000000e+00,-1.000000000000000000e+00
3.246068954467773438e+01,6.451612710952758789e-01,4.829999923706054688e+01,0.000000000000000000e+00,0.000000000000000000e+00,-1.000000000000000000e+00
3.248500442504882812e+01,9.677419066429138184e-01,4.829999923706054688e+01,0.000000000000000000e+00,0.000000000000000000e+00,-1.000000000000000000e+00
3.250931930541992188e+01,1.290322542190551758e+00,4.829999923706054688e+01,0.000000000000000000e+00,0.000000000000000000e+00,-1.000000000000000000e+00
3.253363418579101562e+01,1.612903237342834473e+00,4.829999923706054688e+01,0.000000000000000000e+00,0.000000000000000000e+00,-1.000000000000000000e+00
3.255795288085937500e+01,1.935483813285827637e+00,4.829999923706054688e+01,0.000000000000000000e+00,0.000000000000000000e+00,-1.000000000000000000e+00
3.258226776123046875e+01,2.258064508438110352e+00,4.829999923706054688e+01,0.000000000000000000e+00,0.000000000000000000e+00,-1.000000000000000000e+00
3.260658264160156250e+01,2.580645084381103516e+00,4.829999923706054688e+01,0.000000000000000000e+00,0.000000000000000000e+00,-1.000000000000000000e+00
3.263089752197265625e+01,2.903225898742675781e+00,4.829999923706054688e+01,0.000000000000000000e+00,0.000000000000000000e+00,-1.000000000000000000e+00
3.265521240234375000e+01,3.225806474685668945e+00,4.829999923706054688e+01,0.000000000000000000e+00,0.000000000000000000e+00,-1.000000000000000000e+00
3.267952728271484375e+01,3.548387050628662109e+00,4.829999923706054688e+01,0.000000000000000000e+00,0.000000000000000000e+00,-1.000000000000000000e+00
3.270384216308593750e+01,3.870967626571655273e+00,4.829999923706054688e+01,0.000000000000000000e+00,0.000000000000000000e+00,-1.000000000000000000e+00
3.272815704345703125e+01,4.193548202514648438e+00,4.829999923706054688e+01,0.000000000000000000e+00,0.000000000000000000e+00,-1.000000000000000000e+00
3.275247192382812500e+01,4.516129016876220703e+00,4.829999923706054688e+01,0.000000000000000000e+00,0.000000000000000000e+00,-1.000000000000000000e+00
3.277678680419921875e+01,4.838709831237792969e+00,4.829999923706054688e+01,0.000000000000000000e+00,0.000000000000000000e+00,-1.000000000000000000e+00
3.280110168457031250e+01,5.161290168762207031e+00,4.829999923706054688e+01,0.000000000000000000e+00,0.000000000000000000e+00,-1.000000000000000000e+00
3.282541656494140625e+01,5.483870983123779297e+00,4.829999923706054688e+01,0.000000000000000000e+00,0.000000000000000000e+00,-1.000000000000000000e+00
3.284973144531250000e+01,5.806451797485351562e+00,4.829999923706054688e+01,0.000000000000000000e+00,0.000000000000000000e+00,-1.000000000000000000e+00
3.287404632568359375e+01,6.129032135009765625e+00,4.829999923706054688e+01,0.000000000000000000e+00,0.000000000000000000e+00,-1.000000000000000000e+00
3.289836120605468750e+01,6.451612949371337891e+00,4.829999923706054688e+01,0.000000000000000000e+00,0.000000000000000000e+00,-1.000000000000000000e+00
3.292267608642578125e+01,6.774193763732910156e+00,4.829999923706054688e+01,0.000000000000000000e+00,0.000000000000000000e+00,-1.000000000000000000e+00
3.294699478149414062e+01,7.096774101257324219e+00,4.829999923706054688e+01,0.000000000000000000e+00,0.000000000000000000e+00,-1.000000000000000000e+00
3.297130966186523438e+01,7.419354915618896484e+00,4.829999923706054688e+01,0.000000000000000000e+00,0.000000000000000000e+00,-1.000000000000000000e+00
3.299562454223632812e+01,7.741935253143310547e+00,4.829999923706054688e+01,0.000000000000000000e+00,0.000000000000000000e+00,-1.000000000000000000e+00
3.301993942260742188e+01,8.064516067504882812e+00,4.829999923706054688e+01,0.000000000000000000e+00,0.000000000000000000e+00,-1.000000000000000000e+00
3.304425430297851562e+01,8.387096405029296875e+00,4.829999923706054688e+01,0.000000000000000000e+00,0.000000000000000000e+00,-1.000000000000000000e+00
3.306856918334960938e+01,8.709677696228027344e+00,4.829999923706054688e+01,0.000000000000000000e+00,0.000000000000000000e+00,-1.000000000000000000e+00
3.309288406372070312e+01,9.032258033752441406e+00,4.829999923706054688e+01,0.000000000000000000e+00,0.000000000000000000e+00,-1.000000000000000000e+00
3.311719894409179688e+01,9.354838371276855469e+00,4.829999923706054688e+01,0.000000000000000000e+00,0.000000000000000000e+00,-1.000000000000000000e+00
3.314151382446289062e+01,9.677419662475585938e+00,4.829999923706054688e+01,0.000000000000000000e+00,0.000000000000000000e+00,-1.000000000000000000e+00
3.316582870483398438e+01,1.000000000000000000e+01,4.829999923706054688e+01,0.000000000000000000e+00,0.000000000000000000e+00,-1.000000000000000000e+00
3.316582870483398438e+01,1.000000000000000000e+01,4.829999923706054688e+01,0.000000000000000000e+00,0.000000000000000000e+00,-1.000000000000000000e+00
3.319014358520507812e+01,9.677419662475585938e+00,4.829999923706054688e+01,0.000000000000000000e+00,0.000000000000000000e+00,-1.000000000000000000e+00
3.321445846557617188e+01,9.354838371276855469e+00,4.829999923706054688e+01,0.000000000000000000e+00,0.000000000000000000e+00,-1.000000000000000000e+00
3.323877334594726562e+01,9.032258033752441406e+00,4.829999923706054688e+01,0.000000000000000000e+00,0.000000000000000000e+00,-1.000000000000000000e+00
3.326308822631835938e+01,8.709677696228027344e+00,4.829999923706054688e+01,0.000000000000000000e+00,0.000000000000000000e+00,-1.000000000000000000e+00
3.328740310668945312e+01,8.387096405029296875e+00,4.829999923706054688e+01,0.000000000000000000e+00,0.000000000000000000e+00,-1.000000000000000000e+00
3.331171798706054688e+01,8.064516067504882812e+00,4.829999923706054688e+01,0.000000000000000000e+00,0.000000000000000000e+00,-1.000000000000000000e+00
3.333603668212890625e+01,7.741935253143310547e+00,4.829999923706054688e+01,0.000000000000000000e+00,0.000000000000000000e+00,-1.000000000000000000e+00
3.336035156250000000e+01,7.419354915618896484e+00,4.829999923706054688e+01,0.000000000000000000e+00,0.000000000000000000e+00,-1.000000000000000000e+00
3.338466644287109375e+01,7.096774101257324219e+00,4.829999923706054688e+01,0.000000000000000000e+00,0.000000000000000000e+00,-1.000000000000000000e+00
3.340898132324218750e+01,6.774193763732910156e+00,4.829999923706054688e+01,0.000000000000000000e+00,0.000000000000000000e+00,-1.000000000000000000e+00
3.343329620361328125e+01,6.451612949371337891e+00,4.829999923706054688e+01,0.000000000000000000e+00,0.000000000000000000e+00,-1.000000000000000000e+00
3.345761108398437500e+01,6.129032135009765625e+00,4.829999923706054688e+01,0.000000000000000000e+00,0.000000000000000000e+00,-1.000000000000000000e+00
3.348192596435546875e+01,5.806451797485351562e+00,4.829999923706054688e+01,0.000000000000000000e+00,0.000000000000000000e+00,-1.000000000000000000e+00
3.350624084472656250e+01,5.483870983123779297e+00,4.829999923706054688e+01,0.000000000000000000e+00,0.000000000000000000e+00,-1.000000000000000000e+00
3.353055572509765625e+01,5.161290168762207031e+00,4.829999923706054688e+01,0.000000000000000000e+00,0.000000000000000000e+00,-1.000000000000000000e+00
3.355487060546875000e+01,4.838709831237792969e+00,4.829999923706054688e+01,0.000000000000000000e+00,0.000000000000000000e+00,-1.000000000000000000e+00
3.357918548583984375e+01,4.516129016876220703e+00,4.829999923706054688e+01,0.000000000000000000e+00,0.000000000000000000e+00,-1.000000000000000000e+00
3.360350036621093750e+01,4.193548202514648438e+00,4.829999923706054688e+01,0.000000000000000000e+00,0.000000000000000000e+00,-1.000000000000000000e+00
3.362781524658203125e+01,3.870967626571655273e+00,4.829999923706054688e+01,0.000000000000000000e+00,0.000000000000000000e+00,-1.000000000000000000e+00
3.365213012695312500e+01,3.548387050628662109e+00,4.829999923706054688e+01,0.000000000000000000e+00,0.000000000000000000e+00,-1.000000000000000000e+00
3.367644500732421875e+01,3.225806474685668945e+00,4.829999923706054688e+01,0.000000000000000000e+00,0.000000000000000000e+00,-1.000000000000000000e+00
3.370076370239257812e+01,2.903225898742675781e+00,4.829999923706054688e+01,0.000000000000000000e+00,0.000000000000000000e+00,-1.000000000000000000e+00
3.372507858276367188e+01,2.580645084381103516e+00,4.829999923706054688e+01,0.000000000000000000e+00,0.000000000000000000e+00,-1.000000000000000000e+00
3.374939346313476562e+01,2.258064508438110352e+00,4.829999923706054688e+01,0.000000000000000000e+00,0.000000000000000000e+00,-1.000000000000000000e+00
3.377370834350585938e+01,1.935483813285827637e+00,4.829999923706054688e+01,0.000000000000000000e+00,0.000000000000000000e+00,-1.000000000000000000e+00
3.379802322387695312e+01,1.612903237342834473e+00,4.829999923706054688e+01,0.000000000000000000e+00,0.000000000000000000e+00,-1.000000000000000000e+00
3.382233810424804688e+01,1.290322542190551758e+00,4.829999923706054688e+01,0.000000000000000000e+00,0.000000000000000000e+00,-1.000000000000000000e+00
3.384665298461914062e+01,9.677419066429138184e-01,4.829999923706054688e+01,0.000000000000000000e+00,0.000000000000000000e+00,-1.000000000000000000e+00
3.387096786499023438e+01,6.451612710952758789e-01,4.829999923706054688e+01,0.000000000000000000e+00,0.000000000000000000e+00,-1.000000000000000000e+00
3.389528274536132812e+01,3.225806355476379395e-01,4.829999923706054688e+01,0.000000000000000000e+00,0.000000000000000000e+00,-1.000000000000000000e+00
3.341708374023437500e+01,0.000000000000000000e+00,4.829999923706054688e+01,0.000000000000000000e+00,0.000000000000000000e+00,-1.000000000000000000e+00
3.344140243530273438e+01,-3.225806355476379395e-01,4.829999923706054688e+01,0.000000000000000000e+00,0.000000000000000000e+00,-1.000000000000000000e+00
3.346571731567382812e+01,-6.451612710952758789e-01,4.829999923706054688e+01,0.000000000000000000e+00,0.000000000000000000e+00,-1.000000000000000000e+00
3.349003219604492188e+01,-9.677419066429138184e-01,4.829999923706054688e+01,0.000000000000000000e+00,0.000000000000000000e+00,-1.000000000000000000e+00
3.351434707641601562e+01,-1.290322542190551758e+00,4.829999923706054688e+01,0.000000000000000000e+00,0.000000000000000000e+00,-1.000000000000000000e+00
3.353866195678710938e+01,-1.612903237342834473e+00,4.829999923706054688e+01,0.000000000000000000e+00,0.000000000000000000e+00,-1.000000000000000000e+00
3.356297683715820312e+01,-1.935483813285827637e+00,4.829999923706054688e+01,0.000000000000000000e+00,0.000000000000000000e+00,-1.000000000000000000e+00
3.358729171752929688e+01,-2.258064508438110352e+00,4.829999923706054688e+01,0.000000000000000000e+00,0.000000000000000000e+00,-1.000000000000000000e+00
3.361160659790039062e+01,-2.580645084381103516e+00,4.829999923706054688e+01,0.000000000000000000e+00,0.000000000000000000e+00,-1.000000000000000000e+00
3.363592147827148438e+01,-2.903225898742675781e+00,4.829999923706054688e+01,0.000000000000000000e+00,0.000000000000000000e+00,-1.000000000000000000e+00
3.366023635864257812e+01,-3.225806474685668945e+00,4.829999923706054688e+01,0.000000000000000000e+00,0.000000000000000000e+00,-1.000000000000000000e+00
3.368455123901367188e+01,-3.548387050628662109e+00,4.829999923706054688e+01,0.000000000000000000e+00,0.000000000000000000e+00,-1.000000000000000000e+00
3.370886611938476562e+01,-3.870967626571655273e+00,4.829999923706054688e+01,0.000000000000000000e+00,0.000000000000000000e+00,-1.000000000000000000e+00
3.373318099975585938e+01,-4.193548202514648438e+00,4.829999923706054688e+01,0.000000000000000000e+00,0.000000000000000000e+00,-1.000000000000000000e+00
3.375749588012695312e+01,-4.516129016876220703e+00,4.829999923706054688e+01,0.000000000000000000e+00,0.000000000000000000e+00,-1.000000000000000000e+00
3.378181076049804688e+01,-4.838709831237792969e+00,4.829999923706054688e+01,0.000000000000000000e+00,0.000000000000000000e+00,-1.000000000000000000e+00
3.380612564086914062e+01,-5.161290168762207031e+00,4.829999923706054688e+01,0.000000000000000000e+00,0.000000000000000000e+00,-1.000000000000000000e+00
3.383044433593750000e+01,-5.483870983123779297e+00,4.829999923706054688e+01,0.000000000000000000e+00,0.000000000000000000e+00,-1.000000000000000000e+00
3.385475921630859375e+01,-5.806451797485351562e+00,4.829999923706054688e+01,0.000000000000000000e+00,0.000000000000000000e+00,-1.000000000000000000e+00
3.387907409667968750e+01,-6.129032135009765625e+00,4.829999923706054688e+01,0.000000000000000000e+00,0.000000000000000000e+00,-1.000000000000000000e+00
3.390338897705078125e+01,-6.451612949371337891e+00,4.829999923706054688e+01,0.000000000000000000e+00,0.000000000000000000e+00,-1.000000000000000000e+00
3.392770385742187500e+01,-6.774193763732910156e+00,4.829999923706054688e+01,0.000000000000000000e+00,0.000000000000000000e+00,-1.000000000000000000e+00
3.395201873779296875e+01,-7.096774101257324219e+00,4.829999923706054688e+01,0.000000000000000000e+00,0.000000000000000000e+00,-1.000000000000000000e+00
3.397633361816406250e+01,-7.419354915618896484e+00,4.829999923706054688e+01,0.000000000000000000e+00,0.000000000000000000e+00,-1.000000000000000000e+00
3.400064849853515625e+01,-7.741935253143310547e+00,4.829999923706054688e+01,0.000000000000000000e+00,0.000000000000000000e+00,-1.000000000000000000e+00
3.402496337890625000e+01,-8.064516067504882812e+00,4.829999923706054688e+01,0.000000000000000000e+00,0.000000000000000000e+00,-1.000000000000000000e+00
3.404927825927734375e+01,-8.387096405029296875e+00,4.829999923706054688e+01,0.000000000000000000e+00,0.000000000000000000e+00,-1.000000000000000000e+00
3.407359313964843750e+01,-8.709677696228027344e+00,4.829999923706054688e+01,0.000000000000000000e+00,0.000000000000000000e+00,-1.000000000000000000e+00
3.409790802001953125e+01,-9.032258033752441406e+00,4.829999923706054688e+01,0.000000000000000000e+00,0.000000000000000000e+00,-1.000000000000000000e+00
3.412222290039062500e+01,-9.354838371276855469e+00,4.829999923706054688e+01,0.000000000000000000e+00,0.000000000000000000e+00,-1.000000000000000000e+00
3.414653778076171875e+01,-9.677419662475585938e+00,4.829999923706054688e+01,0.000000000000000000e+00,0.000000000000000000e+00,-1.000000000000000000e+00
3.417085266113281250e+01,-1.000000000000000000e+01,4.829999923706054688e+01,0.000000000000000000e+00,0.000000000000000000e+00,-1.000000000000000000e+00
3.417085266113281250e+01,-1.000000000000000000e+01,4.829999923706054688e+01,0.000000000000000000e+00,0.000000000000000000e+00,-1.000000000000000000e+00
3.419516754150390625e+01,-9.677419662475585938e+00,4.829999923706054688e+01,0.000000000000000000e+00,0.000000000000000000e+00,-1.000000000000000000e+00
3.421948623657226562e+01,-9.354838371276855469e+00,4.829999923706054688e+01,0.000000000000000000e+00,0.000000000000000000e+00,-1.000000000000000000e+00
3.424380111694335938e+01,-9.032258033752441406e+00,4.829999923706054688e+01,0.000000000000000000e+00,0.000000000000000000e+00,-1.000000000000000000e+00
3.426811599731445312e+01,-8.709677696228027344e+00,4.829999923706054688e+01,0.000000000000000000e+00,0.000000000000000000e+00,-1.000000000000000000e+00
3.429243087768554688e+01,-8.387096405029296875e+00,4.829999923706054688e+01,0.000000000000000000e+00,0.000000000000000000e+00,-1.000000000000000000e+00
3.431674575805664062e+01,-8.064516067504882812e+00,4.829999923706054688e+01,0.000000000000000000e+00,0.000000000000000000e+00,-1.000000000000000000e+00
3.434106063842773438e+01,-7.741935253143310547e+00,4.829999923706054688e+01,0.000000000000000000e+00,0.000000000000000000e+00,-1.000000000000000000e+00
3.436537551879882812e+01,-7.419354915618896484e+00,4.829999923706054688e+01,0.000000000000000000e+00,0.000000000000000000e+00,-1.000000000000000000e+00
3.438969039916992188e+01,-7.096774101257324219e+00,4.829999923706054688e+01,0.000000000000000000e+00,0.000000000000000000e+00,-1.000000000000000000e+00
3.441400527954101562e+01,-6.774193763732910156e+00,4.829999923706054688e+01,0.000000000000000000e+00,0.000000000000000000e+00,-1.000000000000000000e+00
3.443832015991210938e+01,-6.451612949371337891e+00,4.829999923706054688e+01,0.000000000000000000e+00,0.000000000000000000e+00,-1.000000000000000000e+00
3.446263504028320312e+01,-6.129032135009765625e+00,4.829999923706054688e+01,0.000000000000000000e+00,0.000000000000000000e+00,-1.000000000000000000e+00
3.448694992065429688e+01,-5.806451797485351562e+00,4.829999923706054688e+01,0.000000000000000000e+00,0.000000000000000000e+00,-1.000000000000000000e+00
3.451126480102539062e+01,-5.483870983123779297e+00,4.829999923706054688e+01,0.000000000000000000e+00,0.000000000000000000e+00,-1.000000000000000000e+00
3.453557968139648438e+01,-5.161290168762207031e+00,4.829999923706054688e+01,0.000000000000000000e+00,0.000000000000000000e+00,-1.000000000000000000e+00
3.455989456176757812e+01,-4.838709831237792969e+00,4.829999923706054688e+01,0.000000000000000000e+00,0.000000000000000000e+00,-1.000000000000000000e+00
3.458421325683593750e+01,-4.516129016876220703e+00,4.829999923706054688e+01,0.000000000000000000e+00,0.000000000000000000e+00,-1.000000000000000000e+00
3.460852813720703125e+01,-4.193548202514648438e+00,4.829999923706054688e+01,0.000000000000000000e+00,0.000000000000000000e+00,-1.000000000000000000e+00
3.463284301757812500e+01,-3.870967626571655273e+00,4.829999923706054688e+01,0.000000000000000000e+00,0.000000000000000000e+00,-1.000000000000000000e+00
3.465715789794921875e+01,-3.548387050628662109e+00,4.829999923706054688e+01,0.000000000000000000e+00,0.000000000000000000e+00,-1.000000000000000000e+00
3.468147277832031250e+01,-3.225806474685668945e+00,4.829999923706054688e+01,0.000000000000000000e+00,0.000000000000000000e+00,-1.000000000000000000e+00
3.470578765869140625e+01,-2.903225898742675781e+00,4.829999923706054688e+01,0.000000000000000000e+00,0.000000000000000000e+00,-1.000000000000000000e+00
3.473010253906250000e+01,-2.580645084381103516e+00,4.829999923706054688e+01,0.000000000000000000e+00,0.000000000000000000e+00,-1.000000000000000000e+00
3.475441741943359375e+01,-2.258064508438110352e+00,4.829999923706054688e+01,0.000000000000000000e+00,0.000000000000000000e+00,-1.000000000000000000e+00
3.477873229980468750e+01,-1.935483813285827637e+00,4.829999923706054688e+01,0.000000000000000000e+00,0.000000000000000000e+00,-1.000000000000000000e+00
3.480304718017578125e+01,-1.612903237342834473e+00,4.829999923706054688e+01,0.000000000000000000e+00,0.000000000000000000e+00,-1.000000000000000000e+00
3.482736206054687500e+01,-1.290322542190551758e+00,4.829999923706054688e+01,0.000000000000000000e+00,0.000000000000000000e+00,-1.000000000000000000e+00
3.485167694091796875e+01,-9.677419066429138184e-01,4.829999923706054688e+01,0.000000000000000000e+00,0.000000000000000000e+00,-1.000000000000000000e+00
3.487599182128906250e+01,-6.451612710952758789e-01,4.829999923706054688e+01,0.000000000000000000e+00,0.000000000000000000e+00,-1.000000000000000000e+00
3.490030670166015625e+01,-3.225806355476379395e-01,4.829999923706054688e+01,0.000000000000000000e+00,0.000000000000000000e+00,-1.000000000000000000e+00
3.442211151123046875e+01,0.000000000000000000e+00,4.829999923706054688e+01,0.000000000000000000e+00,0.000000000000000000e+00,-1.000000000000000000e+00
3.444642639160156250e+01,3.225806355476379395e-01,4.829999923706054688e+01,0.000000000000000000e+00,0.000000000000000000e+00,-1.000000000000000000e+00
3.447074127197265625e+01,6.451612710952758789e-01,4.829999923706054688e+01,0.000000000000000000e+00,0.000000000000000000e+00,-1.000000000000000000e+00
3.449505615234375000e+01,9.677419066429138184e-01,4.829999923706054688e+01,0.000000000000000000e+00,0.000000000000000000e+00,-1.000000000000000000e+00
3.451937103271484375e+01,1.290322542190551758e+00,4.829999923706054688e+01,0.000000000000000000e+00,0.000000000000000000e+00,-1.000000000000000000e+00
3.454368591308593750e+01,1.612903237342834473e+00,4.829999923706054688e+01,0.000000000000000000e+00,0.000000000000000000e+00,-1.000000000000000000e+00
3.456800079345703125e+01,1.935483813285827637e+00,4.829999923706054688e+01,0.000000000000000000e+00,0.000000000000000000e+00,-1.000000000000000000e+00
3.459231567382812500e+01,2.258064508438110352e+00,4.829999923706054688e+01,0.000000000000000000e+00,0.000000000000000000e+00,-1.000000000000000000e+00
3.461663055419921875e+01,2.580645084381103516e+00,4.829999923706054688e+01,0.000000000000000000e+00,0.000000000000000000e+00,-1.000000000000000000e+00
3.464094543457031250e+01,2.903225898742675781e+00,4.829999923706054688e+01,0.000000000000000000e+00,0.000000000000000000e+00,-1.000000000000000000e+00
3.466526031494140625e+01,3.225806474685668945e+00,4.829999923706054688e+01,0.000000000000000000e+00,0.000000000000000000e+00,-1.000000000000000000e+00
3.468957519531250000e+01,3.548387050628662109e+00,4.829999923706054688e+01,0.000000000000000000e+00,0.000000000000000000e+00,-1.000000000000000000e+00
3.471389389038085938e+01,3.870967626571655273e+00,4.829999923706054688e+01,0.000000000000000000e+00,0.000000000000000000e+00,-1.000000000000000000e+00
3.473820877075195312e+01,4.193548202514648438e+00,4.829999923706054688e+01,0.000000000000000000e+00,0.000000000000000000e+00,-1.000000000000000000e+00
3.476252365112304688e+01,4.516129016876220703e+00,4.829999923706054688e+01,0.000000000000000000e+00,0.000000000000000000e+00,-1.000000000000000000e+00
3.478683853149414062e+01,4.838709831237792969e+00,4.829999923706054688e+01,0.000000000000000000e+00,0.000000000000000000e+00,-1.000000000000000000e+00
3.481115341186523438e+01,5.161290168762207031e+00,4.829999923706054688e+01,0.000000000000000000e+00,0.000000000000000000e+00,-1.000000000000000000e+00
3.483546829223632812e+01,5.483870983123779297e+00,4.829999923706054688e+01,0.000000000000000000e+00,0.000000000000000000e+00,-1.000000000000000000e+00
3.485978317260742188e+01,5.806451797485351562e+00,4.829999923706054688e+01,0.000000000000000000e+00,0.000000000000000000e+00,-1.000000000000000000e+00
3.488409805297851562e+01,6.129032135009765625e+00,4.829999923706054688e+01,0.000000000000000000e+00,0.000000000000000000e+00,-1.000000000000000000e+00
3.490841293334960938e+01,6.451612949371337891e+00,4.829999923706054688e+01,0.000000000000000000e+00,0.000000000000000000e+00,-1.000000000000000000e+00
3.493272781372070312e+01,6.774193763732910156e+00,4.829999923706054688e+01,0.000000000000000000e+00,0.000000000000000000e+00,-1.000000000000000000e+00
3.495704269409179688e+01,7.096774101257324219e+00,4.829999923706054688e+01,0.000000000000000000e+00,0.000000000000000000e+00,-1.000000000000000000e+00
3.498135757446289062e+01,7.419354915618896484e+00,4.829999923706054688e+01,0.000000000000000000e+00,0.000000000000000000e+00,-1.000000000000000000e+00
3.500567245483398438e+01,7.741935253143310547e+00,4.829999923706054688e+01,0.000000000000000000e+00,0.000000000000000000e+00,-1.000000000000000000e+00
3.502998733520507812e+01,8.064516067504882812e+00,4.829999923706054688e+01,0.000000000000000000e+00,0.000000000000000000e+00,-1.000000000000000000e+00
3.505430221557617188e+01,8.387096405029296875e+00,4.829999923706054688e+01,0.000000000000000000e+00,0.000000000000000000e+00,-1.000000000000000000e+00
3.507861709594726562e+01,8.709677696228027344e+00,4.829999923706054688e+01,0.000000000000000000e+00,0.000000000000000000e+00,-1.000000000000000000e+00
3.510293579101562500e+01,9.032258033752441406e+00,4.829999923706054688e+01,0.000000000000000000e+00,0.000000000000000000e+00,-1.000000000000000000e+00
3.512725067138671875e+01,9.354838371276855469e+00,4.829999923706054688e+01,0.000000000000000000e+00,0.000000000000000000e+00,-1.000000000000000000e+00
3.515156555175781250e+01,9.677419662475585938e+00,4.829999923706054688e+01,0.000000000000000000e+00,0.000000000000000000e+00,-1.000000000000000000e+00
3.517588043212890625e+01,1.000000000000000000e+01,4.829999923706054688e+01,0.000000000000000000e+00,0.000000000000000000e+00,-1.000000000000000000e+00
3.517588043212890625e+01,1.000000000000000000e+01,4.829999923706054688e+01,0.000000000000000000e+00,0.000000000000000000e+00,-1.000000000000000000e+00
3.520019531250000000e+01,9.677419662475585938e+00,4.829999923706054688e+01,0.000000000000000000e+00,0.000000000000000000e+00,-1.000000000000000000e+00
3.522451019287109375e+01,9.354838371276855469e+00,4.829999923706054688e+01,0.000000000000000000e+00,0.000000000000000000e+00,-1.000000000000000000e+00
3.524882507324218750e+01,9.032258033752441406e+00,4.829999923706054688e+01,0.000000000000000000e+00,0.000000000000000000e+00,-1.000000000000000000e+00
3.527313995361328125e+01,8.709677696228027344e+00,4.829999923706054688e+01,0.000000000000000000e+00,0.000000000000000000e+00,-1.000000000000000000e+00
3.529745483398437500e+01,8.387096405029296875e+00,4.829999923706054688e+01,0.000000000000000000e+00,0.000000000000000000e+00,-1.000000000000000000e+00
3.532176971435546875e+01,8.064516067504882812e+00,4.829999923706054688e+01,0.000000000000000000e+00,0.000000000000000000e+00,-1.000000000000000000e+00
3.534608459472656250e+01,7.741935253143310547e+00,4.829999923706054688e+01,0.000000000000000000e+00,0.000000000000000000e+00,-1.000000000000000000e+00
3.537039947509765625e+01,7.419354915618896484e+00,4.829999923706054688e+01,0.000000000000000000e+00,0.000000000000000000e+00,-1.000000000000000000e+00
3.539471435546875000e+01,7.096774101257324219e+00,4.829999923706054688e+01,0.000000000000000000e+00,0.000000000000000000e+00,-1.000000000000000000e+00
3.541902923583984375e+01,6.774193763732910156e+00,4.829999923706054688e+01,0.000000000000000000e+00,0.000000000000000000e+00,-1.000000000000000000e+00
3.544334411621093750e+01,6.451612949371337891e+00,4.829999923706054688e+01,0.000000000000000000e+00,0.000000000000000000e+00,-1.000000000000000000e+00
3.546765899658203125e+01,6.129032135009765625e+00,4.829999923706054688e+01,0.000000000000000000e+00,0.000000000000000000e+00,-1.000000000000000000e+00
3.549197769165039062e+01,5.806451797485351562e+00,4.829999923706054688e+01,0.000000000000000000e+00,0.000000000000000000e+00,-1.000000000000000000e+00
3.551629257202148438e+01,5.483870983123779297e+00,4.829999923706054688e+01,0.000000000000000000e+00,0.000000000000000000e+00,-1.000000000000000000e+00
3.554060745239257812e+01,5.161290168762207031e+00,4.829999923706054688e+01,0.000000000000000000e+00,0.000000000000000000e+00,-1.000000000000000000e+00
3.556492233276367188e+01,4.838709831237792969e+00,4.829999923706054688e+01,0.000000000000000000e+00,0.000000000000000000e+00,-1.000000000000000000e+00
3.558923721313476562e+01,4.516129016876220703e+00,4.829999923706054688e+01,0.000000000000000000e+00,0.000000000000000000e+00,-1.000000000000000000e+00
3.561355209350585938e+01,4.193548202514648438e+00,4.829999923706054688e+01,0.000000000000000000e+00,0.000000000000000000e+00,-1.000000000000000000e+00
3.563786697387695312e+01,3.870967626571655273e+00,4.829999923706054688e+01,0.000000000000000000e+00,0.000000000000000000e+00,-1.000000000000000000e+00
3.566218185424804688e+01,3.548387050628662109e+00,4.829999923706054688e+01,0.000000000000000000e+00,0.000000000000000000e+00,-1.000000000000000000e+00
3.568649673461914062e+01,3.225806474685668945e+00,4.829999923706054688e+01,0.000000000000000000e+00,0.000000000000000000e+00,-1.000000000000000000e+00
3.571081161499023438e+01,2.903225898742675781e+00,4.829999923706054688e+01,0.000000000000000000e+00,0.000000000000000000e+00,-1.000000000000000000e+00
3.573512649536132812e+01,2.580645084381103516e+00,4.829999923706054688e+01,0.000000000000000000e+00,0.000000000000000000e+00,-1.000000000000000000e+00
3.575944137573242188e+01,2.258064508438110352e+00,4.829999923706054688e+01,0.000000000000000000e+00,0.000000000000000000e+00,-1.000000000000000000e+00
3.578375625610351562e+01,1.935483813285827637e+00,4.829999923706054688e+01,0.000000000000000000e+00,0.000000000000000000e+00,-1.000000000000000000e+00
3.580807113647460938e+01,1.612903237342834473e+00,4.829999923706054688e+01,0.000000000000000000e+00,0.000000000000000000e+00,-1.000000000000000000e+00
3.583238601684570312e+01,1.290322542190551758e+00,4.829999923706054688e+01,0.000000000000000000e+00,0.000000000000000000e+00,-1.000000000000000000e+00
3.585670471191406250e+01,9.677419066429138184e-01,4.829999923706054688e+01,0.000000000000000000e+00,0.000000000000000000e+00,-1.000000000000000000e+00
3.588101959228515625e+01,6.451612710952758789e-01,4.829999923706054688e+01,0.000000000000000000e+00,0.000000000000000000e+00,-1.000000000000000000e+00
3.590533447265625000e+01,3.225806355476379395e-01,4.829999923706054688e+01,0.000000000000000000e+00,0.000000000000000000e+00,-1.000000000000000000e+00
3.542713546752929688e+01,0.000000000000000000e+00,4.829999923706054688e+01,0.000000000000000000e+00,0.000000000000000000e+00,-1.000000000000000000e+00
3.545145034790039062e+01,-3.225806355476379395e-01,4.829999923706054688e+01,0.000000000000000000e+00,0.000000000000000000e+00,-1.000000000000000000e+00
3.547576522827148438e+01,-6.451612710952758789e-01,4.829999923706054688e+01,0.000000000000000000e+00,0.000000000000000000e+00,-1.000000000000000000e+00
3.550008010864257812e+01,-9.677419066429138184e-01,4.829999923706054688e+01,0.000000000000000000e+00,0.000000000000000000e+00,-1.000000000000000000e+00
3.552439498901367188e+01,-1.290322542190551758e+00,4.829999923706054688e+01,0.000000000000000000e+00,0.000000000000000000e+00,-1.000000000000000000e+00
3.554870986938476562e+01,-1.612903237342834473e+00,4.829999923706054688e+01,0.000000000000000000e+00,0.000000000000000000e+00,-1.000000000000000000e+00
3.557302474975585938e+01,-1.935483813285827637e+00,4.829999923706054688e+01,0.000000000000000000e+00,0.000000000000000000e+00,-1.000000000000000000e+00
3.559734344482421875e+01,-2.258064508438110352e+00,4.829999923706054688e+01,0.000000000000000000e+00,0.000000000000000000e+00,-1.000000000000000000e+00
3.562165832519531250e+01,-2.580645084381103516e+00,4.829999923706054688e+01,0.000000000000000000e+00,0.000000000000000000e+00,-1.000000000000000000e+00
3.564597320556640625e+01,-2.903225898742675781e+00,4.829999923706054688e+01,0.000000000000000000e+00,0.000000000000000000e+00,-1.000000000000000000e+00
3.567028808593750000e+01,-3.225806474685668945e+00,4.829999923706054688e+01,0.000000000000000000e+00,0.000000000000000000e+00,-1.000000000000000000e+00
3.569460296630859375e+01,-3.548387050628662109e+00,4.829999923706054688e+01,0.000000000000000000e+00,0.000000000000000000e+00,-1.000000000000000000e+00
3.571891784667968750e+01,-3.870967626571655273e+00,4.829999923706054688e+01,0.000000000000000000e+00,0.000000000000000000e+00,-1.000000000000000000e+00
3.574323272705078125e+01,-4.193548202514648438e+00,4.829999923706054688e+01,0.000000000000000000e+00,0.000000000000000000e+00,-1.000000000000000000e+00
3.576754760742187500e+01,-4.516129016876220703e+00,4.829999923706054688e+01,0.000000000000000000e+00,0.000000000000000000e+00,-1.000000000000000000e+00
3.579186248779296875e+01,-4.838709831237792969e+00,4.829999923706054688e+01,0.000000000000000000e+00,0.000000000000000000e+00,-1.000000000000000000e+00
3.581617736816406250e+01,-5.161290168762207031e+00,4.829999923706054688e+01,0.000000000000000000e+00,0.000000000000000000e+00,-1.000000000000000000e+00
3.584049224853515625e+01,-5.483870983123779297e+00,4.829999923706054688e+01,0.000000000000000000e+00,0.000000000000000000e+00,-1.000000000000000000e+00
3.586480712890625000e+01,-5.806451797485351562e+00,4.829999923706054688e+01,0.000000000000000000e+00,0.000000000000000000e+00,-1.000000000000000000e+00
3.588912200927734375e+01,-6.129032135009765625e+00,4.829999923706054688e+01,0.000000000000000000e+00,0.000000000000000000e+00,-1.000000000000000000e+00
3.591343688964843750e+01,-6.451612949371337891e+00,4.829999923706054688e+01,0.000000000000000000e+00,0.000000000000000000e+00,-1.000000000000000000e+00
3.593775177001953125e+01,-6.774193763732910156e+00,4.829999923706054688e+01,0.000000000000000000e+00,0.000000000000000000e+00,-1.000000000000000000e+00
3.596206665039062500e+01,-7.096774101257324219e+00,4.829999923706054688e+01,0.000000000000000000e+00,0.000000000000000000e+00,-1.000000000000000000e+00
3.598638534545898438e+01,-7.419354915618896484e+00,4.829999923706054688e+01,0.000000000000000000e+00,0.000000000000000000e+00,-1.000000000000000000e+00
3.601070022583007812e+01,-7.741935253143310547e+00,4.829999923706054688e+01,0.000000000000000000e+00,0.000000000000000000e+00,-1.000000000000000000e+00
3.603501510620117188e+01,-8.064516067504882812e+00,4.829999923706054688e+01,0.000000000000000000e+00,0.000000000000000000e+00,-1.000000000000000000e+00
3.605932998657226562e+01,-8.387096405029296875e+00,4.829999923706054688e+01,0.000000000000000000e+00,0.000000000000000000e+00,-1.000000000000000000e+00
3.608364486694335938e+01,-8.709677696228027344e+00,4.829999923706054688e+01,0.000000000000000000e+00,0.000000000000000000e+00,-1.000000000000000000e+00
3.610795974731445312e+01,-9.032258033752441406e+00,4.829999923706054688e+01,0.000000000000000000e+00,0.000000000000000000e+00,-1.000000000000000000e+00
3.613227462768554688e+01,-9.354838371276855469e+00,4.829999923706054688e+01,0.000000000000000000e+00,0.000000000000000000e+00,-1.000000000000000000e+00
3.615658950805664062e+01,-9.677419662475585938e+00,4.829999923706054688e+01,0.000000000000000000e+00,0.000000000000000000e+00,-1.000000000000000000e+00
3.618090438842773438e+01,-1.000000000000000000e+01,4.829999923706054688e+01,0.000000000000000000e+00,0.000000000000000000e+00,-1.000000000000000000e+00
3.618090438842773438e+01,-1.000000000000000000e+01,4.829999923706054688e+01,0.000000000000000000e+00,0.000000000000000000e+00,-1.000000000000000000e+00
3.620521926879882812e+01,-9.677419662475585938e+00,4.829999923706054688e+01,0.000000000000000000e+00,0.000000000000000000e+00,-1.000000000000000000e+00
3.622953414916992188e+01,-9.354838371276855469e+00,4.829999923706054688e+01,0.000000000000000000e+00,0.000000000000000000e+00,-1.000000000000000000e+00
3.625384902954101562e+01,-9.032258033752441406e+00,4.829999923706054688e+01,0.000000000000000000e+00,0.000000000000000000e+00,-1.000000000000000000e+00
3.627816390991210938e+01,-8.709677696228027344e+00,4.829999923706054688e+01,0.000000000000000000e+00,0.000000000000000000e+00,-1.000000000000000000e+00
3.630247879028320312e+01,-8.387096405029296875e+00,4.829999923706054688e+01,0.000000000000000000e+00,0.000000000000000000e+00,-1.000000000000000000e+00
3.632679367065429688e+01,-8.064516067504882812e+00,4.829999923706054688e+01,0.000000000000000000e+00,0.000000000000000000e+00,-1.000000000000000000e+00
3.635110855102539062e+01,-7.741935253143310547e+00,4.829999923706054688e+01,0.000000000000000000e+00,0.000000000000000000e+00,-1.000000000000000000e+00
3.637542724609375000e+01,-7.419354915618896484e+00,4.829999923706054688e+01,0.000000000000000000e+00,0.000000000000000000e+00,-1.000000000000000000e+00
3.639974212646484375e+01,-7.096774101257324219e+00,4.829999923706054688e+01,0.000000000000000000e+00,0.000000000000000000e+00,-1.000000000000000000e+00
3.642405700683593750e+01,-6.774193763732910156e+00,4.829999923706054688e+01,0.000000000000000000e+00,0.000000000000000000e+00,-1.000000000000000000e+00
3.644837188720703125e+01,-6.451612949371337891e+00,4.829999923706054688e+01,0.000000000000000000e+00,0.000000000000000000e+00,-1.000000000000000000e+00
3.647268676757812500e+01,-6.129032135009765625e+00,4.829999923706054688e+01,0.000000000000000000e+00,0.000000000000000000e+00,-1.000000000000000000e+00
3.649700164794921875e+01,-5.806451797485351562e+00,4.829999923706054688e+01,0.000000000000000000e+00,0.000000000000000000e+00,-1.000000000000000000e+00
3.652131652832031250e+01,-5.483870983123779297e+00,4.829999923706054688e+01,0.000000000000000000e+00,0.000000000000000000e+00,-1.000000000000000000e+00
3.654563140869140625e+01,-5.161290168762207031e+00,4.829999923706054688e+01,0.000000000000000000e+00,0.000000000000000000e+00,-1.000000000000000000e+00
3.656994628906250000e+01,-4.838709831237792969e+00,4.829999923706054688e+01,0.000000000000000000e+00,0.000000000000000000e+00,-1.000000000000000000e+00
3.659426116943359375e+01,-4.516129016876220703e+00,4.829999923706054688e+01,0.000000000000000000e+00,0.000000000000000000e+00,-1.000000000000000000e+00
3.661857604980468750e+01,-4.193548202514648438e+00,4.829999923706054688e+01,0.000000000000000000e+00,0.000000000000000000e+00,-1.000000000000000000e+00
3.664289093017578125e+01,-3.870967626571655273e+00,4.829999923706054688e+01,0.000000000000000000e+00,0.000000000000000000e+00,-1.000000000000000000e+00
3.666720581054687500e+01,-3.548387050628662109e+00,4.829999923706054688e+01,0.000000000000000000e+00,0.000000000000000000e+00,-1.000000000000000000e+00
3.669152069091796875e+01,-3.225806474685668945e+00,4.829999923706054688e+01,0.000000000000000000e+00,0.000000000000000000e+00,-1.000000000000000000e+00
3.671583557128906250e+01,-2.903225898742675781e+00,4.829999923706054688e+01,0.000000000000000000e+00,0.000000000000000000e+00,-1.000000000000000000e+00
3.674015426635742188e+01,-2.580645084381103516e+00,4.829999923706054688e+01,0.000000000000000000e+00,0.000000000000000000e+00,-1.000000000000000000e+00
3.676446914672851562e+01,-2.258064508438110352e+00,4.829999923706054688e+01,0.000000000000000000e+00,0.000000000000000000e+00,-1.000000000000000000e+00
3.678878402709960938e+01,-1.935483813285827637e+00,4.829999923706054688e+01,0.000000000000000000e+00,0.000000000000000000e+00,-1.000000000000000000e+00
3.681309890747070312e+01,-1.612903237342834473e+00,4.829999923706054688e+01,0.000000000000000000e+00,0.000000000000000000e+00,-1.000000000000000000e+00
3.683741378784179688e+01,-1.290322542190551758e+00,4.829999923706054688e+01,0.000000000000000000e+00,0.000000000000000000e+00,-1.000000000000000000e+00
3.686172866821289062e+01,-9.677419066429138184e-01,4.829999923706054688e+01,0.000000000000000000e+00,0.000000000000000000e+00,-1.000000000000000000e+00
3.688604354858398438e+01,-6.451612710952758789e-01,4.829999923706054688e+01,0.000000000000000000e+00,0.000000000000000000e+00,-1.000000000000000000e+00
3.691035842895507812e+01,-3.225806355476379395e-01,4.829999923706054688e+01,0.000000000000000000e+00,0.000000000000000000e+00,-1.000000000000000000e+00
3.643215942382812500e+01,0.000000000000000000e+00,4.829999923706054688e+01,0.000000000000000000e+00,0.000000000000000000e+00,-1.000000000000000000e+00
3.645647430419921875e+01,3.225806355476379395e-01,4.829999923706054688e+01,0.000000000000000000e+00,0.000000000000000000e+00,-1.000000000000000000e+00
3.648078918457031250e+01,6.451612710952758789e-01,4.829999923706054688e+01,0.000000000000000000e+00,0.000000000000000000e+00,-1.000000000000000000e+00
3.650510787963867188e+01,9.677419066429138184e-01,4.829999923706054688e+01,0.000000000000000000e+00,0.000000000000000000e+00,-1.000000000000000000e+00
3.652942276000976562e+01,1.290322542190551758e+00,4.829999923706054688e+01,0.000000000000000000e+00,0.000000000000000000e+00,-1.000000000000000000e+00
3.655373764038085938e+01,1.612903237342834473e+00,4.829999923706054688e+01,0.000000000000000000e+00,0.000000000000000000e+00,-1.000000000000000000e+00
3.657805252075195312e+01,1.935483813285827637e+00,4.829999923706054688e+01,0.000000000000000000e+00,0.000000000000000000e+00,-1.000000000000000000e+00
3.660236740112304688e+01,2.258064508438110352e+00,4.829999923706054688e+01,0.000000000000000000e+00,0.000000000000000000e+00,-1.000000000000000000e+00
3.662668228149414062e+01,2.580645084381103516e+00,4.829999923706054688e+01,0.000000000000000000e+00,0.000000000000000000e+00,-1.000000000000000000e+00
3.665099716186523438e+01,2.903225898742675781e+00,4.829999923706054688e+01,0.000000000000000000e+00,0.000000000000000000e+00,-1.000000000000000000e+00
3.667531204223632812e+01,3.225806474685668945e+00,4.829999923706054688e+01,0.000000000000000000e+00,0.000000000000000000e+00,-1.000000000000000000e+00
3.669962692260742188e+01,3.548387050628662109e+00,4.829999923706054688e+01,0.000000000000000000e+00,0.000000000000000000e+00,-1.000000000000000000e+00
3.672394180297851562e+01,3.870967626571655273e+00,4.829999923706054688e+01,0.000000000000000000e+00,0.000000000000000000e+00,-1.000000000000000000e+00
3.674825668334960938e+01,4.193548202514648438e+00,4.829999923706054688e+01,0.000000000000000000e+00,0.000000000000000000e+00,-1.000000000000000000e+00
3.677257156372070312e+01,4.516129016876220703e+00,4.829999923706054688e+01,0.000000000000000000e+00,0.000000000000000000e+00,-1.000000000000000000e+00
3.679688644409179688e+01,4.838709831237792969e+00,4.829999923706054688e+01,0.000000000000000000e+00,0.000000000000000000e+00,-1.000000000000000000e+00
3.682120132446289062e+01,5.161290168762207031e+00,4.829999923706054688e+01,0.000000000000000000e+00,0.000000000000000000e+00,-1.000000000000000000e+00
3.684551620483398438e+01,5.483870983123779297e+00,4.829999923706054688e+01,0.000000000000000000e+00,0.000000000000000000e+00,-1.000000000000000000e+00
3.686983489990234375e+01,5.806451797485351562e+00,4.829999923706054688e+01,0.000000000000000000e+00,0.000000000000000000e+00,-1.000000000000000000e+00
3.689414978027343750e+01,6.129032135009765625e+00,4.829999923706054688e+01,0.000000000000000000e+00,0.000000000000000000e+00,-1.000000000000000000e+00
3.691846466064453125e+01,6.451612949371337891e+00,4.829999923706054688e+01,0.000000000000000000e+00,0.000000000000000000e+00,-1.000000000000000000e+00
3.694277954101562500e+01,6.774193763732910156e+00,4.829999923706054688e+01,0.000000000000000000e+00,0.000000000000000000e+00,-1.000000000000000000e+00
3.696709442138671875e+01,7.096774101257324219e+00,4.829999923706054688e+01,0.000000000000000000e+00,0.000000000000000000e+00,-1.000000000000000000e+00
3.699140930175781250e+01,7.419354915618896484e+00,4.829999923706054688e+01,0.000000000000000000e+00,0.000000000000000000e+00,-1.000000000000000000e+00
3.701572418212890625e+01,7.741935253143310547e+00,4.829999923706054688e+01,0.000000000000000000e+00,0.000000000000000000e+00,-1.000000000000000000e+00
3.704003906250000000e+01,8.064516067504882812e+00,4.829999923706054688e+01,0.000000000000000000e+00,0.000000000000000000e+00,-1.000000000000000000e+00
3.706435394287109375e+01,8.387096405029296875e+00,4.829999923706054688e+01,0.000000000000000000e+00,0.000000000000000000e+00,-1.000000000000000000e+00
3.708866882324218750e+01,8.709677696228027344e+00,4.829999923706054688e+01,0.000000000000000000e+00,0.000000000000000000e+00,-1.000000000000000000e+00
3.711298370361328125e+01,9.032258033752441406e+00,4.829999923706054688e+01,0.000000000000000000e+00,0.000000000000000000e+00,-1.000000000000000000e+00
3.713729858398437500e+01,9.354838371276855469e+00,4.829999923706054688e+01,0.000000000000000000e+00,0.000000000000000000e+00,-1.000000000000000000e+00
3.716161346435546875e+01,9.677419662475585938e+00,4.829999923706054688e+01,0.000000000000000000e+00,0.000000000000000000e+00,-1.000000000000000000e+00
3.718592834472656250e+01,1.000000000000000000e+01,4.829999923706054688e+01,0.000000000000000000e+00,0.000000000000000000e+00,-1.000000000000000000e+00
3.718592834472656250e+01,1.000000000000000000e+01,4.829999923706054688e+01,0.000000000000000000e+00,0.000000000000000000e+00,-1.000000000000000000e+00
3.721024322509765625e+01,9.677419662475585938e+00,4.829999923706054688e+01,0.000000000000000000e+00,0.000000000000000000e+00,-1.000000000000000000e+00
3.723455810546875000e+01,9.354838371276855469e+00,4.829999923706054688e+01,0.000000000000000000e+00,0.000000000000000000e+00,-1.000000000000000000e+00
3.725887680053710938e+01,9.032258033752441406e+00,4.829999923706054688e+01,0.000000000000000000e+00,0.000000000000000000e+00,-1.000000000000000000e+00
3.728319168090820312e+01,8.709677696228027344e+00,4.829999923706054688e+01,0.000000000000000000e+00,0.000000000000000000e+00,-1.000000000000000000e+00
3.730750656127929688e+01,8.387096405029296875e+00,4.829999923706054688e+01,0.000000000000000000e+00,0.000000000000000000e+00,-1.000000000000000000e+00
3.733182144165039062e+01,8.064516067504882812e+00,4.829999923706054688e+01,0.000000000000000000e+00,0.000000000000000000e+00,-1.000000000000000000e+00
3.735613632202148438e+01,7.741935253143310547e+00,4.829999923706054688e+01,0.000000000000000000e+00,0.000000000000000000e+00,-1.000000000000000000e+00
3.738045120239257812e+01,7.419354915618896484e+00,4.829999923706054688e+01,0.000000000000000000e+00,0.000000000000000000e+00,-1.000000000000000000e+00
3.740476608276367188e+01,7.096774101257324219e+00,4.829999923706054688e+01,0.000000000000000000e+00,0.000000000000000000e+00,-1.000000000000000000e+00
3.742908096313476562e+01,6.774193763732910156e+00,4.829999923706054688e+01,0.000000000000000000e+00,0.000000000000000000e+00,-1.000000000000000000e+00
3.745339584350585938e+01,6.451612949371337891e+00,4.829999923706054688e+01,0.000000000000000000e+00,0.000000000000000000e+00,-1.000000000000000000e+00
3.747771072387695312e+01,6.129032135009765625e+00,4.829999923706054688e+01,0.000000000000000000e+00,0.000000000000000000e+00,-1.000000000000000000e+00
3.750202560424804688e+01,5.806451797485351562e+00,4.829999923706054688e+01,0.000000000000000000e+00,0.000000000000000000e+00,-1.000000000000000000e+00
3.752634048461914062e+01,5.483870983123779297e+00,4.829999923706054688e+01,0.000000000000000000e+00,0.000000000000000000e+00,-1.000000000000000000e+00
3.755065536499023438e+01,5.161290168762207031e+00,4.829999923706054688e+01,0.000000000000000000e+00,0.000000000000000000e+00,-1.000000000000000000e+00
3.757497024536132812e+01,4.838709831237792969e+00,4.829999923706054688e+01,0.000000000000000000e+00,0.000000000000000000e+00,-1.000000000000000000e+00
3.759928512573242188e+01,4.516129016876220703e+00,4.829999923706054688e+01,0.000000000000000000e+00,0.000000000000000000e+00,-1.000000000000000000e+00
3.762360000610351562e+01,4.193548202514648438e+00,4.829999923706054688e+01,0.000000000000000000e+00,0.000000000000000000e+00,-1.000000000000000000e+00
3.764791870117187500e+01,3.870967626571655273e+00,4.829999923706054688e+01,0.000000000000000000e+00,0.000000000000000000e+00,-1.000000000000000000e+00
3.767223358154296875e+01,3.548387050628662109e+00,4.829999923706054688e+01,0.000000000000000000e+00,0.000000000000000000e+00,-1.000000000000000000e+00
3.769654846191406250e+01,3.225806474685668945e+00,4.829999923706054688e+01,0.000000000000000000e+00,0.000000000000000000e+00,-1.000000000000000000e+00
3.772086334228515625e+01,2.903225898742675781e+00,4.829999923706054688e+01,0.000000000000000000e+00,0.000000000000000000e+00,-1.000000000000000000e+00
3.774517822265625000e+01,2.580645084381103516e+00,4.829999923706054688e+01,0.000000000000000000e+00,0.000000000000000000e+00,-1.000000000000000000e+00
3.776949310302734375e+01,2.258064508438110352e+00,4.829999923706054688e+01,0.000000000000000000e+00,0.000000000000000000e+00,-1.000000000000000000e+00
3.779380798339843750e+01,1.935483813285827637e+00,4.829999923706054688e+01,0.000000000000000000e+00,0.000000000000000000e+00,-1.000000000000000000e+00
3.781812286376953125e+01,1.612903237342834473e+00,4.829999923706054688e+01,0.000000000000000000e+00,0.000000000000000000e+00,-1.000000000000000000e+00
3.784243774414062500e+01,1.290322542190551758e+00,4.829999923706054688e+01,0.000000000000000000e+00,0.000000000000000000e+00,-1.000000000000000000e+00
3.786675262451171875e+01,9.677419066429138184e-01,4.829999923706054688e+01,0.000000000000000000e+00,0.000000000000000000e+00,-1.000000000000000000e+00
3.789106750488281250e+01,6.451612710952758789e-01,4.829999923706054688e+01,0.000000000000000000e+00,0.000000000000000000e+00,-1.000000000000000000e+00
3.791538238525390625e+01,3.225806355476379395e-01,4.829999923706054688e+01,0.000000000000000000e+00,0.000000000000000000e+00,-1.000000000000000000e+00
3.743718719482421875e+01,0.000000000000000000e+00,4.829999923706054688e+01,0.000000000000000000e+00,0.000000000000000000e+00,-1.000000000000000000e+00
3.746150207519531250e+01,-3.225806355476379395e-01,4.829999923706054688e+01,0.000000000000000000e+00,0.000000000000000000e+00,-1.000000000000000000e+00
3.748581695556640625e+01,-6.451612710952758789e-01,4.829999923706054688e+01,0.000000000000000000e+00,0.000000000000000000e+00,-1.000000000000000000e+00
3.751013183593750000e+01,-9.677419066429138184e-01,4.829999923706054688e+01,0.000000000000000000e+00,0.000000000000000000e+00,-1.000000000000000000e+00
3.753444671630859375e+01,-1.290322542190551758e+00,4.829999923706054688e+01,0.000000000000000000e+00,0.000000000000000000e+00,-1.000000000000000000e+00
3.755876159667968750e+01,-1.612903237342834473e+00,4.829999923706054688e+01,0.000000000000000000e+00,0.000000000000000000e+00,-1.000000000000000000e+00
3.758307647705078125e+01,-1.935483813285827637e+00,4.829999923706054688e+01,0.000000000000000000e+00,0.000000000000000000e+00,-1.000000000000000000e+00
3.760739135742187500e+01,-2.258064508438110352e+00,4.829999923706054688e+01,0.000000000000000000e+00,0.000000000000000000e+00,-1.000000000000000000e+00
3.763170623779296875e+01,-2.580645084381103516e+00,4.829999923706054688e+01,0.000000000000000000e+00,0.000000000000000000e+00,-1.000000000000000000e+00
3.765602111816406250e+01,-2.903225898742675781e+00,4.829999923706054688e+01,0.000000000000000000e+00,0.000000000000000000e+00,-1.000000000000000000e+00
3.768033599853515625e+01,-3.225806474685668945e+00,4.829999923706054688e+01,0.000000000000000000e+00,0.000000000000000000e+00,-1.000000000000000000e+00
3.770465087890625000e+01,-3.548387050628662109e+00,4.829999923706054688e+01,0.000000000000000000e+00,0.000000000000000000e+00,-1.000000000000000000e+00
3.772896575927734375e+01,-3.870967626571655273e+00,4.829999923706054688e+01,0.000000000000000000e+00,0.000000000000000000e+00,-1.000000000000000000e+00
3.775328063964843750e+01,-4.193548202514648438e+00,4.829999923706054688e+01,0.000000000000000000e+00,0.000000000000000000e+00,-1.000000000000000000e+00
3.777759933471679688e+01,-4.516129016876220703e+00,4.829999923706054688e+01,0.000000000000000000e+00,0.000000000000000000e+00,-1.000000000000000000e+00
3.780191421508789062e+01,-4.838709831237792969e+00,4.829999923706054688e+01,0.000000000000000000e+00,0.000000000000000000e+00,-1.000000000000000000e+00
3.782622909545898438e+01,-5.161290168762207031e+00,4.829999923706054688e+01,0.000000000000000000e+00,0.000000000000000000e+00,-1.000000000000000000e+00
3.785054397583007812e+01,-5.483870983123779297e+00,4.829999923706054688e+01,0.000000000000000000e+00,0.000000000000000000e+00,-1.000000000000000000e+00
3.787485885620117188e+01,-5.806451797485351562e+00,4.829999923706054688e+01,0.000000000000000000e+00,0.000000000000000000e+00,-1.000000000000000000e+00
3.789917373657226562e+01,-6.129032135009765625e+00,4.829999923706054688e+01,0.000000000000000000e+00,0.000000000000000000e+00,-1.000000000000000000e+00
3.792348861694335938e+01,-6.451612949371337891e+00,4.829999923706054688e+01,0.000000000000000000e+00,0.000000000000000000e+00,-1.000000000000000000e+00
3.794780349731445312e+01,-6.774193763732910156e+00,4.829999923706054688e+01,0.000000000000000000e+00,0.000000000000000000e+00,-1.000000000000000000e+00
3.797211837768554688e+01,-7.096774101257324219e+00,4.829999923706054688e+01,0.000000000000000000e+00,0.000000000000000000e+00,-1.000000000000000000e+00
3.799643325805664062e+01,-7.419354915618896484e+00,4.829999923706054688e+01,0.000000000000000000e+00,0.000000000000000000e+00,-1.000000000000000000e+00
3.802074813842773438e+01,-7.741935253143310547e+00,4.829999923706054688e+01,0.000000000000000000e+00,0.000000000000000000e+00,-1.000000000000000000e+00
3.804506301879882812e+01,-8.064516067504882812e+00,4.829999923706054688e+01,0.000000000000000000e+00,0.000000000000000000e+00,-1.000000000000000000e+00
3.806937789916992188e+01,-8.387096405029296875e+00,4.829999923706054688e+01,0.000000000000000000e+00,0.000000000000000000e+00,-1.000000000000000000e+00
3.809369277954101562e+01,-8.709677696228027344e+00,4.829999923706054688e+01,0.000000000000000000e+00,0.000000000000000000e+00,-1.000000000000000000e+00
3.811800765991210938e+01,-9.032258033752441406e+00,4.829999923706054688e+01,0.000000000000000000e+00,0.000000000000000000e+00,-1.000000000000000000e+00
3.814232635498046875e+01,-9.354838371276855469e+00,4.829999923706054688e+01,0.000000000000000000e+00,0.000000000000000000e+00,-1.000000000000000000e+00
3.816664123535156250e+01,-9.677419662475585938e+00,4.829999923706054688e+01,0.000000000000000000e+00,0.000000000000000000e+00,-1.000000000000000000e+00
3.819095611572265625e+01,-1.000000000000000000e+01,4.829999923706054688e+01,0.000000000000000000e+00,0.000000000000000000e+00,-1.000000000000000000e+00
3.819095611572265625e+01,-1.000000000000000000e+01,4.829999923706054688e+01,0.000000000000000000e+00,0.000000000000000000e+00,-1.000000000000000000e+00
3.821527099609375000e+01,-9.677419662475585938e+00,4.829999923706054688e+01,0.000000000000000000e+00,0.000000000000000000e+00,-1.000000000000000000e+00
3.823958587646484375e+01,-9.354838371276855469e+00,4.829999923706054688e+01,0.000000000000000000e+00,0.000000000000000000e+00,-1.000000000000000000e+00
3.826390075683593750e+01,-9.032258033752441406e+00,4.829999923706054688e+01,0.000000000000000000e+00,0.000000000000000000e+00,-1.000000000000000000e+00
3.828821563720703125e+01,-8.709677696228027344e+00,4.829999923706054688e+01,0.000000000000000000e+00,0.000000000000000000e+00,-1.000000000000000000e+00
3.831253051757812500e+01,-8.387096405029296875e+00,4.829999923706054688e+01,0.000000000000000000e+00,0.000000000000000000e+00,-1.000000000000000000e+00
3.833684539794921875e+01,-8.064516067504882812e+00,4.829999923706054688e+01,0.000000000000000000e+00,0.000000000000000000e+00,-1.000000000000000000e+00
3.836116027832031250e+01,-7.741935253143310547e+00,4.829999923706054688e+01,0.000000000000000000e+00,0.000000000000000000e+00,-1.000000000000000000e+00
3.838547515869140625e+01,-7.419354915618896484e+00,4.829999923706054688e+01,0.000000000000000000e+00,0.000000000000000000e+00,-1.000000000000000000e+00
3.840979003906250000e+01,-7.096774101257324219e+00,4.829999923706054688e+01,0.000000000000000000e+00,0.000000000000000000e+00,-1.000000000000000000e+00
3.843410491943359375e+01,-6.774193763732910156e+00,4.829999923706054688e+01,0.000000000000000000e+00,0.000000000000000000e+00,-1.000000000000000000e+00
3.845841979980468750e+01,-6.451612949371337891e+00,4.829999923706054688e+01,0.000000000000000000e+00,0.000000000000000000e+00,-1.000000000000000000e+00
3.848273468017578125e+01,-6.129032135009765625e+00,4.829999923706054688e+01,0.000000000000000000e+00,0.000000000000000000e+00,-1.000000000000000000e+00
3.850704956054687500e+01,-5.806451797485351562e+00,4.829999923706054688e+01,0.000000000000000000e+00,0.000000000000000000e+00,-1.000000000000000000e+00
3.853136825561523438e+01,-5.483870983123779297e+00,4.829999923706054688e+01,0.000000000000000000e+00,0.000000000000000000e+00,-1.000000000000000000e+00
3.855568313598632812e+01,-5.161290168762207031e+00,4.829999923706054688e+01,0.000000000000000000e+00,0.000000000000000000e+00,-1.000000000000000000e+00
3.857999801635742188e+01,-4.838709831237792969e+00,4.829999923706054688e+01,0.000000000000000000e+00,0.000000000000000000e+00,-1.000000000000000000e+00
3.860431289672851562e+01,-4.516129016876220703e+00,4.829999923706054688e+01,0.000000000000000000e+00,0.000000000000000000e+00,-1.000000000000000000e+00
3.862862777709960938e+01,-4.193548202514648438e+00,4.829999923706054688e+01,0.000000000000000000e+00,0.000000000000000000e+00,-1.000000000000000000e+00
3.865294265747070312e+01,-3.870967626571655273e+00,4.829999923706054688e+01,0.000000000000000000e+00,0.000000000000000000e+00,-1.000000000000000000e+00
3.867725753784179688e+01,-3.548387050628662109e+00,4.829999923706054688e+01,0.000000000000000000e+00,0.000000000000000000e+00,-1.000000000000000000e+00
3.870157241821289062e+01,-3.225806474685668945e+00,4.829999923706054688e+01,0.000000000000000000e+00,0.000000000000000000e+00,-1.000000000000000000e+00
3.872588729858398438e+01,-2.903225898742675781e+00,4.829999923706054688e+01,0.000000000000000000e+00,0.000000000000000000e+00,-1.000000000000000000e+00
3.875020217895507812e+01,-2.580645084381103516e+00,4.829999923706054688e+01,0.000000000000000000e+00,0.000000000000000000e+00,-1.000000000000000000e+00
3.877451705932617188e+01,-2.258064508438110352e+00,4.829999923706054688e+01,0.000000000000000000e+00,0.000000000000000000e+00,-1.000000000000000000e+00
3.879883193969726562e+01,-1.935483813285827637e+00,4.829999923706054688e+01,0.000000000000000000e+00,0.000000000000000000e+00,-1.000000000000000000e+00
3.882314682006835938e+01,-1.612903237342834473e+00,4.829999923706054688e+01,0.000000000000000000e+00,0.000000000000000000e+00,-1.000000000000000000e+00
3.884746170043945312e+01,-1.290322542190551758e+00,4.829999923706054688e+01,0.000000000000000000e+00,0.000000000000000000e+00,-1.000000000000000000e+00
3.887177658081054688e+01,-9.677419066429138184e-01,4.829999923706054688e+01,0.000000000000000000e+00,0.000000000000000000e+00,-1.000000000000000000e+00
3.889609527587890625e+01,-6.451612710952758789e-01,4.829999923706054688e+01,0.000000000000000000e+00,0.000000000000000000e+00,-1.000000000000000000e+00
3.892041015625000000e+01,-3.225806355476379395e-01,4.829999923706054688e+01,0.000000000000000000e+00,0.000000000000000000e+00,-1.000000000000000000e+00
3.844221115112304688e+01,0.000000000000000000e+00,4.829999923706054688e+01,0.000000000000000000e+00,0.000000000000000000e+00,-1.000000000000000000e+00
3.846652603149414062e+01,3.225806355476379395e-01,4.829999923706054688e+01,0.000000000000000000e+00,0.000000000000000000e+00,-1.000000000000000000e+00
3.849084091186523438e+01,6.451612710952758789e-01,4.829999923706054688e+01,0.000000000000000000e+00,0.000000000000000000e+00,-1.000000000000000000e+00
3.851515579223632812e+01,9.677419066429138184e-01,4.829999923706054688e+01,0.000000000000000000e+00,0.000000000000000000e+00,-1.000000000000000000e+00
3.853947067260742188e+01,1.290322542190551758e+00,4.829999923706054688e+01,0.000000000000000000e+00,0.000000000000000000e+00,-1.000000000000000000e+00
3.856378555297851562e+01,1.612903237342834473e+00,4.829999923706054688e+01,0.000000000000000000e+00,0.000000000000000000e+00,-1.000000000000000000e+00
3.858810043334960938e+01,1.935483813285827637e+00,4.829999923706054688e+01,0.000000000000000000e+00,0.000000000000000000e+00,-1.000000000000000000e+00
3.861241531372070312e+01,2.258064508438110352e+00,4.829999923706054688e+01,0.000000000000000000e+00,0.000000000000000000e+00,-1.000000000000000000e+00
3.863673019409179688e+01,2.580645084381103516e+00,4.829999923706054688e+01,0.000000000000000000e+00,0.000000000000000000e+00,-1.000000000000000000e+00
3.866104888916015625e+01,2.903225898742675781e+00,4.829999923706054688e+01,0.000000000000000000e+00,0.000000000000000000e+00,-1.000000000000000000e+00
3.868536376953125000e+01,3.225806474685668945e+00,4.829999923706054688e+01,0.000000000000000000e+00,0.000000000000000000e+00,-1.000000000000000000e+00
3.870967864990234375e+01,3.548387050628662109e+00,4.829999923706054688e+01,0.000000000000000000e+00,0.000000000000000000e+00,-1.000000000000000000e+00
3.873399353027343750e+01,3.870967626571655273e+00,4.829999923706054688e+01,0.000000000000000000e+00,0.000000000000000000e+00,-1.000000000000000000e+00
3.875830841064453125e+01,4.193548202514648438e+00,4.829999923706054688e+01,0.000000000000000000e+00,0.000000000000000000e+00,-1.000000000000000000e+00
3.878262329101562500e+01,4.516129016876220703e+00,4.829999923706054688e+01,0.000000000000000000e+00,0.000000000000000000e+00,-1.000000000000000000e+00
3.880693817138671875e+01,4.838709831237792969e+00,4.829999923706054688e+01,0.000000000000000000e+00,0.000000000000000000e+00,-1.000000000000000000e+00
3.883125305175781250e+01,5.161290168762207031e+00,4.829999923706054688e+01,0.000000000000000000e+00,0.000000000000000000e+00,-1.000000000000000000e+00
3.885556793212890625e+01,5.483870983123779297e+00,4.829999923706054688e+01,0.000000000000000000e+00,0.000000000000000000e+00,-1.000000000000000000e+00
3.887988281250000000e+01,5.806451797485351562e+00,4.829999923706054688e+01,0.000000000000000000e+00,0.000000000000000000e+00,-1.000000000000000000e+00
3.890419769287109375e+01,6.129032135009765625e+00,4.829999923706054688e+01,0.000000000000000000e+00,0.000000000000000000e+00,-1.000000000000000000e+00
3.892851257324218750e+01,6.451612949371337891e+00,4.829999923706054688e+01,0.000000000000000000e+00,0.000000000000000000e+00,-1.000000000000000000e+00
3.895282745361328125e+01,6.774193763732910156e+00,4.829999923706054688e+01,0.000000000000000000e+00,0.000000000000000000e+00,-1.000000000000000000e+00
3.897714233398437500e+01,7.096774101257324219e+00,4.829999923706054688e+01,0.000000000000000000e+00,0.000000000000000000e+00,-1.000000000000000000e+00
3.900145721435546875e+01,7.419354915618896484e+00,4.829999923706054688e+01,0.000000000000000000e+00,0.000000000000000000e+00,-1.000000000000000000e+00
3.902577590942382812e+01,7.741935253143310547e+00,4.829999923706054688e+01,0.000000000000000000e+00,0.000000000000000000e+00,-1.000000000000000000e+00
3.905009078979492188e+01,8.064516067504882812e+00,4.829999923706054688e+01,0.000000000000000000e+00,0.000000000000000000e+00,-1.000000000000000000e+00
3.907440567016601562e+01,8.387096405029296875e+00,4.829999923706054688e+01,0.000000000000000000e+00,0.000000000000000000e+00,-1.000000000000000000e+00
3.909872055053710938e+01,8.709677696228027344e+00,4.829999923706054688e+01,0.000000000000000000e+00,0.000000000000000000e+00,-1.000000000000000000e+00
3.912303543090820312e+01,9.032258033752441406e+00,4.829999923706054688e+01,0.000000000000000000e+00,0.000000000000000000e+00,-1.000000000000000000e+00
3.914735031127929688e+01,9.354838371276855469e+00,4.829999923706054688e+01,0.000000000000000000e+00,0.000000000000000000e+00,-1.000000000000000000e+00
3.917166519165039062e+01,9.677419662475585938e+00,4.829999923706054688e+01,0.000000000000000000e+00,0.000000000000000000e+00,-1.000000000000000000e+00
3.919598007202148438e+01,1.000000000000000000e+01,4.829999923706054688e+01,0.000000000000000000e+00,0.000000000000000000e+00,-1.000000000000000000e+00
3.919598007202148438e+01,1.000000000000000000e+01,4.829999923706054688e+01,0.000000000000000000e+00,0.000000000000000000e+00,-1.000000000000000000e+00
3.922029495239257812e+01,9.677419662475585938e+00,4.829999923706054688e+01,0.000000000000000000e+00,0.000000000000000000e+00,-1.000000000000000000e+00
3.924460983276367188e+01,9.354838371276855469e+00,4.829999923706054688e+01,0.000000000000000000e+00,0.000000000000000000e+00,-1.000000000000000000e+00
3.926892471313476562e+01,9.032258033752441406e+00,4.829999923706054688e+01,0.000000000000000000e+00,0.000000000000000000e+00,-1.000000000000000000e+00
3.929323959350585938e+01,8.709677696228027344e+00,4.829999923706054688e+01,0.000000000000000000e+00,0.000000000000000000e+00,-1.000000000000000000e+00
3.931755447387695312e+01,8.387096405029296875e+00,4.829999923706054688e+01,0.000000000000000000e+00,0.000000000000000000e+00,-1.000000000000000000e+00
3.934186935424804688e+01,8.064516067504882812e+00,4.829999923706054688e+01,0.000000000000000000e+00,0.000000000000000000e+00,-1.000000000000000000e+00
3.936618423461914062e+01,7.741935253143310547e+00,4.829999923706054688e+01,0.000000000000000000e+00,0.000000000000000000e+00,-1.000000000000000000e+00
3.939049911499023438e+01,7.419354915618896484e+00,4.829999923706054688e+01,0.000000000000000000e+00,0.000000000000000000e+00,-1.000000000000000000e+00
3.941481781005859375e+01,7.096774101257324219e+00,4.829999923706054688e+01,0.000000000000000000e+00,0.000000000000000000e+00,-1.000000000000000000e+00
3.943913269042968750e+01,6.774193763732910156e+00,4.829999923706054688e+01,0.000000000000000000e+00,0.000000000000000000e+00,-1.000000000000000000e+00
3.946344757080078125e+01,6.451612949371337891e+00,4.829999923706054688e+01,0.000000000000000000e+00,0.000000000000000000e+00,-1.000000000000000000e+00
3.948776245117187500e+01,6.129032135009765625e+00,4.829999923706054688e+01,0.000000000000000000e+00,0.000000000000000000e+00,-1.000000000000000000e+00
3.951207733154296875e+01,5.806451797485351562e+00,4.829999923706054688e+01,0.000000000000000000e+00,0.000000000000000000e+00,-1.000000000000000000e+00
3.953639221191406250e+01,5.483870983123779297e+00,4.829999923706054688e+01,0.000000000000000000e+00,0.000000000000000000e+00,-1.000000000000000000e+00
3.956070709228515625e+01,5.161290168762207031e+00,4.829999923706054688e+01,0.000000000000000000e+00,0.000000000000000000e+00,-1.000000000000000000e+00
3.958502197265625000e+01,4.838709831237792969e+00,4.829999923706054688e+01,0.000000000000000000e+00,0.000000000000000000e+00,-1.000000000000000000e+00
3.960933685302734375e+01,4.516129016876220703e+00,4.829999923706054688e+01,0.000000000000000000e+00,0.000000000000000000e+00,-1.000000000000000000e+00
3.963365173339843750e+01,4.193548202514648438e+00,4.829999923706054688e+01,0.000000000000000000e+00,0.000000000000000000e+00,-1.000000000000000000e+00
3.965796661376953125e+01,3.870967626571655273e+00,4.829999923706054688e+01,0.000000000000000000e+00,0.000000000000000000e+00,-1.000000000000000000e+00
3.968228149414062500e+01,3.548387050628662109e+00,4.829999923706054688e+01,0.000000000000000000e+00,0.000000000000000000e+00,-1.000000000000000000e+00
3.970659637451171875e+01,3.225806474685668945e+00,4.829999923706054688e+01,0.000000000000000000e+00,0.000000000000000000e+00,-1.000000000000000000e+00
3.973091125488281250e+01,2.903225898742675781e+00,4.829999923706054688e+01,0.000000000000000000e+00,0.000000000000000000e+00,-1.000000000000000000e+00
3.975522613525390625e+01,2.580645084381103516e+00,4.829999923706054688e+01,0.000000000000000000e+00,0.000000000000000000e+00,-1.000000000000000000e+00
3.977954101562500000e+01,2.258064508438110352e+00,4.829999923706054688e+01,0.000000000000000000e+00,0.000000000000000000e+00,-1.000000000000000000e+00
3.980385971069335938e+01,1.935483813285827637e+00,4.829999923706054688e+01,0.000000000000000000e+00,0.000000000000000000e+00,-1.000000000000000000e+00
3.982817459106445312e+01,1.612903237342834473e+00,4.829999923706054688e+01,0.000000000000000000e+00,0.000000000000000000e+00,-1.000000000000000000e+00
3.985248947143554688e+01,1.290322542190551758e+00,4.829999923706054688e+01,0.000000000000000000e+00,0.000000000000000000e+00,-1.000000000000000000e+00
3.987680435180664062e+01,9.677419066429138184e-01,4.829999923706054688e+01,0.000000000000000000e+00,0.000000000000000000e+00,-1.000000000000000000e+00
3.990111923217773438e+01,6.451612710952758789e-01,4.829999923706054688e+01,0.000000000000000000e+00,0.000000000000000000e+00,-1.000000000000000000e+00
3.992543411254882812e+01,3.225806355476379395e-01,4.829999923706054688e+01,0.000000000000000000e+00,0.000000000000000000e+00,-1.000000000000000000e+00
3.944723510742187500e+01,0.000000000000000000e+00,4.829999923706054688e+01,0.000000000000000000e+00,0.000000000000000000e+00,-1.000000000000000000e+00
3.947154998779296875e+01,-3.225806355476379395e-01,4.829999923706054688e+01,0.000000000000000000e+00,0.000000000000000000e+00,-1.000000000000000000e+00
3.949586486816406250e+01,-6.451612710952758789e-01,4.829999923706054688e+01,0.000000000000000000e+00,0.000000000000000000e+00,-1.000000000000000000e+00
3.952017974853515625e+01,-9.677419066429138184e-01,4.829999923706054688e+01,0.000000000000000000e+00,0.000000000000000000e+00,-1.000000000000000000e+00
3.954449844360351562e+01,-1.290322542190551758e+00,4.829999923706054688e+01,0.000000000000000000e+00,0.000000000000000000e+00,-1.000000000000000000e+00
3.956881332397460938e+01,-1.612903237342834473e+00,4.829999923706054688e+01,0.000000000000000000e+00,0.000000000000000000e+00,-1.000000000000000000e+00
3.959312820434570312e+01,-1.935483813285827637e+00,4.829999923706054688e+01,0.000000000000000000e+00,0.000000000000000000e+00,-1.000000000000000000e+00
3.961744308471679688e+01,-2.258064508438110352e+00,4.829999923706054688e+01,0.000000000000000000e+00,0.000000000000000000e+00,-1.000000000000000000e+00
3.964175796508789062e+01,-2.580645084381103516e+00,4.829999923706054688e+01,0.000000000000000000e+00,0.000000000000000000e+00,-1.000000000000000000e+00
3.966607284545898438e+01,-2.903225898742675781e+00,4.829999923706054688e+01,0.000000000000000000e+00,0.000000000000000000e+00,-1.000000000000000000e+00
3.969038772583007812e+01,-3.225806474685668945e+00,4.829999923706054688e+01,0.000000000000000000e+00,0.000000000000000000e+00,-1.000000000000000000e+00
3.971470260620117188e+01,-3.548387050628662109e+00,4.829999923706054688e+01,0.000000000000000000e+00,0.000000000000000000e+00,-1.000000000000000000e+00
3.973901748657226562e+01,-3.870967626571655273e+00,4.829999923706054688e+01,0.000000000000000000e+00,0.000000000000000000e+00,-1.000000000000000000e+00
3.976333236694335938e+01,-4.193548202514648438e+00,4.829999923706054688e+01,0.000000000000000000e+00,0.000000000000000000e+00,-1.000000000000000000e+00
3.978764724731445312e+01,-4.516129016876220703e+00,4.829999923706054688e+01,0.000000000000000000e+00,0.000000000000000000e+00,-1.000000000000000000e+00
3.981196212768554688e+01,-4.838709831237792969e+00,4.829999923706054688e+01,0.000000000000000000e+00,0.000000000000000000e+00,-1.000000000000000000e+00
3.983627700805664062e+01,-5.161290168762207031e+00,4.829999923706054688e+01,0.000000000000000000e+00,0.000000000000000000e+00,-1.000000000000000000e+00
3.986059188842773438e+01,-5.483870983123779297e+00,4.829999923706054688e+01,0.000000000000000000e+00,0.000000000000000000e+00,-1.000000000000000000e+00
3.988490676879882812e+01,-5.806451797485351562e+00,4.829999923706054688e+01,0.000000000000000000e+00,0.000000000000000000e+00,-1.000000000000000000e+00
3.990922164916992188e+01,-6.129032135009765625e+00,4.829999923706054688e+01,0.000000000000000000e+00,0.000000000000000000e+00,-1.000000000000000000e+00
3.993354034423828125e+01,-6.451612949371337891e+00,4.829999923706054688e+01,0.000000000000000000e+00,0.000000000000000000e+00,-1.000000000000000000e+00
3.995785522460937500e+01,-6.774193763732910156e+00,4.829999923706054688e+01,0.000000000000000000e+00,0.000000000000000000e+00,-1.000000000000000000e+00
3.998217010498046875e+01,-7.096774101257324219e+00,4.829999923706054688e+01,0.000000000000000000e+00,0.000000000000000000e+00,-1.000000000000000000e+00
4.000648498535156250e+01,-7.419354915618896484e+00,4.829999923706054688e+01,0.000000000000000000e+00,0.000000000000000000e+00,-1.000000000000000000e+00
4.003079986572265625e+01,-7.741935253143310547e+00,4.829999923706054688e+01,0.000000000000000000e+00,0.000000000000000000e+00,-1.000000000000000000e+00
4.005511474609375000e+01,-8.064516067504882812e+00,4.829999923706054688e+01,0.000000000000000000e+00,0.000000000000000000e+00,-1.000000000000000000e+00
4.007942962646484375e+01,-8.387096405029296875e+00,4.829999923706054688e+01,0.000000000000000000e+00,0.000000000000000000e+00,-1.000000000000000000e+00
4.010374450683593750e+01,-8.709677696228027344e+00,4.829999923706054688e+01,0.000000000000000000e+00,0.000000000000000000e+00,-1.000000000000000000e+00
4.012805938720703125e+01,-9.032258033752441406e+00,4.829999923706054688e+01,0.000000000000000000e+00,0.000000000000000000e+00,-1.000000000000000000e+00
4.015237426757812500e+01,-9.354838371276855469e+00,4.829999923706054688e+01,0.000000000000000000e+00,0.000000000000000000e+00,-1.000000000000000000e+00
4.017668914794921875e+01,-9.677419662475585938e+00,4.829999923706054688e+01,0.000000000000000000e+00,0.000000000000000000e+00,-1.000000000000000000e+00
4.020100402832031250e+01,-1.000000000000000000e+01,4.829999923706054688e+01,0.000000000000000000e+00,0.000000000000000000e+00,-1.000000000000000000e+00
4.020100402832031250e+01,-1.000000000000000000e+01,4.829999923706054688e+01,0.000000000000000000e+00,0.000000000000000000e+00,-1.000000000000000000e+00
4.022531890869140625e+01,-9.677419662475585938e+00,4.829999923706054688e+01,0.000000000000000000e+00,0.000000000000000000e+00,-1.000000000000000000e+00
4.024963378906250000e+01,-9.354838371276855469e+00,4.829999923706054688e+01,0.000000000000000000e+00,0.000000000000000000e+00,-1.000000000000000000e+00
4.027394866943359375e+01,-9.032258033752441406e+00,4.829999923706054688e+01,0.000000000000000000e+00,0.000000000000000000e+00,-1.000000000000000000e+00
4.029826736450195312e+01,-8.709677696228027344e+00,4.829999923706054688e+01,0.000000000000000000e+00,0.000000000000000000e+00,-1.000000000000000000e+00
4.032258224487304688e+01,-8.387096405029296875e+00,4.829999923706054688e+01,0.000000000000000000e+00,0.000000000000000000e+00,-1.000000000000000000e+00
4.034689712524414062e+01,-8.064516067504882812e+00,4.829999923706054688e+01,0.000000000000000000e+00,0.000000000000000000e+00,-1.000000000000000000e+00
4.037121200561523438e+01,-7.741935253143310547e+00,4.829999923706054688e+01,0.000000000000000000e+00,0.000000000000000000e+00,-1.000000000000000000e+00
4.039552688598632812e+01,-7.419354915618896484e+00,4.829999923706054688e+01,0.000000000000000000e+00,0.000000000000000000e+00,-1.000000000000000000e+00
4.041984176635742188e+01,-7.096774101257324219e+00,4.829999923706054688e+01,0.000000000000000000e+00,0.000000000000000000e+00,-1.000000000000000000e+00
4.044415664672851562e+01,-6.774193763732910156e+00,4.829999923706054688e+01,0.000000000000000000e+00,0.000000000000000000e+00,-1.000000000000000000e+00
4.046847152709960938e+01,-6.451612949371337891e+00,4.829999923706054688e+01,0.000000000000000000e+00,0.000000000000000000e+00,-1.000000000000000000e+00
4.049278640747070312e+01,-6.129032135009765625e+00,4.829999923706054688e+01,0.000000000000000000e+00,0.000000000000000000e+00,-1.000000000000000000e+00
4.051710128784179688e+01,-5.806451797485351562e+00,4.829999923706054688e+01,0.000000000000000000e+00,0.000000000000000000e+00,-1.000000000000000000e+00
4.054141616821289062e+01,-5.483870983123779297e+00,4.829999923706054688e+01,0.000000000000000000e+00,0.000000000000000000e+00,-1.000000000000000000e+00
4.056573104858398438e+01,-5.161290168762207031e+00,4.829999923706054688e+01,0.000000000000000000e+00,0.000000000000000000e+00,-1.000000000000000000e+00
4.059004592895507812e+01,-4.838709831237792969e+00,4.829999923706054688e+01,0.000000000000000000e+00,0.000000000000000000e+00,-1.000000000000000000e+00
4.061436080932617188e+01,-4.516129016876220703e+00,4.829999923706054688e+01,0.000000000000000000e+00,0.000000000000000000e+00,-1.000000000000000000e+00
4.063867568969726562e+01,-4.193548202514648438e+00,4.829999923706054688e+01,0.000000000000000000e+00,0.000000000000000000e+00,-1.000000000000000000e+00
4.066299057006835938e+01,-3.870967626571655273e+00,4.829999923706054688e+01,0.000000000000000000e+00,0.000000000000000000e+00,-1.000000000000000000e+00
4.068730926513671875e+01,-3.548387050628662109e+00,4.829999923706054688e+01,0.000000000000000000e+00,0.000000000000000000e+00,-1.000000000000000000e+00
4.071162414550781250e+01,-3.225806474685668945e+00,4.829999923706054688e+01,0.000000000000000000e+00,0.000000000000000000e+00,-1.000000000000000000e+00
4.073593902587890625e+01,-2.903225898742675781e+00,4.829999923706054688e+01,0.000000000000000000e+00,0.000000000000000000e+00,-1.000000000000000000e+00
4.076025390625000000e+01,-2.580645084381103516e+00,4.829999923706054688e+01,0.000000000000000000e+00,0.000000000000000000e+00,-1.000000000000000000e+00
4.078456878662109375e+01,-2.258064508438110352e+00,4.829999923706054688e+01,0.000000000000000000e+00,0.000000000000000000e+00,-1.000000000000000000e+00
4.080888366699218750e+01,-1.935483813285827637e+00,4.829999923706054688e+01,0.000000000000000000e+00,0.000000000000000000e+00,-1.000000000000000000e+00
4.083319854736328125e+01,-1.612903237342834473e+00,4.829999923706054688e+01,0.000000000000000000e+00,0.000000000000000000e+00,-1.000000000000000000e+00
4.085751342773437500e+01,-1.290322542190551758e+00,4.829999923706054688e+01,0.000000000000000000e+00,0.000000000000000000e+00,-1.000000000000000000e+00
4.088182830810546875e+01,-9.677419066429138184e-01,4.829999923706054688e+01,0.000000000000000000e+00,0.000000000000000000e+00,-1.000000000000000000e+00
4.090614318847656250e+01,-6.451612710952758789e-01,4.829999923706054688e+01,0.000000000000000000e+00,0.000000000000000000e+00,-1.000000000000000000e+00
4.093045806884765625e+01,-3.225806355476379395e-01,4.829999923706054688e+01,0.000000000000000000e+00,0.000000000000000000e+00,-1.000000000000000000e+00
4.045226287841796875e+01,0.000000000000000000e+00,4.829999923706054688e+01,0.000000000000000000e+00,0.000000000000000000e+00,-1.000000000000000000e+00
4.047657775878906250e+01,3.225806355476379395e-01,4.829999923706054688e+01,0.000000000000000000e+00,0.000000000000000000e+00,-1.000000000000000000e+00
4.050089263916015625e+01,6.451612710952758789e-01,4.829999923706054688e+01,0.000000000000000000e+00,0.000000000000000000e+00,-1.000000000000000000e+00
4.052520751953125000e+01,9.677419066429138184e-01,4.829999923706054688e+01,0.000000000000000000e+00,0.000000000000000000e+00,-1.000000000000000000e+00
4.054952239990234375e+01,1.290322542190551758e+00,4.829999923706054688e+01,0.000000000000000000e+00,0.000000000000000000e+00,-1.000000000000000000e+00
4.057383728027343750e+01,1.612903237342834473e+00,4.829999923706054688e+01,0.000000000000000000e+00,0.000000000000000000e+00,-1.000000000000000000e+00
4.059815216064453125e+01,1.935483813285827637e+00,4.829999923706054688e+01,0.000000000000000000e+00,0.000000000000000000e+00,-1.000000000000000000e+00
4.062246704101562500e+01,2.258064508438110352e+00,4.829999923706054688e+01,0.000000000000000000e+00,0.000000000000000000e+00,-1.000000000000000000e+00
4.064678192138671875e+01,2.580645084381103516e+00,4.829999923706054688e+01,0.000000000000000000e+00,0.000000000000000000e+00,-1.000000000000000000e+00
4.067109680175781250e+01,2.903225898742675781e+00,4.829999923706054688e+01,0.000000000000000000e+00,0.000000000000000000e+00,-1.000000000000000000e+00
4.069541168212890625e+01,3.225806474685668945e+00,4.829999923706054688e+01,0.000000000000000000e+00,0.000000000000000000e+00,-1.000000000000000000e+00
4.071972656250000000e+01,3.548387050628662109e+00,4.829999923706054688e+01,0.000000000000000000e+00,0.000000000000000000e+00,-1.000000000000000000e+00
4.074404144287109375e+01,3.870967626571655273e+00,4.829999923706054688e+01,0.000000000000000000e+00,0.000000000000000000e+00,-1.000000000000000000e+00
4.076835632324218750e+01,4.193548202514648438e+00,4.829999923706054688e+01,0.000000000000000000e+00,0.000000000000000000e+00,-1.000000000000000000e+00
4.079267120361328125e+01,4.516129016876220703e+00,4.829999923706054688e+01,0.000000000000000000e+00,0.000000000000000000e+00,-1.000000000000000000e+00
4.081698989868164062e+01,4.838709831237792969e+00,4.829999923706054688e+01,0.000000000000000000e+00,0.000000000000000000e+00,-1.000000000000000000e+00
4.084130477905273438e+01,5.161290168762207031e+00,4.829999923706054688e+01,0.000000000000000000e+00,0.000000000000000000e+00,-1.000000000000000000e+00
4.086561965942382812e+01,5.483870983123779297e+00,4.829999923706054688e+01,0.000000000000000000e+00,0.000000000000000000e+00,-1.000000000000000000e+00
4.088993453979492188e+01,5.806451797485351562e+00,4.829999923706054688e+01,0.000000000000000000e+00,0.000000000000000000e+00,-1.000000000000000000e+00
4.091424942016601562e+01,6.129032135009765625e+00,4.829999923706054688e+01,0.000000000000000000e+00,0.000000000000000000e+00,-1.000000000000000000e+00
4.093856430053710938e+01,6.451612949371337891e+00,4.829999923706054688e+01,0.000000000000000000e+00,0.000000000000000000e+00,-1.000000000000000000e+00
4.096287918090820312e+01,6.774193763732910156e+00,4.829999923706054688e+01,0.000000000000000000e+00,0.000000000000000000e+00,-1.000000000000000000e+00
4.098719406127929688e+01,7.096774101257324219e+00,4.829999923706054688e+01,0.000000000000000000e+00,0.000000000000000000e+00,-1.000000000000000000e+00
4.101150894165039062e+01,7.419354915618896484e+00,4.829999923706054688e+01,0.000000000000000000e+00,0.000000000000000000e+00,-1.000000000000000000e+00
4.103582382202148438e+01,7.741935253143310547e+00,4.829999923706054688e+01,0.000000000000000000e+00,0.000000000000000000e+00,-1.000000000000000000e+00
4.106013870239257812e+01,8.064516067504882812e+00,4.829999923706054688e+01,0.000000000000000000e+00,0.000000000000000000e+00,-1.000000000000000000e+00
4.108445358276367188e+01,8.387096405029296875e+00,4.829999923706054688e+01,0.000000000000000000e+00,0.000000000000000000e+00,-1.000000000000000000e+00
4.110876846313476562e+01,8.709677696228027344e+00,4.829999923706054688e+01,0.000000000000000000e+00,0.000000000000000000e+00,-1.000000000000000000e+00
4.113308334350585938e+01,9.032258033752441406e+00,4.829999923706054688e+01,0.000000000000000000e+00,0.000000000000000000e+00,-1.000000000000000000e+00
4.115739822387695312e+01,9.354838371276855469e+00,4.829999923706054688e+01,0.000000000000000000e+00,0.000000000000000000e+00,-1.000000000000000000e+00
4.118171691894531250e+01,9.677419662475585938e+00,4.829999923706054688e+01,0.000000000000000000e+00,0.000000000000000000e+00,-1.000000000000000000e+00
4.120603179931640625e+01,1.000000000000000000e+01,4.829999923706054688e+01,0.000000000000000000e+00,0.000000000000000000e+00,-1.000000000000000000e+00
4.120603179931640625e+01,1.000000000000000000e+01,4.829999923706054688e+01,0.000000000000000000e+00,0.000000000000000000e+00,-1.000000000000000000e+00
4.123034667968750000e+01,9.677419662475585938e+00,4.829999923706054688e+01,0.000000000000000000e+00,0.000000000000000000e+00,-1.000000000000000000e+00
4.125466156005859375e+01,9.354838371276855469e+00,4.829999923706054688e+01,0.000000000000000000e+00,0.000000000000000000e+00,-1.000000000000000000e+00
4.127897644042968750e+01,9.032258033752441406e+00,4.829999923706054688e+01,0.000000000000000000e+00,0.000000000000000000e+00,-1.000000000000000000e+00
4.130329132080078125e+01,8.709677696228027344e+00,4.829999923706054688e+01,0.000000000000000000e+00,0.000000000000000000e+00,-1.000000000000000000e+00
4.132760620117187500e+01,8.387096405029296875e+00,4.829999923706054688e+01,0.000000000000000000e+00,0.000000000000000000e+00,-1.000000000000000000e+00
4.135192108154296875e+01,8.064516067504882812e+00,4.829999923706054688e+01,0.000000000000000000e+00,0.000000000000000000e+00,-1.000000000000000000e+00
4.137623596191406250e+01,7.741935253143310547e+00,4.829999923706054688e+01,0.000000000000000000e+00,0.000000000000000000e+00,-1.000000000000000000e+00
4.140055084228515625e+01,7.419354915618896484e+00,4.829999923706054688e+01,0.000000000000000000e+00,0.000000000000000000e+00,-1.000000000000000000e+00
4.142486572265625000e+01,7.096774101257324219e+00,4.829999923706054688e+01,0.000000000000000000e+00,0.000000000000000000e+00,-1.000000000000000000e+00
4.144918060302734375e+01,6.774193763732910156e+00,4.829999923706054688e+01,0.000000000000000000e+00,0.000000000000000000e+00,-1.000000000000000000e+00
4.147349548339843750e+01,6.451612949371337891e+00,4.829999923706054688e+01,0.000000000000000000e+00,0.000000000000000000e+00,-1.000000000000000000e+00
4.149781036376953125e+01,6.129032135009765625e+00,4.829999923706054688e+01,0.000000000000000000e+00,0.000000000000000000e+00,-1.000000000000000000e+00
4.152212524414062500e+01,5.806451797485351562e+00,4.829999923706054688e+01,0.000000000000000000e+00,0.000000000000000000e+00,-1.000000000000000000e+00
4.154644012451171875e+01,5.483870983123779297e+00,4.829999923706054688e+01,0.000000000000000000e+00,0.000000000000000000e+00,-1.000000000000000000e+00
4.157075881958007812e+01,5.161290168762207031e+00,4.829999923706054688e+01,0.000000000000000000e+00,0.000000000000000000e+00,-1.000000000000000000e+00
4.159507369995117188e+01,4.838709831237792969e+00,4.829999923706054688e+01,0.000000000000000000e+00,0.000000000000000000e+00,-1.000000000000000000e+00
4.161938858032226562e+01,4.516129016876220703e+00,4.829999923706054688e+01,0.000000000000000000e+00,0.000000000000000000e+00,-1.000000000000000000e+00
4.164370346069335938e+01,4.193548202514648438e+00,4.829999923706054688e+01,0.000000000000000000e+00,0.000000000000000000e+00,-1.000000000000000000e+00
4.166801834106445312e+01,3.870967626571655273e+00,4.829999923706054688e+01,0.000000000000000000e+00,0.000000000000000000e+00,-1.000000000000000000e+00
4.169233322143554688e+01,3.548387050628662109e+00,4.829999923706054688e+01,0.000000000000000000e+00,0.000000000000000000e+00,-1.000000000000000000e+00
4.171664810180664062e+01,3.225806474685668945e+00,4.829999923706054688e+01,0.000000000000000000e+00,0.000000000000000000e+00,-1.000000000000000000e+00
4.174096298217773438e+01,2.903225898742675781e+00,4.829999923706054688e+01,0.000000000000000000e+00,0.000000000000000000e+00,-1.000000000000000000e+00
4.176527786254882812e+01,2.580645084381103516e+00,4.829999923706054688e+01,0.000000000000000000e+00,0.000000000000000000e+00,-1.000000000000000000e+00
4.178959274291992188e+01,2.258064508438110352e+00,4.829999923706054688e+01,0.000000000000000000e+00,0.000000000000000000e+00,-1.000000000000000000e+00
4.181390762329101562e+01,1.935483813285827637e+00,4.829999923706054688e+01,0.000000000000000000e+00,0.000000000000000000e+00,-1.000000000000000000e+00
4.183822250366210938e+01,1.612903237342834473e+00,4.829999923706054688e+01,0.000000000000000000e+00,0.000000000000000000e+00,-1.000000000000000000e+00
4.186253738403320312e+01,1.290322542190551758e+00,4.829999923706054688e+01,0.000000000000000000e+00,0.000000000000000000e+00,-1.000000000000000000e+00
4.188685226440429688e+01,9.677419066429138184e-01,4.829999923706054688e+01,0.000000000000000000e+00,0.000000000000000000e+00,-1.000000000000000000e+00
4.191116714477539062e+01,6.451612710952758789e-01,4.829999923706054688e+01,0.000000000000000000e+00,0.000000000000000000e+00,-1.000000000000000000e+00
4.193548202514648438e+01,3.225806355476379395e-01,4.829999923706054688e+01,0.000000000000000000e+00,0.000000000000000000e+00,-1.000000000000000000e+00
4.145728683471679688e+01,0.000000000000000000e+00,4.829999923706054688e+01,0.000000000000000000e+00,0.000000000000000000e+00,-1.000000000000000000e+00
4.148160171508789062e+01,-3.225806355476379395e-01,4.829999923706054688e+01,0.000000000000000000e+00,0.000000000000000000e+00,-1.000000000000000000e+00
4.150591659545898438e+01,-6.451612710952758789e-01,4.829999923706054688e+01,0.000000000000000000e+00,0.000000000000000000e+00,-1.000000000000000000e+00
4.153023147583007812e+01,-9.677419066429138184e-01,4.829999923706054688e+01,0.000000000000000000e+00,0.000000000000000000e+00,-1.000000000000000000e+00
4.155454635620117188e+01,-1.290322542190551758e+00,4.829999923706054688e+01,0.000000000000000000e+00,0.000000000000000000e+00,-1.000000000000000000e+00
4.157886123657226562e+01,-1.612903237342834473e+00,4.829999923706054688e+01,0.000000000000000000e+00,0.000000000000000000e+00,-1.000000000000000000e+00
4.160317611694335938e+01,-1.935483813285827637e+00,4.829999923706054688e+01,0.000000000000000000e+00,0.000000000000000000e+00,-1.000000000000000000e+00
4.162749099731445312e+01,-2.258064508438110352e+00,4.829999923706054688e+01,0.000000000000000000e+00,0.000000000000000000e+00,-1.000000000000000000e+00
4.165180587768554688e+01,-2.580645084381103516e+00,4.829999923706054688e+01,0.000000000000000000e+00,0.000000000000000000e+00,-1.000000000000000000e+00
4.167612075805664062e+01,-2.903225898742675781e+00,4.829999923706054688e+01,0.000000000000000000e+00,0.000000000000000000e+00,-1.000000000000000000e+00
4.170043945312500000e+01,-3.225806474685668945e+00,4.829999923706054688e+01,0.000000000000000000e+00,0.000000000000000000e+00,-1.000000000000000000e+00
4.172475433349609375e+01,-3.548387050628662109e+00,4.829999923706054688e+01,0.000000000000000000e+00,0.000000000000000000e+00,-1.000000000000000000e+00
4.174906921386718750e+01,-3.870967626571655273e+00,4.829999923706054688e+01,0.000000000000000000e+00,0.000000000000000000e+00,-1.000000000000000000e+00
4.177338409423828125e+01,-4.193548202514648438e+00,4.829999923706054688e+01,0.000000000000000000e+00,0.000000000000000000e+00,-1.000000000000000000e+00
4.179769897460937500e+01,-4.516129016876220703e+00,4.829999923706054688e+01,0.000000000000000000e+00,0.000000000000000000e+00,-1.000000000000000000e+00
4.182201385498046875e+01,-4.838709831237792969e+00,4.829999923706054688e+01,0.000000000000000000e+00,0.000000000000000000e+00,-1.000000000000000000e+00
4.184632873535156250e+01,-5.161290168762207031e+00,4.829999923706054688e+01,0.000000000000000000e+00,0.000000000000000000e+00,-1.000000000000000000e+00
4.187064361572265625e+01,-5.483870983123779297e+00,4.829999923706054688e+01,0.000000000000000000e+00,0.000000000000000000e+00,-1.000000000000000000e+00
4.189495849609375000e+01,-5.806451797485351562e+00,4.829999923706054688e+01,0.000000000000000000e+00,0.000000000000000000e+00,-1.000000000000000000e+00
4.191927337646484375e+01,-6.129032135009765625e+00,4.829999923706054688e+01,0.000000000000000000e+00,0.000000000000000000e+00,-1.000000000000000000e+00
4.194358825683593750e+01,-6.451612949371337891e+00,4.829999923706054688e+01,0.000000000000000000e+00,0.000000000000000000e+00,-1.000000000000000000e+00
4.196790313720703125e+01,-6.774193763732910156e+00,4.829999923706054688e+01,0.000000000000000000e+00,0.000000000000000000e+00,-1.000000000000000000e+00
4.199221801757812500e+01,-7.096774101257324219e+00,4.829999923706054688e+01,0.000000000000000000e+00,0.000000000000000000e+00,-1.000000000000000000e+00
4.201653289794921875e+01,-7.419354915618896484e+00,4.829999923706054688e+01,0.000000000000000000e+00,0.000000000000000000e+00,-1.000000000000000000e+00
4.204084777832031250e+01,-7.741935253143310547e+00,4.829999923706054688e+01,0.000000000000000000e+00,0.000000000000000000e+00,-1.000000000000000000e+00
4.206516265869140625e+01,-8.064516067504882812e+00,4.829999923706054688e+01,0.000000000000000000e+00,0.000000000000000000e+00,-1.000000000000000000e+00
4.208948135375976562e+01,-8.387096405029296875e+00,4.829999923706054688e+01,0.000000000000000000e+00,0.000000000000000000e+00,-1.000000000000000000e+00
4.211379623413085938e+01,-8.709677696228027344e+00,4.829999923706054688e+01,0.000000000000000000e+00,0.000000000000000000e+00,-1.000000000000000000e+00
4.213811111450195312e+01,-9.032258033752441406e+00,4.829999923706054688e+01,0.000000000000000000e+00,0.000000000000000000e+00,-1.000000000000000000e+00
4.216242599487304688e+01,-9.354838371276855469e+00,4.829999923706054688e+01,0.000000000000000000e+00,0.000000000000000000e+00,-1.000000000000000000e+00
4.218674087524414062e+01,-9.677419662475585938e+00,4.829999923706054688e+01,0.000000000000000000e+00,0.000000000000000000e+00,-1.000000000000000000e+00
4.221105575561523438e+01,-1.000000000000000000e+01,4.829999923706054688e+01,0.000000000000000000e+00,0.000000000000000000e+00,-1.000000000000000000e+00
4.221105575561523438e+01,-1.000000000000000000e+01,4.829999923706054688e+01,0.000000000000000000e+00,0.000000000000000000e+00,-1.000000000000000000e+00
4.223537063598632812e+01,-9.677419662475585938e+00,4.829999923706054688e+01,0.000000000000000000e+00,0.000000000000000000e+00,-1.000000000000000000e+00
4.225968551635742188e+01,-9.354838371276855469e+00,4.829999923706054688e+01,0.000000000000000000e+00,0.000000000000000000e+00,-1.000000000000000000e+00
4.228400039672851562e+01,-9.032258033752441406e+00,4.829999923706054688e+01,0.000000000000000000e+00,0.000000000000000000e+00,-1.000000000000000000e+00
4.230831527709960938e+01,-8.709677696228027344e+00,4.829999923706054688e+01,0.000000000000000000e+00,0.000000000000000000e+00,-1.000000000000000000e+00
4.233263015747070312e+01,-8.387096405029296875e+00,4.829999923706054688e+01,0.000000000000000000e+00,0.000000000000000000e+00,-1.000000000000000000e+00
4.235694503784179688e+01,-8.064516067504882812e+00,4.829999923706054688e+01,0.000000000000000000e+00,0.000000000000000000e+00,-1.000000000000000000e+00
4.238125991821289062e+01,-7.741935253143310547e+00,4.829999923706054688e+01,0.000000000000000000e+00,0.000000000000000000e+00,-1.000000000000000000e+00
4.240557479858398438e+01,-7.419354915618896484e+00,4.829999923706054688e+01,0.000000000000000000e+00,0.000000000000000000e+00,-1.000000000000000000e+00
4.242988967895507812e+01,-7.096774101257324219e+00,4.829999923706054688e+01,0.000000000000000000e+00,0.000000000000000000e+00,-1.000000000000000000e+00
4.245420837402343750e+01,-6.774193763732910156e+00,4.829999923706054688e+01,0.000000000000000000e+00,0.000000000000000000e+00,-1.000000000000000000e+00
4.247852325439453125e+01,-6.451612949371337891e+00,4.829999923706054688e+01,0.000000000000000000e+00,0.000000000000000000e+00,-1.000000000000000000e+00
4.250283813476562500e+01,-6.129032135009765625e+00,4.829999923706054688e+01,0.000000000000000000e+00,0.000000000000000000e+00,-1.000000000000000000e+00
4.252715301513671875e+01,-5.806451797485351562e+00,4.829999923706054688e+01,0.000000000000000000e+00,0.000000000000000000e+00,-1.000000000000000000e+00
4.255146789550781250e+01,-5.483870983123779297e+00,4.829999923706054688e+01,0.000000000000000000e+00,0.000000000000000000e+00,-1.000000000000000000e+00
4.257578277587890625e+01,-5.161290168762207031e+00,4.829999923706054688e+01,0.000000000000000000e+00,0.000000000000000000e+00,-1.000000000000000000e+00
4.260009765625000000e+01,-4.838709831237792969e+00,4.829999923706054688e+01,0.000000000000000000e+00,0.000000000000000000e+00,-1.000000000000000000e+00
4.262441253662109375e+01,-4.516129016876220703e+00,4.829999923706054688e+01,0.000000000000000000e+00,0.000000000000000000e+00,-1.000000000000000000e+00
4.264872741699218750e+01,-4.193548202514648438e+00,4.829999923706054688e+01,0.000000000000000000e+00,0.000000000000000000e+00,-1.000000000000000000e+00
4.267304229736328125e+01,-3.870967626571655273e+00,4.829999923706054688e+01,0.000000000000000000e+00,0.000000000000000000e+00,-1.000000000000000000e+00
4.269735717773437500e+01,-3.548387050628662109e+00,4.829999923706054688e+01,0.000000000000000000e+00,0.000000000000000000e+00,-1.000000000000000000e+00
4.272167205810546875e+01,-3.225806474685668945e+00,4.829999923706054688e+01,0.000000000000000000e+00,0.000000000000000000e+00,-1.000000000000000000e+00
4.274598693847656250e+01,-2.903225898742675781e+00,4.829999923706054688e+01,0.000000000000000000e+00,0.000000000000000000e+00,-1.000000000000000000e+00
4.277030181884765625e+01,-2.580645084381103516e+00,4.829999923706054688e+01,0.000000000000000000e+00,0.000000000000000000e+00,-1.000000000000000000e+00
4.279461669921875000e+01,-2.258064508438110352e+00,4.829999923706054688e+01,0.000000000000000000e+00,0.000000000000000000e+00,-1.000000000000000000e+00
4.281893157958984375e+01,-1.935483813285827637e+00,4.829999923706054688e+01,0.000000000000000000e+00,0.000000000000000000e+00,-1.000000000000000000e+00
4.284325027465820312e+01,-1.612903237342834473e+00,4.829999923706054688e+01,0.000000000000000000e+00,0.000000000000000000e+00,-1.000000000000000000e+00
4.286756515502929688e+01,-1.290322542190551758e+00,4.829999923706054688e+01,0.000000000000000000e+00,0.000000000000000000e+00,-1.000000000000000000e+00
4.289188003540039062e+01,-9.677419066429138184e-01,4.829999923706054688e+01,0.000000000000000000e+00,0.000000000000000000e+00,-1.000000000000000000e+00
4.291619491577148438e+01,-6.451612710952758789e-01,4.829999923706054688e+01,0.000000000000000000e+00,0.000000000000000000e+00,-1.000000000000000000e+00
4.294050979614257812e+01,-3.225806355476379395e-01,4.829999923706054688e+01,0.000000000000000000e+00,0.000000000000000000e+00,-1.000000000000000000e+00
4.246231079101562500e+01,0.000000000000000000e+00,4.829999923706054688e+01,0.000000000000000000e+00,0.000000000000000000e+00,-1.000000000000000000e+00
4.248662567138671875e+01,3.225806355476379395e-01,4.829999923706054688e+01,0.000000000000000000e+00,0.000000000000000000e+00,-1.000000000000000000e+00
4.251094055175781250e+01,6.451612710952758789e-01,4.829999923706054688e+01,0.000000000000000000e+00,0.000000000000000000e+00,-1.000000000000000000e+00
4.253525543212890625e+01,9.677419066429138184e-01,4.829999923706054688e+01,0.000000000000000000e+00,0.000000000000000000e+00,-1.000000000000000000e+00
4.255957031250000000e+01,1.290322542190551758e+00,4.829999923706054688e+01,0.000000000000000000e+00,0.000000000000000000e+00,-1.000000000000000000e+00
4.258388900756835938e+01,1.612903237342834473e+00,4.829999923706054688e+01,0.000000000000000000e+00,0.000000000000000000e+00,-1.000000000000000000e+00
4.260820388793945312e+01,1.935483813285827637e+00,4.829999923706054688e+01,0.000000000000000000e+00,0.000000000000000000e+00,-1.000000000000000000e+00
4.263251876831054688e+01,2.258064508438110352e+00,4.829999923706054688e+01,0.000000000000000000e+00,0.000000000000000000e+00,-1.000000000000000000e+00
4.265683364868164062e+01,2.580645084381103516e+00,4.829999923706054688e+01,0.000000000000000000e+00,0.000000000000000000e+00,-1.000000000000000000e+00
4.268114852905273438e+01,2.903225898742675781e+00,4.829999923706054688e+01,0.000000000000000000e+00,0.000000000000000000e+00,-1.000000000000000000e+00
4.270546340942382812e+01,3.225806474685668945e+00,4.829999923706054688e+01,0.000000000000000000e+00,0.000000000000000000e+00,-1.000000000000000000e+00
4.272977828979492188e+01,3.548387050628662109e+00,4.829999923706054688e+01,0.000000000000000000e+00,0.000000000000000000e+00,-1.000000000000000000e+00
4.275409317016601562e+01,3.870967626571655273e+00,4.829999923706054688e+01,0.000000000000000000e+00,0.000000000000000000e+00,-1.000000000000000000e+00
4.277840805053710938e+01,4.193548202514648438e+00,4.829999923706054688e+01,0.000000000000000000e+00,0.000000000000000000e+00,-1.000000000000000000e+00
4.280272293090820312e+01,4.516129016876220703e+00,4.829999923706054688e+01,0.000000000000000000e+00,0.000000000000000000e+00,-1.000000000000000000e+00
4.282703781127929688e+01,4.838709831237792969e+00,4.829999923706054688e+01,0.000000000000000000e+00,0.000000000000000000e+00,-1.000000000000000000e+00
4.285135269165039062e+01,5.161290168762207031e+00,4.829999923706054688e+01,0.000000000000000000e+00,0.000000000000000000e+00,-1.000000000000000000e+00
4.287566757202148438e+01,5.483870983123779297e+00,4.829999923706054688e+01,0.000000000000000000e+00,0.000000000000000000e+00,-1.000000000000000000e+00
4.289998245239257812e+01,5.806451797485351562e+00,4.829999923706054688e+01,0.000000000000000000e+00,0.000000000000000000e+00,-1.000000000000000000e+00
4.292429733276367188e+01,6.129032135009765625e+00,4.829999923706054688e+01,0.000000000000000000e+00,0.000000000000000000e+00,-1.000000000000000000e+00
4.294861221313476562e+01,6.451612949371337891e+00,4.829999923706054688e+01,0.000000000000000000e+00,0.000000000000000000e+00,-1.000000000000000000e+00
4.297293090820312500e+01,6.774193763732910156e+00,4.829999923706054688e+01,0.000000000000000000e+00,0.000000000000000000e+00,-1.000000000000000000e+00
4.299724578857421875e+01,7.096774101257324219e+00,4.829999923706054688e+01,0.000000000000000000e+00,0.000000000000000000e+00,-1.000000000000000000e+00
4.302156066894531250e+01,7.419354915618896484e+00,4.829999923706054688e+01,0.000000000000000000e+00,0.000000000000000000e+00,-1.000000000000000000e+00
4.304587554931640625e+01,7.741935253143310547e+00,4.829999923706054688e+01,0.000000000000000000e+00,0.000000000000000000e+00,-1.000000000000000000e+00
4.307019042968750000e+01,8.064516067504882812e+00,4.829999923706054688e+01,0.000000000000000000e+00,0.000000000000000000e+00,-1.000000000000000000e+00
4.309450531005859375e+01,8.387096405029296875e+00,4.829999923706054688e+01,0.000000000000000000e+00,0.000000000000000000e+00,-1.000000000000000000e+00
4.311882019042968750e+01,8.709677696228027344e+00,4.829999923706054688e+01,0.000000000000000000e+00,0.000000000000000000e+00,-1.000000000000000000e+00
4.314313507080078125e+01,9.032258033752441406e+00,4.829999923706054688e+01,0.000000000000000000e+00,0.000000000000000000e+00,-1.000000000000000000e+00
4.316744995117187500e+01,9.354838371276855469e+00,4.829999923706054688e+01,0.000000000000000000e+00,0.000000000000000000e+00,-1.000000000000000000e+00
4.319176483154296875e+01,9.677419662475585938e+00,4.829999923706054688e+01,0.000000000000000000e+00,0.000000000000000000e+00,-1.000000000000000000e+00
4.321607971191406250e+01,1.000000000000000000e+01,4.829999923706054688e+01,0.000000000000000000e+00,0.000000000000000000e+00,-1.000000000000000000e+00
4.321607971191406250e+01,1.000000000000000000e+01,4.829999923706054688e+01,0.000000000000000000e+00,0.000000000000000000e+00,-1.000000000000000000e+00
4.324039459228515625e+01,9.677419662475585938e+00,4.829999923706054688e+01,0.000000000000000000e+00,0.000000000000000000e+00,-1.000000000000000000e+00
4.326470947265625000e+01,9.354838371276855469e+00,4.829999923706054688e+01,0.000000000000000000e+00,0.000000000000000000e+00,-1.000000000000000000e+00
4.328902435302734375e+01,9.032258033752441406e+00,4.829999923706054688e+01,0.000000000000000000e+00,0.000000000000000000e+00,-1.000000000000000000e+00
4.331333923339843750e+01,8.709677696228027344e+00,4.829999923706054688e+01,0.000000000000000000e+00,0.000000000000000000e+00,-1.000000000000000000e+00
4.333765792846679688e+01,8.387096405029296875e+00,4.829999923706054688e+01,0.000000000000000000e+00,0.000000000000000000e+00,-1.000000000000000000e+00
4.336197280883789062e+01,8.064516067504882812e+00,4.829999923706054688e+01,0.000000000000000000e+00,0.000000000000000000e+00,-1.000000000000000000e+00
4.338628768920898438e+01,7.741935253143310547e+00,4.829999923706054688e+01,0.000000000000000000e+00,0.000000000000000000e+00,-1.000000000000000000e+00
4.341060256958007812e+01,7.419354915618896484e+00,4.829999923706054688e+01,0.000000000000000000e+00,0.000000000000000000e+00,-1.000000000000000000e+00
4.343491744995117188e+01,7.096774101257324219e+00,4.829999923706054688e+01,0.000000000000000000e+00,0.000000000000000000e+00,-1.000000000000000000e+00
4.345923233032226562e+01,6.774193763732910156e+00,4.829999923706054688e+01,0.000000000000000000e+00,0.000000000000000000e+00,-1.000000000000000000e+00
4.348354721069335938e+01,6.451612949371337891e+00,4.829999923706054688e+01,0.000000000000000000e+00,0.000000000000000000e+00,-1.000000000000000000e+00
4.350786209106445312e+01,6.129032135009765625e+00,4.829999923706054688e+01,0.000000000000000000e+00,0.000000000000000000e+00,-1.000000000000000000e+00
4.353217697143554688e+01,5.806451797485351562e+00,4.829999923706054688e+01,0.000000000000000000e+00,0.000000000000000000e+00,-1.000000000000000000e+00
4.355649185180664062e+01,5.483870983123779297e+00,4.829999923706054688e+01,0.000000000000000000e+00,0.000000000000000000e+00,-1.000000000000000000e+00
4.358080673217773438e+01,5.161290168762207031e+00,4.829999923706054688e+01,0.000000000000000000e+00,0.000000000000000000e+00,-1.000000000000000000e+00
4.360512161254882812e+01,4.838709831237792969e+00,4.829999923706054688e+01,0.000000000000000000e+00,0.000000000000000000e+00,-1.000000000000000000e+00
4.362943649291992188e+01,4.516129016876220703e+00,4.829999923706054688e+01,0.000000000000000000e+00,0.000000000000000000e+00,-1.000000000000000000e+00
4.365375137329101562e+01,4.193548202514648438e+00,4.829999923706054688e+01,0.000000000000000000e+00,0.000000000000000000e+00,-1.000000000000000000e+00
4.367806625366210938e+01,3.870967626571655273e+00,4.829999923706054688e+01,0.000000000000000000e+00,0.000000000000000000e+00,-1.000000000000000000e+00
4.370238113403320312e+01,3.548387050628662109e+00,4.829999923706054688e+01,0.000000000000000000e+00,0.000000000000000000e+00,-1.000000000000000000e+00
4.372669982910156250e+01,3.225806474685668945e+00,4.829999923706054688e+01,0.000000000000000000e+00,0.000000000000000000e+00,-1.000000000000000000e+00
4.375101470947265625e+01,2.903225898742675781e+00,4.829999923706054688e+01,0.000000000000000000e+00,0.000000000000000000e+00,-1.000000000000000000e+00
4.377532958984375000e+01,2.580645084381103516e+00,4.829999923706054688e+01,0.000000000000000000e+00,0.000000000000000000e+00,-1.000000000000000000e+00
4.379964447021484375e+01,2.258064508438110352e+00,4.829999923706054688e+01,0.000000000000000000e+00,0.000000000000000000e+00,-1.000000000000000000e+00
4.382395935058593750e+01,1.935483813285827637e+00,4.829999923706054688e+01,0.000000000000000000e+00,0.000000000000000000e+00,-1.000000000000000000e+00
4.384827423095703125e+01,1.612903237342834473e+00,4.829999923706054688e+01,0.000000000000000000e+00,0.000000000000000000e+00,-1.000000000000000000e+00
4.387258911132812500e+01,1.290322542190551758e+00,4.829999923706054688e+01,0.000000000000000000e+00,0.000000000000000000e+00,-1.000000000000000000e+00
4.389690399169921875e+01,9.677419066429138184e-01,4.829999923706054688e+01,0.000000000000000000e+00,0.000000000000000000e+00,-1.000000000000000000e+00
4.392121887207031250e+01,6.451612710952758789e-01,4.829999923706054688e+01,0.000000000000000000e+00,0.000000000000000000e+00,-1.000000000000000000e+00
4.394553375244140625e+01,3.225806355476379395e-01,4.829999923706054688e+01,0.000000000000000000e+00,0.000000000000000000e+00,-1.000000000000000000e+00
4.346733856201171875e+01,0.000000000000000000e+00,4.829999923706054688e+01,0.000000000000000000e+00,0.000000000000000000e+00,-1.000000000000000000e+00
4.349165344238281250e+01,-3.225806355476379395e-01,4.829999923706054688e+01,0.000000000000000000e+00,0.000000000000000000e+00,-1.000000000000000000e+00
4.351596832275390625e+01,-6.451612710952758789e-01,4.829999923706054688e+01,0.000000000000000000e+00,0.000000000000000000e+00,-1.000000000000000000e+00
4.354028320312500000e+01,-9.677419066429138184e-01,4.829999923706054688e+01,0.000000000000000000e+00,0.000000000000000000e+00,-1.000000000000000000e+00
4.356459808349609375e+01,-1.290322542190551758e+00,4.829999923706054688e+01,0.000000000000000000e+00,0.000000000000000000e+00,-1.000000000000000000e+00
4.358891296386718750e+01,-1.612903237342834473e+00,4.829999923706054688e+01,0.000000000000000000e+00,0.000000000000000000e+00,-1.000000000000000000e+00
4.361322784423828125e+01,-1.935483813285827637e+00,4.829999923706054688e+01,0.000000000000000000e+00,0.000000000000000000e+00,-1.000000000000000000e+00
4.363754272460937500e+01,-2.258064508438110352e+00,4.829999923706054688e+01,0.000000000000000000e+00,0.000000000000000000e+00,-1.000000000000000000e+00
4.366185760498046875e+01,-2.580645084381103516e+00,4.829999923706054688e+01,0.000000000000000000e+00,0.000000000000000000e+00,-1.000000000000000000e+00
4.368617248535156250e+01,-2.903225898742675781e+00,4.829999923706054688e+01,0.000000000000000000e+00,0.000000000000000000e+00,-1.000000000000000000e+00
4.371048736572265625e+01,-3.225806474685668945e+00,4.829999923706054688e+01,0.000000000000000000e+00,0.000000000000000000e+00,-1.000000000000000000e+00
4.373480224609375000e+01,-3.548387050628662109e+00,4.829999923706054688e+01,0.000000000000000000e+00,0.000000000000000000e+00,-1.000000000000000000e+00
4.375911712646484375e+01,-3.870967626571655273e+00,4.829999923706054688e+01,0.000000000000000000e+00,0.000000000000000000e+00,-1.000000000000000000e+00
4.378343200683593750e+01,-4.193548202514648438e+00,4.829999923706054688e+01,0.000000000000000000e+00,0.000000000000000000e+00,-1.000000000000000000e+00
4.380774688720703125e+01,-4.516129016876220703e+00,4.829999923706054688e+01,0.000000000000000000e+00,0.000000000000000000e+00,-1.000000000000000000e+00
4.383206176757812500e+01,-4.838709831237792969e+00,4.829999923706054688e+01,0.000000000000000000e+00,0.000000000000000000e+00,-1.000000000000000000e+00
4.385638046264648438e+01,-5.161290168762207031e+00,4.829999923706054688e+01,0.000000000000000000e+00,0.000000000000000000e+00,-1.000000000000000000e+00
4.388069534301757812e+01,-5.483870983123779297e+00,4.829999923706054688e+01,0.000000000000000000e+00,0.000000000000000000e+00,-1.000000000000000000e+00
4.390501022338867188e+01,-5.806451797485351562e+00,4.829999923706054688e+01,0.000000000000000000e+00,0.000000000000000000e+00,-1.000000000000000000e+00
4.392932510375976562e+01,-6.129032135009765625e+00,4.829999923706054688e+01,0.000000000000000000e+00,0.000000000000000000e+00,-1.000000000000000000e+00
4.395363998413085938e+01,-6.451612949371337891e+00,4.829999923706054688e+01,0.000000000000000000e+00,0.000000000000000000e+00,-1.000000000000000000e+00
4.397795486450195312e+01,-6.774193763732910156e+00,4.829999923706054688e+01,0.000000000000000000e+00,0.000000000000000000e+00,-1.000000000000000000e+00
4.400226974487304688e+01,-7.096774101257324219e+00,4.829999923706054688e+01,0.000000000000000000e+00,0.000000000000000000e+00,-1.000000000000000000e+00
4.402658462524414062e+01,-7.419354915618896484e+00,4.829999923706054688e+01,0.000000000000000000e+00,0.000000000000000000e+00,-1.000000000000000000e+00
4.405089950561523438e+01,-7.741935253143310547e+00,4.829999923706054688e+01,0.000000000000000000e+00,0.000000000000000000e+00,-1.000000000000000000e+00
4.407521438598632812e+01,-8.064516067504882812e+00,4.829999923706054688e+01,0.000000000000000000e+00,0.000000000000000000e+00,-1.000000000000000000e+00
4.409952926635742188e+01,-8.387096405029296875e+00,4.829999923706054688e+01,0.000000000000000000e+00,0.000000000000000000e+00,-1.000000000000000000e+00
4.412384414672851562e+01,-8.709677696228027344e+00,4.829999923706054688e+01,0.000000000000000000e+00,0.000000000000000000e+00,-1.000000000000000000e+00
4.414815902709960938e+01,-9.032258033752441406e+00,4.829999923706054688e+01,0.000000000000000000e+00,0.000000000000000000e+00,-1.000000000000000000e+00
4.417247390747070312e+01,-9.354838371276855469e+00,4.829999923706054688e+01,0.000000000000000000e+00,0.000000000000000000e+00,-1.000000000000000000e+00
4.419678878784179688e+01,-9.677419662475585938e+00,4.829999923706054688e+01,0.000000000000000000e+00,0.000000000000000000e+00,-1.000000000000000000e+00
4.422110366821289062e+01,-1.000000000000000000e+01,4.829999923706054688e+01,0.000000000000000000e+00,0.000000000000000000e+00,-1.000000000000000000e+00
4.422110366821289062e+01,-1.000000000000000000e+01,4.829999923706054688e+01,0.000000000000000000e+00,0.000000000000000000e+00,-1.000000000000000000e+00
4.424542236328125000e+01,-9.677419662475585938e+00,4.829999923706054688e+01,0.000000000000000000e+00,0.000000000000000000e+00,-1.000000000000000000e+00
4.426973724365234375e+01,-9.354838371276855469e+00,4.829999923706054688e+01,0.000000000000000000e+00,0.000000000000000000e+00,-1.000000000000000000e+00
4.429405212402343750e+01,-9.032258033752441406e+00,4.829999923706054688e+01,0.000000000000000000e+00,0.000000000000000000e+00,-1.000000000000000000e+00
4.431836700439453125e+01,-8.709677696228027344e+00,4.829999923706054688e+01,0.000000000000000000e+00,0.000000000000000000e+00,-1.000000000000000000e+00
4.434268188476562500e+01,-8.387096405029296875e+00,4.829999923706054688e+01,0.000000000000000000e+00,0.000000000000000000e+00,-1.000000000000000000e+00
4.436699676513671875e+01,-8.064516067504882812e+00,4.829999923706054688e+01,0.000000000000000000e+00,0.000000000000000000e+00,-1.000000000000000000e+00
4.439131164550781250e+01,-7.741935253143310547e+00,4.829999923706054688e+01,0.000000000000000000e+00,0.000000000000000000e+00,-1.000000000000000000e+00
4.441562652587890625e+01,-7.419354915618896484e+00,4.829999923706054688e+01,0.000000000000000000e+00,0.000000000000000000e+00,-1.000000000000000000e+00
4.443994140625000000e+01,-7.096774101257324219e+00,4.829999923706054688e+01,0.000000000000000000e+00,0.000000000000000000e+00,-1.000000000000000000e+00
4.446425628662109375e+01,-6.774193763732910156e+00,4.829999923706054688e+01,0.000000000000000000e+00,0.000000000000000000e+00,-1.000000000000000000e+00
4.448857116699218750e+01,-6.451612949371337891e+00,4.829999923706054688e+01,0.000000000000000000e+00,0.000000000000000000e+00,-1.000000000000000000e+00
4.451288604736328125e+01,-6.129032135009765625e+00,4.829999923706054688e+01,0.000000000000000000e+00,0.000000000000000000e+00,-1.000000000000000000e+00
4.453720092773437500e+01,-5.806451797485351562e+00,4.829999923706054688e+01,0.000000000000000000e+00,0.000000000000000000e+00,-1.000000000000000000e+00
4.456151580810546875e+01,-5.483870983123779297e+00,4.829999923706054688e+01,0.000000000000000000e+00,0.000000000000000000e+00,-1.000000000000000000e+00
4.458583068847656250e+01,-5.161290168762207031e+00,4.829999923706054688e+01,0.000000000000000000e+00,0.000000000000000000e+00,-1.000000000000000000e+00
4.461014938354492188e+01,-4.838709831237792969e+00,4.829999923706054688e+01,0.000000000000000000e+00,0.000000000000000000e+00,-1.000000000000000000e+00
4.463446426391601562e+01,-4.516129016876220703e+00,4.829999923706054688e+01,0.000000000000000000e+00,0.000000000000000000e+00,-1.000000000000000000e+00
4.465877914428710938e+01,-4.193548202514648438e+00,4.829999923706054688e+01,0.000000000000000000e+00,0.000000000000000000e+00,-1.000000000000000000e+00
4.468309402465820312e+01,-3.870967626571655273e+00,4.829999923706054688e+01,0.000000000000000000e+00,0.000000000000000000e+00,-1.000000000000000000e+00
4.470740890502929688e+01,-3.548387050628662109e+00,4.829999923706054688e+01,0.000000000000000000e+00,0.000000000000000000e+00,-1.000000000000000000e+00
4.473172378540039062e+01,-3.225806474685668945e+00,4.829999923706054688e+01,0.000000000000000000e+00,0.000000000000000000e+00,-1.000000000000000000e+00
4.475603866577148438e+01,-2.903225898742675781e+00,4.829999923706054688e+01,0.000000000000000000e+00,0.000000000000000000e+00,-1.000000000000000000e+00
4.478035354614257812e+01,-2.580645084381103516e+00,4.829999923706054688e+01,0.000000000000000000e+00,0.000000000000000000e+00,-1.000000000000000000e+00
4.480466842651367188e+01,-2.258064508438110352e+00,4.829999923706054688e+01,0.000000000000000000e+00,0.000000000000000000e+00,-1.000000000000000000e+00
4.482898330688476562e+01,-1.935483813285827637e+00,4.829999923706054688e+01,0.000000000000000000e+00,0.000000000000000000e+00,-1.000000000000000000e+00
4.485329818725585938e+01,-1.612903237342834473e+00,4.829999923706054688e+01,0.000000000000000000e+00,0.000000000000000000e+00,-1.000000000000000000e+00
4.487761306762695312e+01,-1.290322542190551758e+00,4.829999923706054688e+01,0.000000000000000000e+00,0.000000000000000000e+00,-1.000000000000000000e+00
4.490192794799804688e+01,-9.677419066429138184e-01,4.829999923706054688e+01,0.000000000000000000e+00,0.000000000000000000e+00,-1.000000000000000000e+00
4.492624282836914062e+01,-6.451612710952758789e-01,4.829999923706054688e+01,0.000000000000000000e+00,0.000000000000000000e+00,-1.000000000000000000e+00
4.495055770874023438e+01,-3.225806355476379395e-01,4.829999923706054688e+01,0.000000000000000000e+00,0.000000000000000000e+00,-1.000000000000000000e+00
4.447236251831054688e+01,0.000000000000000000e+00,4.829999923706054688e+01,0.000000000000000000e+00,0.000000000000000000e+00,-1.000000000000000000e+00
4.449667739868164062e+01,3.225806355476379395e-01,4.829999923706054688e+01,0.000000000000000000e+00,0.000000000000000000e+00,-1.000000000000000000e+00
4.452099227905273438e+01,6.451612710952758789e-01,4.829999923706054688e+01,0.000000000000000000e+00,0.000000000000000000e+00,-1.000000000000000000e+00
4.454530715942382812e+01,9.677419066429138184e-01,4.829999923706054688e+01,0.000000000000000000e+00,0.000000000000000000e+00,-1.000000000000000000e+00
4.456962203979492188e+01,1.290322542190551758e+00,4.829999923706054688e+01,0.000000000000000000e+00,0.000000000000000000e+00,-1.000000000000000000e+00
4.459393692016601562e+01,1.612903237342834473e+00,4.829999923706054688e+01,0.000000000000000000e+00,0.000000000000000000e+00,-1.000000000000000000e+00
4.461825180053710938e+01,1.935483813285827637e+00,4.829999923706054688e+01,0.000000000000000000e+00,0.000000000000000000e+00,-1.000000000000000000e+00
4.464256668090820312e+01,2.258064508438110352e+00,4.829999923706054688e+01,0.000000000000000000e+00,0.000000000000000000e+00,-1.000000000000000000e+00
4.466688156127929688e+01,2.580645084381103516e+00,4.829999923706054688e+01,0.000000000000000000e+00,0.000000000000000000e+00,-1.000000000000000000e+00
4.469119644165039062e+01,2.903225898742675781e+00,4.829999923706054688e+01,0.000000000000000000e+00,0.000000000000000000e+00,-1.000000000000000000e+00
4.471551132202148438e+01,3.225806474685668945e+00,4.829999923706054688e+01,0.000000000000000000e+00,0.000000000000000000e+00,-1.000000000000000000e+00
4.473983001708984375e+01,3.548387050628662109e+00,4.829999923706054688e+01,0.000000000000000000e+00,0.000000000000000000e+00,-1.000000000000000000e+00
4.476414489746093750e+01,3.870967626571655273e+00,4.829999923706054688e+01,0.000000000000000000e+00,0.000000000000000000e+00,-1.000000000000000000e+00
4.478845977783203125e+01,4.193548202514648438e+00,4.829999923706054688e+01,0.000000000000000000e+00,0.000000000000000000e+00,-1.000000000000000000e+00
4.481277465820312500e+01,4.516129016876220703e+00,4.829999923706054688e+01,0.000000000000000000e+00,0.000000000000000000e+00,-1.000000000000000000e+00
4.483708953857421875e+01,4.838709831237792969e+00,4.829999923706054688e+01,0.000000000000000000e+00,0.000000000000000000e+00,-1.000000000000000000e+00
4.486140441894531250e+01,5.161290168762207031e+00,4.829999923706054688e+01,0.000000000000000000e+00,0.000000000000000000e+00,-1.000000000000000000e+00
4.488571929931640625e+01,5.483870983123779297e+00,4.829999923706054688e+01,0.000000000000000000e+00,0.000000000000000000e+00,-1.000000000000000000e+00
4.491003417968750000e+01,5.806451797485351562e+00,4.829999923706054688e+01,0.000000000000000000e+00,0.000000000000000000e+00,-1.000000000000000000e+00
4.493434906005859375e+01,6.129032135009765625e+00,4.829999923706054688e+01,0.000000000000000000e+00,0.000000000000000000e+00,-1.000000000000000000e+00
4.495866394042968750e+01,6.451612949371337891e+00,4.829999923706054688e+01,0.000000000000000000e+00,0.000000000000000000e+00,-1.000000000000000000e+00
4.498297882080078125e+01,6.774193763732910156e+00,4.829999923706054688e+01,0.000000000000000000e+00,0.000000000000000000e+00,-1.000000000000000000e+00
4.500729370117187500e+01,7.096774101257324219e+00,4.829999923706054688e+01,0.000000000000000000e+00,0.000000000000000000e+00,-1.000000000000000000e+00
4.503160858154296875e+01,7.419354915618896484e+00,4.829999923706054688e+01,0.000000000000000000e+00,0.000000000000000000e+00,-1.000000000000000000e+00
4.505592346191406250e+01,7.741935253143310547e+00,4.829999923706054688e+01,0.000000000000000000e+00,0.000000000000000000e+00,-1.000000000000000000e+00
4.508023834228515625e+01,8.064516067504882812e+00,4.829999923706054688e+01,0.000000000000000000e+00,0.000000000000000000e+00,-1.000000000000000000e+00
4.510455322265625000e+01,8.387096405029296875e+00,4.829999923706054688e+01,0.000000000000000000e+00,0.000000000000000000e+00,-1.000000000000000000e+00
4.512887191772460938e+01,8.709677696228027344e+00,4.829999923706054688e+01,0.000000000000000000e+00,0.000000000000000000e+00,-1.000000000000000000e+00
4.515318679809570312e+01,9.032258033752441406e+00,4.829999923706054688e+01,0.000000000000000000e+00,0.000000000000000000e+00,-1.000000000000000000e+00
4.517750167846679688e+01,9.354838371276855469e+00,4.829999923706054688e+01,0.000000000000000000e+00,0.000000000000000000e+00,-1.000000000000000000e+00
4.520181655883789062e+01,9.677419662475585938e+00,4.829999923706054688e+01,0.000000000000000000e+00,0.000000000000000000e+00,-1.000000000000000000e+00
4.522613143920898438e+01,1.000000000000000000e+01,4.829999923706054688e+01,0.000000000000000000e+00,0.000000000000000000e+00,-1.000000000000000000e+00
4.522613143920898438e+01,1.000000000000000000e+01,4.829999923706054688e+01,0.000000000000000000e+00,0.000000000000000000e+00,-1.000000000000000000e+00
4.525044631958007812e+01,9.677419662475585938e+00,4.829999923706054688e+01,0.000000000000000000e+00,0.000000000000000000e+00,-1.000000000000000000e+00
4.527476119995117188e+01,9.354838371276855469e+00,4.829999923706054688e+01,0.000000000000000000e+00,0.000000000000000000e+00,-1.000000000000000000e+00
4.529907608032226562e+01,9.032258033752441406e+00,4.829999923706054688e+01,0.000000000000000000e+00,0.000000000000000000e+00,-1.000000000000000000e+00
4.532339096069335938e+01,8.709677696228027344e+00,4.829999923706054688e+01,0.000000000000000000e+00,0.000000000000000000e+00,-1.000000000000000000e+00
4.534770584106445312e+01,8.387096405029296875e+00,4.829999923706054688e+01,0.000000000000000000e+00,0.000000000000000000e+00,-1.000000000000000000e+00
4.537202072143554688e+01,8.064516067504882812e+00,4.829999923706054688e+01,0.000000000000000000e+00,0.000000000000000000e+00,-1.000000000000000000e+00
4.539633560180664062e+01,7.741935253143310547e+00,4.829999923706054688e+01,0.000000000000000000e+00,0.000000000000000000e+00,-1.000000000000000000e+00
4.542065048217773438e+01,7.419354915618896484e+00,4.829999923706054688e+01,0.000000000000000000e+00,0.000000000000000000e+00,-1.000000000000000000e+00
4.544496536254882812e+01,7.096774101257324219e+00,4.829999923706054688e+01,0.000000000000000000e+00,0.000000000000000000e+00,-1.000000000000000000e+00
4.546928024291992188e+01,6.774193763732910156e+00,4.829999923706054688e+01,0.000000000000000000e+00,0.000000000000000000e+00,-1.000000000000000000e+00
4.549359512329101562e+01,6.451612949371337891e+00,4.829999923706054688e+01,0.000000000000000000e+00,0.000000000000000000e+00,-1.000000000000000000e+00
4.551791381835937500e+01,6.129032135009765625e+00,4.829999923706054688e+01,0.000000000000000000e+00,0.000000000000000000e+00,-1.000000000000000000e+00
4.554222869873046875e+01,5.806451797485351562e+00,4.829999923706054688e+01,0.000000000000000000e+00,0.000000000000000000e+00,-1.000000000000000000e+00
4.556654357910156250e+01,5.483870983123779297e+00,4.829999923706054688e+01,0.000000000000000000e+00,0.000000000000000000e+00,-1.000000000000000000e+00
4.559085845947265625e+01,5.161290168762207031e+00,4.829999923706054688e+01,0.000000000000000000e+00,0.000000000000000000e+00,-1.000000000000000000e+00
4.561517333984375000e+01,4.838709831237792969e+00,4.829999923706054688e+01,0.000000000000000000e+00,0.000000000000000000e+00,-1.000000000000000000e+00
4.563948822021484375e+01,4.516129016876220703e+00,4.829999923706054688e+01,0.000000000000000000e+00,0.000000000000000000e+00,-1.000000000000000000e+00
4.566380310058593750e+01,4.193548202514648438e+00,4.829999923706054688e+01,0.000000000000000000e+00,0.000000000000000000e+00,-1.000000000000000000e+00
4.568811798095703125e+01,3.870967626571655273e+00,4.829999923706054688e+01,0.000000000000000000e+00,0.000000000000000000e+00,-1.000000000000000000e+00
4.571243286132812500e+01,3.548387050628662109e+00,4.829999923706054688e+01,0.000000000000000000e+00,0.000000000000000000e+00,-1.000000000000000000e+00
4.573674774169921875e+01,3.225806474685668945e+00,4.829999923706054688e+01,0.000000000000000000e+00,0.000000000000000000e+00,-1.000000000000000000e+00
4.576106262207031250e+01,2.903225898742675781e+00,4.829999923706054688e+01,0.000000000000000000e+00,0.000000000000000000e+00,-1.000000000000000000e+00
4.578537750244140625e+01,2.580645084381103516e+00,4.829999923706054688e+01,0.000000000000000000e+00,0.000000000000000000e+00,-1.000000000000000000e+00
4.580969238281250000e+01,2.258064508438110352e+00,4.829999923706054688e+01,0.000000000000000000e+00,0.000000000000000000e+00,-1.000000000000000000e+00
4.583400726318359375e+01,1.935483813285827637e+00,4.829999923706054688e+01,0.000000000000000000e+00,0.000000000000000000e+00,-1.000000000000000000e+00
4.585832214355468750e+01,1.612903237342834473e+00,4.829999923706054688e+01,0.000000000000000000e+00,0.000000000000000000e+00,-1.000000000000000000e+00
4.588264083862304688e+01,1.290322542190551758e+00,4.829999923706054688e+01,0.000000000000000000e+00,0.000000000000000000e+00,-1.000000000000000000e+00
4.590695571899414062e+01,9.677419066429138184e-01,4.829999923706054688e+01,0.000000000000000000e+00,0.000000000000000000e+00,-1.000000000000000000e+00
4.593127059936523438e+01,6.451612710952758789e-01,4.829999923706054688e+01,0.000000000000000000e+00,0.000000000000000000e+00,-1.000000000000000000e+00
4.595558547973632812e+01,3.225806355476379395e-01,4.829999923706054688e+01,0.000000000000000000e+00,0.000000000000000000e+00,-1.000000000000000000e+00
4.547738647460937500e+01,0.000000000000000000e+00,4.829999923706054688e+01,0.000000000000000000e+00,0.000000000000000000e+00,-1.000000000000000000e+00
4.550170135498046875e+01,-3.225806355476379395e-01,4.829999923706054688e+01,0.000000000000000000e+00,0.000000000000000000e+00,-1.000000000000000000e+00
4.552601623535156250e+01,-6.451612710952758789e-01,4.829999923706054688e+01,0.000000000000000000e+00,0.000000000000000000e+00,-1.000000000000000000e+00
4.555033111572265625e+01,-9.677419066429138184e-01,4.829999923706054688e+01,0.000000000000000000e+00,0.000000000000000000e+00,-1.000000000000000000e+00
4.557464599609375000e+01,-1.290322542190551758e+00,4.829999923706054688e+01,0.000000000000000000e+00,0.000000000000000000e+00,-1.000000000000000000e+00
4.559896087646484375e+01,-1.612903237342834473e+00,4.829999923706054688e+01,0.000000000000000000e+00,0.000000000000000000e+00,-1.000000000000000000e+00
4.562327957153320312e+01,-1.935483813285827637e+00,4.829999923706054688e+01,0.000000000000000000e+00,0.000000000000000000e+00,-1.000000000000000000e+00
4.564759445190429688e+01,-2.258064508438110352e+00,4.829999923706054688e+01,0.000000000000000000e+00,0.000000000000000000e+00,-1.000000000000000000e+00
4.567190933227539062e+01,-2.580645084381103516e+00,4.829999923706054688e+01,0.000000000000000000e+00,0.000000000000000000e+00,-1.000000000000000000e+00
4.569622421264648438e+01,-2.903225898742675781e+00,4.829999923706054688e+01,0.000000000000000000e+00,0.000000000000000000e+00,-1.000000000000000000e+00
4.572053909301757812e+01,-3.225806474685668945e+00,4.829999923706054688e+01,0.000000000000000000e+00,0.000000000000000000e+00,-1.000000000000000000e+00
4.574485397338867188e+01,-3.548387050628662109e+00,4.829999923706054688e+01,0.000000000000000000e+00,0.000000000000000000e+00,-1.000000000000000000e+00
4.576916885375976562e+01,-3.870967626571655273e+00,4.829999923706054688e+01,0.000000000000000000e+00,0.000000000000000000e+00,-1.000000000000000000e+00
4.579348373413085938e+01,-4.193548202514648438e+00,4.829999923706054688e+01,0.000000000000000000e+00,0.000000000000000000e+00,-1.000000000000000000e+00
4.581779861450195312e+01,-4.516129016876220703e+00,4.829999923706054688e+01,0.000000000000000000e+00,0.000000000000000000e+00,-1.000000000000000000e+00
4.584211349487304688e+01,-4.838709831237792969e+00,4.829999923706054688e+01,0.000000000000000000e+00,0.000000000000000000e+00,-1.000000000000000000e+00
4.586642837524414062e+01,-5.161290168762207031e+00,4.829999923706054688e+01,0.000000000000000000e+00,0.000000000000000000e+00,-1.000000000000000000e+00
4.589074325561523438e+01,-5.483870983123779297e+00,4.829999923706054688e+01,0.000000000000000000e+00,0.000000000000000000e+00,-1.000000000000000000e+00
4.591505813598632812e+01,-5.806451797485351562e+00,4.829999923706054688e+01,0.000000000000000000e+00,0.000000000000000000e+00,-1.000000000000000000e+00
4.593937301635742188e+01,-6.129032135009765625e+00,4.829999923706054688e+01,0.000000000000000000e+00,0.000000000000000000e+00,-1.000000000000000000e+00
4.596368789672851562e+01,-6.451612949371337891e+00,4.829999923706054688e+01,0.000000000000000000e+00,0.000000000000000000e+00,-1.000000000000000000e+00
4.598800277709960938e+01,-6.774193763732910156e+00,4.829999923706054688e+01,0.000000000000000000e+00,0.000000000000000000e+00,-1.000000000000000000e+00
4.601232147216796875e+01,-7.096774101257324219e+00,4.829999923706054688e+01,0.000000000000000000e+00,0.000000000000000000e+00,-1.000000000000000000e+00
4.603663635253906250e+01,-7.419354915618896484e+00,4.829999923706054688e+01,0.000000000000000000e+00,0.000000000000000000e+00,-1.000000000000000000e+00
4.606095123291015625e+01,-7.741935253143310547e+00,4.829999923706054688e+01,0.000000000000000000e+00,0.000000000000000000e+00,-1.000000000000000000e+00
4.608526611328125000e+01,-8.064516067504882812e+00,4.829999923706054688e+01,0.000000000000000000e+00,0.000000000000000000e+00,-1.000000000000000000e+00
4.610958099365234375e+01,-8.387096405029296875e+00,4.829999923706054688e+01,0.000000000000000000e+00,0.000000000000000000e+00,-1.000000000000000000e+00
4.613389587402343750e+01,-8.709677696228027344e+00,4.829999923706054688e+01,0.000000000000000000e+00,0.000000000000000000e+00,-1.000000000000000000e+00
4.615821075439453125e+01,-9.032258033752441406e+00,4.829999923706054688e+01,0.000000000000000000e+00,0.000000000000000000e+00,-1.000000000000000000e+00
4.618252563476562500e+01,-9.354838371276855469e+00,4.829999923706054688e+01,0.000000000000000000e+00,0.000000000000000000e+00,-1.000000000000000000e+00
4.620684051513671875e+01,-9.677419662475585938e+00,4.829999923706054688e+01,0.000000000000000000e+00,0.000000000000000000e+00,-1.000000000000000000e+00
4.623115539550781250e+01,-1.000000000000000000e+01,4.829999923706054688e+01,0.000000000000000000e+00,0.000000000000000000e+00,-1.000000000000000000e+00
4.623115539550781250e+01,-1.000000000000000000e+01,4.829999923706054688e+01,0.000000000000000000e+00,0.000000000000000000e+00,-1.000000000000000000e+00
4.625547027587890625e+01,-9.677419662475585938e+00,4.829999923706054688e+01,0.000000000000000000e+00,0.000000000000000000e+00,-1.000000000000000000e+00
4.627978515625000000e+01,-9.354838371276855469e+00,4.829999923706054688e+01,0.000000000000000000e+00,0.000000000000000000e+00,-1.000000000000000000e+00
4.630410003662109375e+01,-9.032258033752441406e+00,4.829999923706054688e+01,0.000000000000000000e+00,0.000000000000000000e+00,-1.000000000000000000e+00
4.632841491699218750e+01,-8.709677696228027344e+00,4.829999923706054688e+01,0.000000000000000000e+00,0.000000000000000000e+00,-1.000000000000000000e+00
4.635272979736328125e+01,-8.387096405029296875e+00,4.829999923706054688e+01,0.000000000000000000e+00,0.000000000000000000e+00,-1.000000000000000000e+00
4.637704467773437500e+01,-8.064516067504882812e+00,4.829999923706054688e+01,0.000000000000000000e+00,0.000000000000000000e+00,-1.000000000000000000e+00
4.640136337280273438e+01,-7.741935253143310547e+00,4.829999923706054688e+01,0.000000000000000000e+00,0.000000000000000000e+00,-1.000000000000000000e+00
4.642567825317382812e+01,-7.419354915618896484e+00,4.829999923706054688e+01,0.000000000000000000e+00,0.000000000000000000e+00,-1.000000000000000000e+00
4.644999313354492188e+01,-7.096774101257324219e+00,4.829999923706054688e+01,0.000000000000000000e+00,0.000000000000000000e+00,-1.000000000000000000e+00
4.647430801391601562e+01,-6.774193763732910156e+00,4.829999923706054688e+01,0.000000000000000000e+00,0.000000000000000000e+00,-1.000000000000000000e+00
4.649862289428710938e+01,-6.451612949371337891e+00,4.829999923706054688e+01,0.000000000000000000e+00,0.000000000000000000e+00,-1.000000000000000000e+00
4.652293777465820312e+01,-6.129032135009765625e+00,4.829999923706054688e+01,0.000000000000000000e+00,0.000000000000000000e+00,-1.000000000000000000e+00
4.654725265502929688e+01,-5.806451797485351562e+00,4.829999923706054688e+01,0.000000000000000000e+00,0.000000000000000000e+00,-1.000000000000000000e+00
4.657156753540039062e+01,-5.483870983123779297e+00,4.829999923706054688e+01,0.000000000000000000e+00,0.000000000000000000e+00,-1.000000000000000000e+00
4.659588241577148438e+01,-5.161290168762207031e+00,4.829999923706054688e+01,0.000000000000000000e+00,0.000000000000000000e+00,-1.000000000000000000e+00
4.662019729614257812e+01,-4.838709831237792969e+00,4.829999923706054688e+01,0.000000000000000000e+00,0.000000000000000000e+00,-1.000000000000000000e+00
4.664451217651367188e+01,-4.516129016876220703e+00,4.829999923706054688e+01,0.000000000000000000e+00,0.000000000000000000e+00,-1.000000000000000000e+00
4.666882705688476562e+01,-4.193548202514648438e+00,4.829999923706054688e+01,0.000000000000000000e+00,0.000000000000000000e+00,-1.000000000000000000e+00
4.669314193725585938e+01,-3.870967626571655273e+00,4.829999923706054688e+01,0.000000000000000000e+00,0.000000000000000000e+00,-1.000000000000000000e+00
4.671745681762695312e+01,-3.548387050628662109e+00,4.829999923706054688e+01,0.000000000000000000e+00,0.000000000000000000e+00,-1.000000000000000000e+00
4.674177169799804688e+01,-3.225806474685668945e+00,4.829999923706054688e+01,0.000000000000000000e+00,0.000000000000000000e+00,-1.000000000000000000e+00
4.676609039306640625e+01,-2.903225898742675781e+00,4.829999923706054688e+01,0.000000000000000000e+00,0.000000000000000000e+00,-1.000000000000000000e+00
4.679040527343750000e+01,-2.580645084381103516e+00,4.829999923706054688e+01,0.000000000000000000e+00,0.000000000000000000e+00,-1.000000000000000000e+00
4.681472015380859375e+01,-2.258064508438110352e+00,4.829999923706054688e+01,0.000000000000000000e+00,0.000000000000000000e+00,-1.000000000000000000e+00
4.683903503417968750e+01,-1.935483813285827637e+00,4.829999923706054688e+01,0.000000000000000000e+00,0.000000000000000000e+00,-1.000000000000000000e+00
4.686334991455078125e+01,-1.612903237342834473e+00,4.829999923706054688e+01,0.000000000000000000e+00,0.000000000000000000e+00,-1.000000000000000000e+00
4.688766479492187500e+01,-1.290322542190551758e+00,4.829999923706054688e+01,0.000000000000000000e+00,0.000000000000000000e+00,-1.000000000000000000e+00
4.691197967529296875e+01,-9.677419066429138184e-01,4.829999923706054688e+01,0.000000000000000000e+00,0.000000000000000000e+00,-1.000000000000000000e+00
4.693629455566406250e+01,-6.451612710952758789e-01,4.829999923706054688e+01,0.000000000000000000e+00,0.000000000000000000e+00,-1.000000000000000000e+00
4.696060943603515625e+01,-3.225806355476379395e-01,4.829999923706054688e+01,0.000000000000000000e+00,0.000000000000000000e+00,-1.000000000000000000e+00
4.648241043090820312e+01,0.000000000000000000e+00,4.829999923706054688e+01,0.000000000000000000e+00,0.000000000000000000e+00,-1.000000000000000000e+00
4.650672531127929688e+01,3.225806355476379395e-01,4.829999923706054688e+01,0.000000000000000000e+00,0.000000000000000000e+00,-1.000000000000000000e+00
4.653104400634765625e+01,6.451612710952758789e-01,4.829999923706054688e+01,0.000000000000000000e+00,0.000000000000000000e+00,-1.000000000000000000e+00
4.655535888671875000e+01,9.677419066429138184e-01,4.829999923706054688e+01,0.000000000000000000e+00,0.000000000000000000e+00,-1.000000000000000000e+00
4.657967376708984375e+01,1.290322542190551758e+00,4.829999923706054688e+01,0.000000000000000000e+00,0.000000000000000000e+00,-1.000000000000000000e+00
4.660398864746093750e+01,1.612903237342834473e+00,4.829999923706054688e+01,0.000000000000000000e+00,0.000000000000000000e+00,-1.000000000000000000e+00
4.662830352783203125e+01,1.935483813285827637e+00,4.829999923706054688e+01,0.000000000000000000e+00,0.000000000000000000e+00,-1.000000000000000000e+00
4.665261840820312500e+01,2.258064508438110352e+00,4.829999923706054688e+01,0.000000000000000000e+00,0.000000000000000000e+00,-1.000000000000000000e+00
4.667693328857421875e+01,2.580645084381103516e+00,4.829999923706054688e+01,0.000000000000000000e+00,0.000000000000000000e+00,-1.000000000000000000e+00
4.670124816894531250e+01,2.903225898742675781e+00,4.829999923706054688e+01,0.000000000000000000e+00,0.000000000000000000e+00,-1.000000000000000000e+00
4.672556304931640625e+01,3.225806474685668945e+00,4.829999923706054688e+01,0.000000000000000000e+00,0.000000000000000000e+00,-1.000000000000000000e+00
4.674987792968750000e+01,3.548387050628662109e+00,4.829999923706054688e+01,0.000000000000000000e+00,0.000000000000000000e+00,-1.000000000000000000e+00
4.677419281005859375e+01,3.870967626571655273e+00,4.829999923706054688e+01,0.000000000000000000e+00,0.000000000000000000e+00,-1.000000000000000000e+00
4.679850769042968750e+01,4.193548202514648438e+00,4.829999923706054688e+01,0.000000000000000000e+00,0.000000000000000000e+00,-1.000000000000000000e+00
4.682282257080078125e+01,4.516129016876220703e+00,4.829999923706054688e+01,0.000000000000000000e+00,0.000000000000000000e+00,-1.000000000000000000e+00
4.684713745117187500e+01,4.838709831237792969e+00,4.829999923706054688e+01,0.000000000000000000e+00,0.000000000000000000e+00,-1.000000000000000000e+00
4.687145233154296875e+01,5.161290168762207031e+00,4.829999923706054688e+01,0.000000000000000000e+00,0.000000000000000000e+00,-1.000000000000000000e+00
4.689577102661132812e+01,5.483870983123779297e+00,4.829999923706054688e+01,0.000000000000000000e+00,0.000000000000000000e+00,-1.000000000000000000e+00
4.692008590698242188e+01,5.806451797485351562e+00,4.829999923706054688e+01,0.000000000000000000e+00,0.000000000000000000e+00,-1.000000000000000000e+00
4.694440078735351562e+01,6.129032135009765625e+00,4.829999923706054688e+01,0.000000000000000000e+00,0.000000000000000000e+00,-1.000000000000000000e+00
4.696871566772460938e+01,6.451612949371337891e+00,4.829999923706054688e+01,0.000000000000000000e+00,0.000000000000000000e+00,-1.000000000000000000e+00
4.699303054809570312e+01,6.774193763732910156e+00,4.829999923706054688e+01,0.000000000000000000e+00,0.000000000000000000e+00,-1.000000000000000000e+00
4.701734542846679688e+01,7.096774101257324219e+00,4.829999923706054688e+01,0.000000000000000000e+00,0.000000000000000000e+00,-1.000000000000000000e+00
4.704166030883789062e+01,7.419354915618896484e+00,4.829999923706054688e+01,0.000000000000000000e+00,0.000000000000000000e+00,-1.000000000000000000e+00
4.706597518920898438e+01,7.741935253143310547e+00,4.829999923706054688e+01,0.000000000000000000e+00,0.000000000000000000e+00,-1.000000000000000000e+00
4.709029006958007812e+01,8.064516067504882812e+00,4.829999923706054688e+01,0.000000000000000000e+00,0.000000000000000000e+00,-1.000000000000000000e+00
4.711460494995117188e+01,8.387096405029296875e+00,4.829999923706054688e+01,0.000000000000000000e+00,0.000000000000000000e+00,-1.000000000000000000e+00
4.713891983032226562e+01,8.709677696228027344e+00,4.829999923706054688e+01,0.000000000000000000e+00,0.000000000000000000e+00,-1.000000000000000000e+00
4.716323471069335938e+01,9.032258033752441406e+00,4.829999923706054688e+01,0.000000000000000000e+00,0.000000000000000000e+00,-1.000000000000000000e+00
4.718754959106445312e+01,9.354838371276855469e+00,4.829999923706054688e+01,0.000000000000000000e+00,0.000000000000000000e+00,-1.000000000000000000e+00
4.721186447143554688e+01,9.677419662475585938e+00,4.829999923706054688e+01,0.000000000000000000e+00,0.000000000000000000e+00,-1.000000000000000000e+00
4.723617935180664062e+01,1.000000000000000000e+01,4.829999923706054688e+01,0.000000000000000000e+00,0.000000000000000000e+00,-1.000000000000000000e+00
4.723617935180664062e+01,1.000000000000000000e+01,4.829999923706054688e+01,0.000000000000000000e+00,0.000000000000000000e+00,-1.000000000000000000e+00
4.726049423217773438e+01,9.677419662475585938e+00,4.829999923706054688e+01,0.000000000000000000e+00,0.000000000000000000e+00,-1.000000000000000000e+00
4.728481292724609375e+01,9.354838371276855469e+00,4.829999923706054688e+01,0.000000000000000000e+00,0.000000000000000000e+00,-1.000000000000000000e+00
4.730912780761718750e+01,9.032258033752441406e+00,4.829999923706054688e+01,0.000000000000000000e+00,0.000000000000000000e+00,-1.000000000000000000e+00
4.733344268798828125e+01,8.709677696228027344e+00,4.829999923706054688e+01,0.000000000000000000e+00,0.000000000000000000e+00,-1.000000000000000000e+00
4.735775756835937500e+01,8.387096405029296875e+00,4.829999923706054688e+01,0.000000000000000000e+00,0.000000000000000000e+00,-1.000000000000000000e+00
4.738207244873046875e+01,8.064516067504882812e+00,4.829999923706054688e+01,0.000000000000000000e+00,0.000000000000000000e+00,-1.000000000000000000e+00
4.740638732910156250e+01,7.741935253143310547e+00,4.829999923706054688e+01,0.000000000000000000e+00,0.000000000000000000e+00,-1.000000000000000000e+00
4.743070220947265625e+01,7.419354915618896484e+00,4.829999923706054688e+01,0.000000000000000000e+00,0.000000000000000000e+00,-1.000000000000000000e+00
4.745501708984375000e+01,7.096774101257324219e+00,4.829999923706054688e+01,0.000000000000000000e+00,0.000000000000000000e+00,-1.000000000000000000e+00
4.747933197021484375e+01,6.774193763732910156e+00,4.829999923706054688e+01,0.000000000000000000e+00,0.000000000000000000e+00,-1.000000000000000000e+00
4.750364685058593750e+01,6.451612949371337891e+00,4.829999923706054688e+01,0.000000000000000000e+00,0.000000000000000000e+00,-1.000000000000000000e+00
4.752796173095703125e+01,6.129032135009765625e+00,4.829999923706054688e+01,0.000000000000000000e+00,0.000000000000000000e+00,-1.000000000000000000e+00
4.755227661132812500e+01,5.806451797485351562e+00,4.829999923706054688e+01,0.000000000000000000e+00,0.000000000000000000e+00,-1.000000000000000000e+00
4.757659149169921875e+01,5.483870983123779297e+00,4.829999923706054688e+01,0.000000000000000000e+00,0.000000000000000000e+00,-1.000000000000000000e+00
4.760090637207031250e+01,5.161290168762207031e+00,4.829999923706054688e+01,0.000000000000000000e+00,0.000000000000000000e+00,-1.000000000000000000e+00
4.762522125244140625e+01,4.838709831237792969e+00,4.829999923706054688e+01,0.000000000000000000e+00,0.000000000000000000e+00,-1.000000000000000000e+00
4.764953613281250000e+01,4.516129016876220703e+00,4.829999923706054688e+01,0.000000000000000000e+00,0.000000000000000000e+00,-1.000000000000000000e+00
4.767385482788085938e+01,4.193548202514648438e+00,4.829999923706054688e+01,0.000000000000000000e+00,0.000000000000000000e+00,-1.000000000000000000e+00
4.769816970825195312e+01,3.870967626571655273e+00,4.829999923706054688e+01,0.000000000000000000e+00,0.000000000000000000e+00,-1.000000000000000000e+00
4.772248458862304688e+01,3.548387050628662109e+00,4.829999923706054688e+01,0.000000000000000000e+00,0.000000000000000000e+00,-1.000000000000000000e+00
4.774679946899414062e+01,3.225806474685668945e+00,4.829999923706054688e+01,0.000000000000000000e+00,0.000000000000000000e+00,-1.000000000000000000e+00
4.777111434936523438e+01,2.903225898742675781e+00,4.829999923706054688e+01,0.000000000000000000e+00,0.000000000000000000e+00,-1.000000000000000000e+00
4.779542922973632812e+01,2.580645084381103516e+00,4.829999923706054688e+01,0.000000000000000000e+00,0.000000000000000000e+00,-1.000000000000000000e+00
4.781974411010742188e+01,2.258064508438110352e+00,4.829999923706054688e+01,0.000000000000000000e+00,0.000000000000000000e+00,-1.000000000000000000e+00
4.784405899047851562e+01,1.935483813285827637e+00,4.829999923706054688e+01,0.000000000000000000e+00,0.000000000000000000e+00,-1.000000000000000000e+00
4.786837387084960938e+01,1.612903237342834473e+00,4.829999923706054688e+01,0.000000000000000000e+00,0.000000000000000000e+00,-1.000000000000000000e+00
4.789268875122070312e+01,1.290322542190551758e+00,4.829999923706054688e+01,0.000000000000000000e+00,0.000000000000000000e+00,-1.000000000000000000e+00
4.791700363159179688e+01,9.677419066429138184e-01,4.829999923706054688e+01,0.000000000000000000e+00,0.000000000000000000e+00,-1.000000000000000000e+00
4.794131851196289062e+01,6.451612710952758789e-01,4.829999923706054688e+01,0.000000000000000000e+00,0.000000000000000000e+00,-1.000000000000000000e+00
4.796563339233398438e+01,3.225806355476379395e-01,4.829999923706054688e+01,0.000000000000000000e+00,0.000000000000000000e+00,-1.000000000000000000e+00
4.748743820190429688e+01,0.000000000000000000e+00,4.829999923706054688e+01,0.000000000000000000e+00,0.000000000000000000e+00,-1.000000000000000000e+00
4.751175308227539062e+01,-3.225806355476379395e-01,4.829999923706054688e+01,0.000000000000000000e+00,0.000000000000000000e+00,-1.000000000000000000e+00
4.753606796264648438e+01,-6.451612710952758789e-01,4.829999923706054688e+01,0.000000000000000000e+00,0.000000000000000000e+00,-1.000000000000000000e+00
4.756038284301757812e+01,-9.677419066429138184e-01,4.829999923706054688e+01,0.000000000000000000e+00,0.000000000000000000e+00,-1.000000000000000000e+00
4.758469772338867188e+01,-1.290322542190551758e+00,4.829999923706054688e+01,0.000000000000000000e+00,0.000000000000000000e+00,-1.000000000000000000e+00
4.760901260375976562e+01,-1.612903237342834473e+00,4.829999923706054688e+01,0.000000000000000000e+00,0.000000000000000000e+00,-1.000000000000000000e+00
4.763332748413085938e+01,-1.935483813285827637e+00,4.829999923706054688e+01,0.000000000000000000e+00,0.000000000000000000e+00,-1.000000000000000000e+00
4.765764236450195312e+01,-2.258064508438110352e+00,4.829999923706054688e+01,0.000000000000000000e+00,0.000000000000000000e+00,-1.000000000000000000e+00
4.768195724487304688e+01,-2.580645084381103516e+00,4.829999923706054688e+01,0.000000000000000000e+00,0.000000000000000000e+00,-1.000000000000000000e+00
4.770627212524414062e+01,-2.903225898742675781e+00,4.829999923706054688e+01,0.000000000000000000e+00,0.000000000000000000e+00,-1.000000000000000000e+00
4.773058700561523438e+01,-3.225806474685668945e+00,4.829999923706054688e+01,0.000000000000000000e+00,0.000000000000000000e+00,-1.000000000000000000e+00
4.775490188598632812e+01,-3.548387050628662109e+00,4.829999923706054688e+01,0.000000000000000000e+00,0.000000000000000000e+00,-1.000000000000000000e+00
4.777922058105468750e+01,-3.870967626571655273e+00,4.829999923706054688e+01,0.000000000000000000e+00,0.000000000000000000e+00,-1.000000000000000000e+00
4.780353546142578125e+01,-4.193548202514648438e+00,4.829999923706054688e+01,0.000000000000000000e+00,0.000000000000000000e+00,-1.000000000000000000e+00
4.782785034179687500e+01,-4.516129016876220703e+00,4.829999923706054688e+01,0.000000000000000000e+00,0.000000000000000000e+00,-1.000000000000000000e+00
4.785216522216796875e+01,-4.838709831237792969e+00,4.829999923706054688e+01,0.000000000000000000e+00,0.000000000000000000e+00,-1.000000000000000000e+00
4.787648010253906250e+01,-5.161290168762207031e+00,4.829999923706054688e+01,0.000000000000000000e+00,0.000000000000000000e+00,-1.000000000000000000e+00
4.790079498291015625e+01,-5.483870983123779297e+00,4.829999923706054688e+01,0.000000000000000000e+00,0.000000000000000000e+00,-1.000000000000000000e+00
4.792510986328125000e+01,-5.806451797485351562e+00,4.829999923706054688e+01,0.000000000000000000e+00,0.000000000000000000e+00,-1.000000000000000000e+00
4.794942474365234375e+01,-6.129032135009765625e+00,4.829999923706054688e+01,0.000000000000000000e+00,0.000000000000000000e+00,-1.000000000000000000e+00
4.797373962402343750e+01,-6.451612949371337891e+00,4.829999923706054688e+01,0.000000000000000000e+00,0.000000000000000000e+00,-1.000000000000000000e+00
4.799805450439453125e+01,-6.774193763732910156e+00,4.829999923706054688e+01,0.000000000000000000e+00,0.000000000000000000e+00,-1.000000000000000000e+00
4.802236938476562500e+01,-7.096774101257324219e+00,4.829999923706054688e+01,0.000000000000000000e+00,0.000000000000000000e+00,-1.000000000000000000e+00
4.804668426513671875e+01,-7.419354915618896484e+00,4.829999923706054688e+01,0.000000000000000000e+00,0.000000000000000000e+00,-1.000000000000000000e+00
4.807099914550781250e+01,-7.741935253143310547e+00,4.829999923706054688e+01,0.000000000000000000e+00,0.000000000000000000e+00,-1.000000000000000000e+00
4.809531402587890625e+01,-8.064516067504882812e+00,4.829999923706054688e+01,0.000000000000000000e+00,0.000000000000000000e+00,-1.000000000000000000e+00
4.811962890625000000e+01,-8.387096405029296875e+00,4.829999923706054688e+01,0.000000000000000000e+00,0.000000000000000000e+00,-1.000000000000000000e+00
4.814394378662109375e+01,-8.709677696228027344e+00,4.829999923706054688e+01,0.000000000000000000e+00,0.000000000000000000e+00,-1.000000000000000000e+00
4.816826248168945312e+01,-9.032258033752441406e+00,4.829999923706054688e+01,0.000000000000000000e+00,0.000000000000000000e+00,-1.000000000000000000e+00
4.819257736206054688e+01,-9.354838371276855469e+00,4.829999923706054688e+01,0.000000000000000000e+00,0.000000000000000000e+00,-1.000000000000000000e+00
4.821689224243164062e+01,-9.677419662475585938e+00,4.829999923706054688e+01,0.000000000000000000e+00,0.000000000000000000e+00,-1.000000000000000000e+00
4.824120712280273438e+01,-1.000000000000000000e+01,4.829999923706054688e+01,0.000000000000000000e+00,0.000000000000000000e+00,-1.000000000000000000e+00
4.824120712280273438e+01,-1.000000000000000000e+01,4.829999923706054688e+01,0.000000000000000000e+00,0.000000000000000000e+00,-1.000000000000000000e+00
4.826552200317382812e+01,-9.677419662475585938e+00,4.829999923706054688e+01,0.000000000000000000e+00,0.000000000000000000e+00,-1.000000000000000000e+00
4.828983688354492188e+01,-9.354838371276855469e+00,4.829999923706054688e+01,0.000000000000000000e+00,0.000000000000000000e+00,-1.000000000000000000e+00
4.831415176391601562e+01,-9.032258033752441406e+00,4.829999923706054688e+01,0.000000000000000000e+00,0.000000000000000000e+00,-1.000000000000000000e+00
4.833846664428710938e+01,-8.709677696228027344e+00,4.829999923706054688e+01,0.000000000000000000e+00,0.000000000000000000e+00,-1.000000000000000000e+00
4.836278152465820312e+01,-8.387096405029296875e+00,4.829999923706054688e+01,0.000000000000000000e+00,0.000000000000000000e+00,-1.000000000000000000e+00
4.838709640502929688e+01,-8.064516067504882812e+00,4.829999923706054688e+01,0.000000000000000000e+00,0.000000000000000000e+00,-1.000000000000000000e+00
4.841141128540039062e+01,-7.741935253143310547e+00,4.829999923706054688e+01,0.000000000000000000e+00,0.000000000000000000e+00,-1.000000000000000000e+00
4.843572616577148438e+01,-7.419354915618896484e+00,4.829999923706054688e+01,0.000000000000000000e+00,0.000000000000000000e+00,-1.000000000000000000e+00
4.846004104614257812e+01,-7.096774101257324219e+00,4.829999923706054688e+01,0.000000000000000000e+00,0.000000000000000000e+00,-1.000000000000000000e+00
4.848435592651367188e+01,-6.774193763732910156e+00,4.829999923706054688e+01,0.000000000000000000e+00,0.000000000000000000e+00,-1.000000000000000000e+00
4.850867080688476562e+01,-6.451612949371337891e+00,4.829999923706054688e+01,0.000000000000000000e+00,0.000000000000000000e+00,-1.000000000000000000e+00
4.853298568725585938e+01,-6.129032135009765625e+00,4.829999923706054688e+01,0.000000000000000000e+00,0.000000000000000000e+00,-1.000000000000000000e+00
4.855730438232421875e+01,-5.806451797485351562e+00,4.829999923706054688e+01,0.000000000000000000e+00,0.000000000000000000e+00,-1.000000000000000000e+00
4.858161926269531250e+01,-5.483870983123779297e+00,4.829999923706054688e+01,0.000000000000000000e+00,0.000000000000000000e+00,-1.000000000000000000e+00
4.860593414306640625e+01,-5.161290168762207031e+00,4.829999923706054688e+01,0.000000000000000000e+00,0.000000000000000000e+00,-1.000000000000000000e+00
4.863024902343750000e+01,-4.838709831237792969e+00,4.829999923706054688e+01,0.000000000000000000e+00,0.000000000000000000e+00,-1.000000000000000000e+00
4.865456390380859375e+01,-4.516129016876220703e+00,4.829999923706054688e+01,0.000000000000000000e+00,0.000000000000000000e+00,-1.000000000000000000e+00
4.867887878417968750e+01,-4.193548202514648438e+00,4.829999923706054688e+01,0.000000000000000000e+00,0.000000000000000000e+00,-1.000000000000000000e+00
4.870319366455078125e+01,-3.870967626571655273e+00,4.829999923706054688e+01,0.000000000000000000e+00,0.000000000000000000e+00,-1.000000000000000000e+00
4.872750854492187500e+01,-3.548387050628662109e+00,4.829999923706054688e+01,0.000000000000000000e+00,0.000000000000000000e+00,-1.000000000000000000e+00
4.875182342529296875e+01,-3.225806474685668945e+00,4.829999923706054688e+01,0.000000000000000000e+00,0.000000000000000000e+00,-1.000000000000000000e+00
4.877613830566406250e+01,-2.903225898742675781e+00,4.829999923706054688e+01,0.000000000000000000e+00,0.000000000000000000e+00,-1.000000000000000000e+00
4.880045318603515625e+01,-2.580645084381103516e+00,4.829999923706054688e+01,0.000000000000000000e+00,0.000000000000000000e+00,-1.000000000000000000e+00
4.882476806640625000e+01,-2.258064508438110352e+00,4.829999923706054688e+01,0.000000000000000000e+00,0.000000000000000000e+00,-1.000000000000000000e+00
4.884908294677734375e+01,-1.935483813285827637e+00,4.829999923706054688e+01,0.000000000000000000e+00,0.000000000000000000e+00,-1.000000000000000000e+00
4.887339782714843750e+01,-1.612903237342834473e+00,4.829999923706054688e+01,0.000000000000000000e+00,0.000000000000000000e+00,-1.000000000000000000e+00
4.889771270751953125e+01,-1.290322542190551758e+00,4.829999923706054688e+01,0.000000000000000000e+00,0.000000000000000000e+00,-1.000000000000000000e+00
4.892203140258789062e+01,-9.677419066429138184e-01,4.829999923706054688e+01,0.000000000000000000e+00,0.000000000000000000e+00,-1.000000000000000000e+00
4.894634628295898438e+01,-6.451612710952758789e-01,4.829999923706054688e+01,0.000000000000000000e+00,0.000000000000000000e+00,-1.000000000000000000e+00
4.897066116333007812e+01,-3.225806355476379395e-01,4.829999923706054688e+01,0.000000000000000000e+00,0.000000000000000000e+00,-1.000000000000000000e+00
4.849246215820312500e+01,0.000000000000000000e+00,4.829999923706054688e+01,0.000000000000000000e+00,0.000000000000000000e+00,-1.000000000000000000e+00
4.851677703857421875e+01,3.225806355476379395e-01,4.829999923706054688e+01,0.000000000000000000e+00,0.000000000000000000e+00,-1.000000000000000000e+00
4.854109191894531250e+01,6.451612710952758789e-01,4.829999923706054688e+01,0.000000000000000000e+00,0.000000000000000000e+00,-1.000000000000000000e+00
4.856540679931640625e+01,9.677419066429138184e-01,4.829999923706054688e+01,0.000000000000000000e+00,0.000000000000000000e+00,-1.000000000000000000e+00
4.858972167968750000e+01,1.290322542190551758e+00,4.829999923706054688e+01,0.000000000000000000e+00,0.000000000000000000e+00,-1.000000000000000000e+00
4.861403656005859375e+01,1.612903237342834473e+00,4.829999923706054688e+01,0.000000000000000000e+00,0.000000000000000000e+00,-1.000000000000000000e+00
4.863835144042968750e+01,1.935483813285827637e+00,4.829999923706054688e+01,0.000000000000000000e+00,0.000000000000000000e+00,-1.000000000000000000e+00
4.866266632080078125e+01,2.258064508438110352e+00,4.829999923706054688e+01,0.000000000000000000e+00,0.000000000000000000e+00,-1.000000000000000000e+00
4.868698501586914062e+01,2.580645084381103516e+00,4.829999923706054688e+01,0.000000000000000000e+00,0.000000000000000000e+00,-1.000000000000000000e+00
4.871129989624023438e+01,2.903225898742675781e+00,4.829999923706054688e+01,0.000000000000000000e+00,0.000000000000000000e+00,-1.000000000000000000e+00
4.873561477661132812e+01,3.225806474685668945e+00,4.829999923706054688e+01,0.000000000000000000e+00,0.000000000000000000e+00,-1.000000000000000000e+00
4.875992965698242188e+01,3.548387050628662109e+00,4.829999923706054688e+01,0.000000000000000000e+00,0.000000000000000000e+00,-1.000000000000000000e+00
4.878424453735351562e+01,3.870967626571655273e+00,4.829999923706054688e+01,0.000000000000000000e+00,0.000000000000000000e+00,-1.000000000000000000e+00
4.880855941772460938e+01,4.193548202514648438e+00,4.829999923706054688e+01,0.000000000000000000e+00,0.000000000000000000e+00,-1.000000000000000000e+00
4.883287429809570312e+01,4.516129016876220703e+00,4.829999923706054688e+01,0.000000000000000000e+00,0.000000000000000000e+00,-1.000000000000000000e+00
4.885718917846679688e+01,4.838709831237792969e+00,4.829999923706054688e+01,0.000000000000000000e+00,0.000000000000000000e+00,-1.000000000000000000e+00
4.888150405883789062e+01,5.161290168762207031e+00,4.829999923706054688e+01,0.000000000000000000e+00,0.000000000000000000e+00,-1.000000000000000000e+00
4.890581893920898438e+01,5.483870983123779297e+00,4.829999923706054688e+01,0.000000000000000000e+00,0.000000000000000000e+00,-1.000000000000000000e+00
4.893013381958007812e+01,5.806451797485351562e+00,4.829999923706054688e+01,0.000000000000000000e+00,0.000000000000000000e+00,-1.000000000000000000e+00
4.895444869995117188e+01,6.129032135009765625e+00,4.829999923706054688e+01,0.000000000000000000e+00,0.000000000000000000e+00,-1.000000000000000000e+00
4.897876358032226562e+01,6.451612949371337891e+00,4.829999923706054688e+01,0.000000000000000000e+00,0.000000000000000000e+00,-1.000000000000000000e+00
4.900307846069335938e+01,6.774193763732910156e+00,4.829999923706054688e+01,0.000000000000000000e+00,0.000000000000000000e+00,-1.000000000000000000e+00
4.902739334106445312e+01,7.096774101257324219e+00,4.829999923706054688e+01,0.000000000000000000e+00,0.000000000000000000e+00,-1.000000000000000000e+00
4.905171203613281250e+01,7.419354915618896484e+00,4.829999923706054688e+01,0.000000000000000000e+00,0.000000000000000000e+00,-1.000000000000000000e+00
4.907602691650390625e+01,7.741935253143310547e+00,4.829999923706054688e+01,0.000000000000000000e+00,0.000000000000000000e+00,-1.000000000000000000e+00
4.910034179687500000e+01,8.064516067504882812e+00,4.829999923706054688e+01,0.000000000000000000e+00,0.000000000000000000e+00,-1.000000000000000000e+00
4.912465667724609375e+01,8.387096405029296875e+00,4.829999923706054688e+01,0.000000000000000000e+00,0.000000000000000000e+00,-1.000000000000000000e+00
4.914897155761718750e+01,8.709677696228027344e+00,4.829999923706054688e+01,0.000000000000000000e+00,0.000000000000000000e+00,-1.000000000000000000e+00
4.917328643798828125e+01,9.032258033752441406e+00,4.829999923706054688e+01,0.000000000000000000e+00,0.000000000000000000e+00,-1.000000000000000000e+00
4.919760131835937500e+01,9.354838371276855469e+00,4.829999923706054688e+01,0.000000000000000000e+00,0.000000000000000000e+00,-1.000000000000000000e+00
4.922191619873046875e+01,9.677419662475585938e+00,4.829999923706054688e+01,0.000000000000000000e+00,0.000000000000000000e+00,-1.000000000000000000e+00
4.924623107910156250e+01,1.000000000000000000e+01,4.829999923706054688e+01,0.000000000000000000e+00,0.000000000000000000e+00,-1.000000000000000000e+00
4.924623107910156250e+01,1.000000000000000000e+01,4.829999923706054688e+01,0.000000000000000000e+00,0.000000000000000000e+00,-1.000000000000000000e+00
4.927054595947265625e+01,9.677419662475585938e+00,4.829999923706054688e+01,0.000000000000000000e+00,0.000000000000000000e+00,-1.000000000000000000e+00
4.929486083984375000e+01,9.354838371276855469e+00,4.829999923706054688e+01,0.000000000000000000e+00,0.000000000000000000e+00,-1.000000000000000000e+00
4.931917572021484375e+01,9.032258033752441406e+00,4.829999923706054688e+01,0.000000000000000000e+00,0.000000000000000000e+00,-1.000000000000000000e+00
4.934349060058593750e+01,8.709677696228027344e+00,4.829999923706054688e+01,0.000000000000000000e+00,0.000000000000000000e+00,-1.000000000000000000e+00
4.936780548095703125e+01,8.387096405029296875e+00,4.829999923706054688e+01,0.000000000000000000e+00,0.000000000000000000e+00,-1.000000000000000000e+00
4.939212036132812500e+01,8.064516067504882812e+00,4.829999923706054688e+01,0.000000000000000000e+00,0.000000000000000000e+00,-1.000000000000000000e+00
4.941643524169921875e+01,7.741935253143310547e+00,4.829999923706054688e+01,0.000000000000000000e+00,0.000000000000000000e+00,-1.000000000000000000e+00
4.944075393676757812e+01,7.419354915618896484e+00,4.829999923706054688e+01,0.000000000000000000e+00,0.000000000000000000e+00,-1.000000000000000000e+00
4.946506881713867188e+01,7.096774101257324219e+00,4.829999923706054688e+01,0.000000000000000000e+00,0.000000000000000000e+00,-1.000000000000000000e+00
4.948938369750976562e+01,6.774193763732910156e+00,4.829999923706054688e+01,0.000000000000000000e+00,0.000000000000000000e+00,-1.000000000000000000e+00
4.951369857788085938e+01,6.451612949371337891e+00,4.829999923706054688e+01,0.000000000000000000e+00,0.000000000000000000e+00,-1.000000000000000000e+00
4.953801345825195312e+01,6.129032135009765625e+00,4.829999923706054688e+01,0.000000000000000000e+00,0.000000000000000000e+00,-1.000000000000000000e+00
4.956232833862304688e+01,5.806451797485351562e+00,4.829999923706054688e+01,0.000000000000000000e+00,0.000000000000000000e+00,-1.000000000000000000e+00
4.958664321899414062e+01,5.483870983123779297e+00,4.829999923706054688e+01,0.000000000000000000e+00,0.000000000000000000e+00,-1.000000000000000000e+00
4.961095809936523438e+01,5.161290168762207031e+00,4.829999923706054688e+01,0.000000000000000000e+00,0.000000000000000000e+00,-1.000000000000000000e+00
4.963527297973632812e+01,4.838709831237792969e+00,4.829999923706054688e+01,0.000000000000000000e+00,0.000000000000000000e+00,-1.000000000000000000e+00
4.965958786010742188e+01,4.516129016876220703e+00,4.829999923706054688e+01,0.000000000000000000e+00,0.000000000000000000e+00,-1.000000000000000000e+00
4.968390274047851562e+01,4.193548202514648438e+00,4.829999923706054688e+01,0.000000000000000000e+00,0.000000000000000000e+00,-1.000000000000000000e+00
4.970821762084960938e+01,3.870967626571655273e+00,4.829999923706054688e+01,0.000000000000000000e+00,0.000000000000000000e+00,-1.000000000000000000e+00
4.973253250122070312e+01,3.548387050628662109e+00,4.829999923706054688e+01,0.000000000000000000e+00,0.000000000000000000e+00,-1.000000000000000000e+00
4.975684738159179688e+01,3.225806474685668945e+00,4.829999923706054688e+01,0.000000000000000000e+00,0.000000000000000000e+00,-1.000000000000000000e+00
4.978116226196289062e+01,2.903225898742675781e+00,4.829999923706054688e+01,0.000000000000000000e+00,0.000000000000000000e+00,-1.000000000000000000e+00
4.980547714233398438e+01,2.580645084381103516e+00,4.829999923706054688e+01,0.000000000000000000e+00,0.000000000000000000e+00,-1.000000000000000000e+00
4.982979583740234375e+01,2.258064508438110352e+00,4.829999923706054688e+01,0.000000000000000000e+00,0.000000000000000000e+00,-1.000000000000000000e+00
4.985411071777343750e+01,1.935483813285827637e+00,4.829999923706054688e+01,0.000000000000000000e+00,0.000000000000000000e+00,-1.000000000000000000e+00
4.987842559814453125e+01,1.612903237342834473e+00,4.829999923706054688e+01,0.000000000000000000e+00,0.000000000000000000e+00,-1.000000000000000000e+00
4.990274047851562500e+01,1.290322542190551758e+00,4.829999923706054688e+01,0.000000000000000000e+00,0.000000000000000000e+00,-1.000000000000000000e+00
4.992705535888671875e+01,9.677419066429138184e-01,4.829999923706054688e+01,0.000000000000000000e+00,0.000000000000000000e+00,-1.000000000000000000e+00
4.995137023925781250e+01,6.451612710952758789e-01,4.829999923706054688e+01,0.000000000000000000e+00,0.000000000000000000e+00,-1.000000000000000000e+00
4.997568511962890625e+01,3.225806355476379395e-01,4.829999923706054688e+01,0.000000000000000000e+00,0.000000000000000000e+00,-1.000000000000000000e+00
