0.000000000000000000e+00,0.000000000000000000e+00,1.650000000000000000e+01,0.000000000000000000e+00,0.000000000000000000e+00,-1.000000000000000000e+00
7.537688612937927246e-01,1.000000000000000000e+01,1.650000000000000000e+01,0.000000000000000000e+00,0.000000000000000000e+00,-1.000000000000000000e+00
1.507537722587585449e+00,0.000000000000000000e+00,1.650000000000000000e+01,0.000000000000000000e+00,0.000000000000000000e+00,-1.000000000000000000e+00
1.758793950080871582e+00,-1.000000000000000000e+01,1.650000000000000000e+01,0.000000000000000000e+00,0.000000000000000000e+00,-1.000000000000000000e+00
2.512562751770019531e+00,0.000000000000000000e+00,1.650000000000000000e+01,0.000000000000000000e+00,0.000000000000000000e+00,-1.000000000000000000e+00
2.763818979263305664e+00,1.000000000000000000e+01,1.650000000000000000e+01,0.000000000000000000e+00,0.000000000000000000e+00,-1.000000000000000000e+00
3.517587900161743164e+00,0.000000000000000000e+00,1.650000000000000000e+01,0.000000000000000000e+00,0.000000000000000000e+00,-1.000000000000000000e+00
3.768844127655029297e+00,-1.000000000000000000e+01,1.650000000000000000e+01,0.000000000000000000e+00,0.000000000000000000e+00,-1.000000000000000000e+00
4.522613048553466797e+00,0.000000000000000000e+00,1.650000000000000000e+01,0.000000000000000000e+00,0.000000000000000000e+00,-1.000000000000000000e+00
4.773869514465332031e+00,1.000000000000000000e+01,1.650000000000000000e+01,0.000000000000000000e+00,0.000000000000000000e+00,-1.000000000000000000e+00
5.527637958526611328e+00,0.000000000000000000e+00,1.650000000000000000e+01,0.000000000000000000e+00,0.000000000000000000e+00,-1.000000000000000000e+00
5.778894424438476562e+00,-1.000000000000000000e+01,1.650000000000000000e+01,0.000000000000000000e+00,0.000000000000000000e+00,-1.000000000000000000e+00
6.532663345336914062e+00,0.000000000000000000e+00,1.650000000000000000e+01,0.000000000000000000e+00,0.000000000000000000e+00,-1.000000000000000000e+00
6.783919811248779297e+00,1.000000000000000000e+01,1.650000000000000000e+01,0.000000000000000000e+00,0.000000000000000000e+00,-1.000000000000000000e+00
7.537688255310058594e+00,0.000000000000000000e+00,1.650000000000000000e+01,0.000000000000000000e+00,0.000000000000000000e+00,-1.000000000000000000e+00
7.788944721221923828e+00,-1.000000000000000000e+01,1.650000000000000000e+01,0.000000000000000000e+00,0.000000000000000000e+00,-1.000000000000000000e+00
8.542713165283203125e+00,0.000000000000000000e+00,1.650000000000000000e+01,0.000000000000000000e+00,0.000000000000000000e+00,-1.000000000000000000e+00
8.793970108032226562e+00,1.000000000000000000e+01,1.650000000000000000e+01,0.000000000000000000e+00,0.000000000000000000e+00,-1.000000000000000000e+00
9.547739028930664062e+00,0.000000000000000000e+00,1.650000000000000000e+01,0.000000000000000000e+00,0.000000000000000000e+00,-1.000000000000000000e+00
9.798995018005371094e+00,-1.000000000000000000e+01,1.650000000000000000e+01,0.000000000000000000e+00,0.000000000000000000e+00,-1.000000000000000000e+00
1.055276393890380859e+01,0.000000000000000000e+00,1.650000000000000000e+01,0.000000000000000000e+00,0.000000000000000000e+00,-1.000000000000000000e+00
1.080401992797851562e+01,1.000000000000000000e+01,1.650000000000000000e+01,0.000000000000000000e+00,0.000000000000000000e+00,-1.000000000000000000e+00
1.155778884887695312e+01,0.000000000000000000e+00,1.650000000000000000e+01,0.000000000000000000e+00,0.000000000000000000e+00,-1.000000000000000000e+00
1.180904483795166016e+01,-1.000000000000000000e+01,1.650000000000000000e+01,0.000000000000000000e+00,0.000000000000000000e+00,-1.000000000000000000e+00
1.256281375885009766e+01,0.000000000000000000e+00,1.650000000000000000e+01,0.000000000000000000e+00,0.000000000000000000e+00,-1.000000000000000000e+00
1.281407070159912109e+01,1.000000000000000000e+01,1.650000000000000000e+01,0.000000000000000000e+00,0.000000000000000000e+00,-1.000000000000000000e+00
1.356783962249755859e+01,0.000000000000000000e+00,1.650000000000000000e+01,0.000000000000000000e+00,0.000000000000000000e+00,-1.000000000000000000e+00
1.381909561157226562e+01,-1.000000000000000000e+01,1.650000000000000000e+01,0.000000000000000000e+00,0.000000000000000000e+00,-1.000000000000000000e+00
1.457286453247070312e+01,0.000000000000000000e+00,1.650000000000000000e+01,0.000000000000000000e+00,0.000000000000000000e+00,-1.000000000000000000e+00
1.482412052154541016e+01,1.000000000000000000e+01,1.650000000000000000e+01,0.000000000000000000e+00,0.000000000000000000e+00,-1.000000000000000000e+00
1.557788944244384766e+01,0.000000000000000000e+00,1.650000000000000000e+01,0.000000000000000000e+00,0.000000000000000000e+00,-1.000000000000000000e+00
1.582914543151855469e+01,-1.000000000000000000e+01,1.650000000000000000e+01,0.000000000000000000e+00,0.000000000000000000e+00,-1.000000000000000000e+00
1.658291435241699219e+01,0.000000000000000000e+00,1.650000000000000000e+01,0.000000000000000000e+00,0.000000000000000000e+00,-1.000000000000000000e+00
1.683417129516601562e+01,1.000000000000000000e+01,1.650000000000000000e+01,0.000000000000000000e+00,0.000000000000000000e+00,-1.000000000000000000e+00
1.758794021606445312e+01,0.000000000000000000e+00,1.650000000000000000e+01,0.000000000000000000e+00,0.000000000000000000e+00,-1.000000000000000000e+00
1.783919525146484375e+01,-1.000000000000000000e+01,1.650000000000000000e+01,0.000000000000000000e+00,0.000000000000000000e+00,-1.000000000000000000e+00
1.859296417236328125e+01,0.000000000000000000e+00,1.650000000000000000e+01,0.000000000000000000e+00,0.000000000000000000e+00,-1.000000000000000000e+00
1.884422111511230469e+01,1.000000000000000000e+01,1.650000000000000000e+01,0.000000000000000000e+00,0.000000000000000000e+00,-1.000000000000000000e+00
1.959799003601074219e+01,0.000000000000000000e+00,1.650000000000000000e+01,0.000000000000000000e+00,0.000000000000000000e+00,-1.000000000000000000e+00
1.984924697875976562e+01,-1.000000000000000000e+01,1.650000000000000000e+01,0.000000000000000000e+00,0.000000000000000000e+00,-1.000000000000000000e+00
2.060301589965820312e+01,0.000000000000000000e+00,1.650000000000000000e+01,0.000000000000000000e+00,0.000000000000000000e+00,-1.000000000000000000e+00
2.085427093505859375e+01,1.000000000000000000e+01,1.650000000000000000e+01,0.000000000000000000e+00,0.000000000000000000e+00,-1.000000000000000000e+00
2.160803985595703125e+01,0.000000000000000000e+00,1.650000000000000000e+01,0.000000000000000000e+00,0.000000000000000000e+00,-1.000000000000000000e+00
2.185929679870605469e+01,-1.000000000000000000e+01,1.650000000000000000e+01,0.000000000000000000e+00,0.000000000000000000e+00,-1.000000000000000000e+00
2.261306571960449219e+01,0.000000000000000000e+00,1.650000000000000000e+01,0.000000000000000000e+00,0.000000000000000000e+00,-1.000000000000000000e+00
2.286432075500488281e+01,1.000000000000000000e+01,1.650000000000000000e+01,0.000000000000000000e+00,0.000000000000000000e+00,-1.000000000000000000e+00
2.361808967590332031e+01,0.000000000000000000e+00,1.650000000000000000e+01,0.000000000000000000e+00,0.000000000000000000e+00,-1.000000000000000000e+00
2.386934661865234375e+01,-1.000000000000000000e+01,1.650000000000000000e+01,0.000000000000000000e+00,0.000000000000000000e+00,-1.000000000000000000e+00
2.462311553955078125e+01,0.000000000000000000e+00,1.650000000000000000e+01,0.000000000000000000e+00,0.000000000000000000e+00,-1.000000000000000000e+00
2.487437248229980469e+01,1.000000000000000000e+01,1.650000000000000000e+01,0.000000000000000000e+00,0.000000000000000000e+00,-1.000000000000000000e+00
2.562814140319824219e+01,0.000000000000000000e+00,1.650000000000000000e+01,0.000000000000000000e+00,0.000000000000000000e+00,-1.000000000000000000e+00
2.587939643859863281e+01,-1.000000000000000000e+01,1.650000000000000000e+01,0.000000000000000000e+00,0.000000000000000000e+00,-1.000000000000000000e+00
2.663316535949707031e+01,0.000000000000000000e+00,1.650000000000000000e+01,0.000000000000000000e+00,0.000000000000000000e+00,-1.000000000000000000e+00
2.688442230224609375e+01,1.000000000000000000e+01,1.650000000000000000e+01,0.000000000000000000e+00,0.000000000000000000e+00,-1.000000000000000000e+00
2.763819122314453125e+01,0.000000000000000000e+00,1.650000000000000000e+01,0.000000000000000000e+00,0.000000000000000000e+00,-1.000000000000000000e+00
2.788944816589355469e+01,-1.000000000000000000e+01,1.650000000000000000e+01,0.000000000000000000e+00,0.000000000000000000e+00,-1.000000000000000000e+00
2.864321517944335938e+01,0.000000000000000000e+00,1.650000000000000000e+01,0.000000000000000000e+00,0.000000000000000000e+00,-1.000000000000000000e+00
2.889447212219238281e+01,1.000000000000000000e+01,1.650000000000000000e+01,0.000000000000000000e+00,0.000000000000000000e+00,-1.000000000000000000e+00
2.964824104309082031e+01,0.000000000000000000e+00,1.650000000000000000e+01,0.000000000000000000e+00,0.000000000000000000e+00,-1.000000000000000000e+00
2.989949798583984375e+01,-1.000000000000000000e+01,1.650000000000000000e+01,0.000000000000000000e+00,0.000000000000000000e+00,-1.000000000000000000e+00
3.065326690673828125e+01,0.000000000000000000e+00,1.650000000000000000e+01,0.000000000000000000e+00,0.000000000000000000e+00,-1.000000000000000000e+00
3.090452194213867188e+01,1.000000000000000000e+01,1.650000000000000000e+01,0.000000000000000000e+00,0.000000000000000000e+00,-1.000000000000000000e+00
3.165829086303710938e+01,0.000000000000000000e+00,1.650000000000000000e+01,0.000000000000000000e+00,0.000000000000000000e+00,-1.000000000000000000e+00
3.190954780578613281e+01,-1.000000000000000000e+01,1.650000000000000000e+01,0.000000000000000000e+00,0.000000000000000000e+00,-1.000000000000000000e+00
3.266331481933593750e+01,0.000000000000000000e+00,1.650000000000000000e+01,0.000000000000000000e+00,0.000000000000000000e+00,-1.000000000000000000e+00
3.291457366943359375e+01,1.000000000000000000e+01,1.650000000000000000e+01,0.000000000000000000e+00,0.000000000000000000e+00,-1.000000000000000000e+00
3.366834259033203125e+01,0.000000000000000000e+00,1.650000000000000000e+01,0.000000000000000000e+00,0.000000000000000000e+00,-1.000000000000000000e+00
3.391959762573242188e+01,-1.000000000000000000e+01,1.650000000000000000e+01,0.000000000000000000e+00,0.000000000000000000e+00,-1.000000000000000000e+00
3.467336654663085938e+01,0.000000000000000000e+00,1.650000000000000000e+01,0.000000000000000000e+00,0.000000000000000000e+00,-1.000000000000000000e+00
3.492462158203125000e+01,1.000000000000000000e+01,1.650000000000000000e+01,0.000000000000000000e+00,0.000000000000000000e+00,-1.000000000000000000e+00
3.567839050292968750e+01,0.000000000000000000e+00,1.650000000000000000e+01,0.000000000000000000e+00,0.000000000000000000e+00,-1.000000000000000000e+00
3.592964935302734375e+01,-1.000000000000000000e+01,1.650000000000000000e+01,0.000000000000000000e+00,0.000000000000000000e+00,-1.000000000000000000e+00
3.668341827392578125e+01,0.000000000000000000e+00,1.650000000000000000e+01,0.000000000000000000e+00,0.000000000000000000e+00,-1.000000000000000000e+00
3.693467330932617188e+01,1.000000000000000000e+01,1.650000000000000000e+01,0.000000000000000000e+00,0.000000000000000000e+00,-1.000000000000000000e+00
3.768844223022460938e+01,0.000000000000000000e+00,1.650000000000000000e+01,0.000000000000000000e+00,0.000000000000000000e+00,-1.000000000000000000e+00
3.793969726562500000e+01,-1.000000000000000000e+01,1.650000000000000000e+01,0.000000000000000000e+00,0.000000000000000000e+00,-1.000000000000000000e+00
3.869346618652343750e+01,0.000000000000000000e+00,1.650000000000000000e+01,0.000000000000000000e+00,0.000000000000000000e+00,-1.000000000000000000e+00
3.894472503662109375e+01,1.000000000000000000e+01,1.650000000000000000e+01,0.000000000000000000e+00,0.000000000000000000e+00,-1.000000000000000000e+00
3.969849395751953125e+01,0.000000000000000000e+00,1.650000000000000000e+01,0.000000000000000000e+00,0.000000000000000000e+00,-1.000000000000000000e+00
3.994974899291992188e+01,-1.000000000000000000e+01,1.650000000000000000e+01,0.000000000000000000e+00,0.000000000000000000e+00,-1.000000000000000000e+00
4.070351791381835938e+01,0.000000000000000000e+00,1.650000000000000000e+01,0.000000000000000000e+00,0.000000000000000000e+00,-1.000000000000000000e+00
4.095477294921875000e+01,1.000000000000000000e+01,1.650000000000000000e+01,0.000000000000000000e+00,0.000000000000000000e+00,-1.000000000000000000e+00
4.170854187011718750e+01,0.000000000000000000e+00,1.650000000000000000e+01,0.000000000000000000e+00,0.000000000000000000e+00,-1.000000000000000000e+00
4.195980072021484375e+01,-1.000000000000000000e+01,1.650000000000000000e+01,0.000000000000000000e+00,0.000000000000000000e+00,-1.000000000000000000e+00
4.271356964111328125e+01,0.000000000000000000e+00,1.650000000000000000e+01,0.000000000000000000e+00,0.000000000000000000e+00,-1.000000000000000000e+00
4.296482467651367188e+01,1.000000000000000000e+01,1.650000000000000000e+01,0.000000000000000000e+00,0.000000000000000000e+00,-1.000000000000000000e+00
4.371859359741210938e+01,0.000000000000000000e+00,1.650000000000000000e+01,0.000000000000000000e+00,0.000000000000000000e+00,-1.000000000000000000e+00
4.396984863281250000e+01,-1.000000000000000000e+01,1.650000000000000000e+01,0.000000000000000000e+00,0.000000000000000000e+00,-1.000000000000000000e+00
4.472361755371093750e+01,0.000000000000000000e+00,1.650000000000000000e+01,0.000000000000000000e+00,0.000000000000000000e+00,-1.000000000000000000e+00
4.497487258911132812e+01,1.000000000000000000e+01,1.650000000000000000e+01,0.000000000000000000e+00,0.000000000000000000e+00,-1.000000000000000000e+00
4.572864151000976562e+01,0.000000000000000000e+00,1.650000000000000000e+01,0.000000000000000000e+00,0.000000000000000000e+00,-1.000000000000000000e+00
4.597990036010742188e+01,-1.000000000000000000e+01,1.650000000000000000e+01,0.000000000000000000e+00,0.000000000000000000e+00,-1.000000000000000000e+00
4.673366928100585938e+01,0.000000000000000000e+00,1.650000000000000000e+01,0.000000000000000000e+00,0.000000000000000000e+00,-1.000000000000000000e+00
4.698492431640625000e+01,1.000000000000000000e+01,1.650000000000000000e+01,0.000000000000000000e+00,0.000000000000000000e+00,-1.000000000000000000e+00
4.773869323730468750e+01,0.000000000000000000e+00,1.650000000000000000e+01,0.000000000000000000e+00,0.000000000000000000e+00,-1.000000000000000000e+00
4.798994827270507812e+01,-1.000000000000000000e+01,1.650000000000000000e+01,0.000000000000000000e+00,0.000000000000000000e+00,-1.000000000000000000e+00
4.874371719360351562e+01,0.000000000000000000e+00,1.650000000000000000e+01,0.000000000000000000e+00,0.000000000000000000e+00,-1.000000000000000000e+00
4.899497604370117188e+01,1.000000000000000000e+01,1.650000000000000000e+01,0.000000000000000000e+00,0.000000000000000000e+00,-1.000000000000000000e+00
4.974874496459960938e+01,0.000000000000000000e+00,1.650000000000000000e+01,0.000000000000000000e+00,0.000000000000000000e+00,-1.000000000000000000e+00
5.000000000000000000e+01,-1.000000000000000000e+01,1.650000000000000000e+01,0.000000000000000000e+00,0.000000000000000000e+00,-1.000000000000000000e+00
5.075376892089843750e+01,0.000000000000000000e+00,1.650000000000000000e+01,0.000000000000000000e+00,0.000000000000000000e+00,-1.000000000000000000e+00
5.100502395629882812e+01,1.000000000000000000e+01,1.650000000000000000e+01,0.000000000000000000e+00,0.000000000000000000e+00,-1.000000000000000000e+00
5.175879287719726562e+01,0.000000000000000000e+00,1.650000000000000000e+01,0.000000000000000000e+00,0.000000000000000000e+00,-1.000000000000000000e+00
5.201005172729492188e+01,-1.000000000000000000e+01,1.650000000000000000e+01,0.000000000000000000e+00,0.000000000000000000e+00,-1.000000000000000000e+00
5.276382064819335938e+01,0.000000000000000000e+00,1.650000000000000000e+01,0.000000000000000000e+00,0.000000000000000000e+00,-1.000000000000000000e+00
5.301507568359375000e+01,1.000000000000000000e+01,1.650000000000000000e+01,0.000000000000000000e+00,0.000000000000000000e+00,-1.000000000000000000e+00
5.376884460449218750e+01,0.000000000000000000e+00,1.650000000000000000e+01,0.000000000000000000e+00,0.000000000000000000e+00,-1.000000000000000000e+00
5.402009963989257812e+01,-1.000000000000000000e+01,1.650000000000000000e+01,0.000000000000000000e+00,0.000000000000000000e+00,-1.000000000000000000e+00
5.477386856079101562e+01,0.000000000000000000e+00,1.650000000000000000e+01,0.000000000000000000e+00,0.000000000000000000e+00,-1.000000000000000000e+00
5.502512741088867188e+01,1.000000000000000000e+01,1.650000000000000000e+01,0.000000000000000000e+00,0.000000000000000000e+00,-1.000000000000000000e+00
5.577889633178710938e+01,0.000000000000000000e+00,1.650000000000000000e+01,0.000000000000000000e+00,0.000000000000000000e+00,-1.000000000000000000e+00
5.603015136718750000e+01,-1.000000000000000000e+01,1.650000000000000000e+01,0.000000000000000000e+00,0.000000000000000000e+00,-1.000000000000000000e+00
5.678392028808593750e+01,0.000000000000000000e+00,1.650000000000000000e+01,0.000000000000000000e+00,0.000000000000000000e+00,-1.000000000000000000e+00
5.703517532348632812e+01,1.000000000000000000e+01,1.650000000000000000e+01,0.000000000000000000e+00,0.000000000000000000e+00,-1.000000000000000000e+00
5.778894424438476562e+01,0.000000000000000000e+00,1.650000000000000000e+01,0.000000000000000000e+00,0.000000000000000000e+00,-1.000000000000000000e+00
5.804019927978515625e+01,-1.000000000000000000e+01,1.650000000000000000e+01,0.000000000000000000e+00,0.000000000000000000e+00,-1.000000000000000000e+00
5.879396820068359375e+01,0.000000000000000000e+00,1.650000000000000000e+01,0.000000000000000000e+00,0.000000000000000000e+00,-1.000000000000000000e+00
5.904522705078125000e+01,1.000000000000000000e+01,1.650000000000000000e+01,0.000000000000000000e+00,0.000000000000000000e+00,-1.000000000000000000e+00
5.979899597167968750e+01,0.000000000000000000e+00,1.650000000000000000e+01,0.000000000000000000e+00,0.000000000000000000e+00,-1.000000000000000000e+00
6.005025100708007812e+01,-1.000000000000000000e+01,1.650000000000000000e+01,0.000000000000000000e+00,0.000000000000000000e+00,-1.000000000000000000e+00
6.080401992797851562e+01,0.000000000000000000e+00,1.650000000000000000e+01,0.000000000000000000e+00,0.000000000000000000e+00,-1.000000000000000000e+00
6.105527496337890625e+01,1.000000000000000000e+01,1.650000000000000000e+01,0.000000000000000000e+00,0.000000000000000000e+00,-1.000000000000000000e+00
6.180904388427734375e+01,0.000000000000000000e+00,1.650000000000000000e+01,0.000000000000000000e+00,0.000000000000000000e+00,-1.000000000000000000e+00
6.206030273437500000e+01,-1.000000000000000000e+01,1.650000000000000000e+01,0.000000000000000000e+00,0.000000000000000000e+00,-1.000000000000000000e+00
6.281407165527343750e+01,0.000000000000000000e+00,1.650000000000000000e+01,0.000000000000000000e+00,0.000000000000000000e+00,-1.000000000000000000e+00
6.306532669067382812e+01,1.000000000000000000e+01,1.650000000000000000e+01,0.000000000000000000e+00,0.000000000000000000e+00,-1.000000000000000000e+00
6.381909561157226562e+01,0.000000000000000000e+00,1.650000000000000000e+01,0.000000000000000000e+00,0.000000000000000000e+00,-1.000000000000000000e+00
6.407035064697265625e+01,-1.000000000000000000e+01,1.650000000000000000e+01,0.000000000000000000e+00,0.000000000000000000e+00,-1.000000000000000000e+00
6.482411956787109375e+01,0.000000000000000000e+00,1.650000000000000000e+01,0.000000000000000000e+00,0.000000000000000000e+00,-1.000000000000000000e+00
6.507537841796875000e+01,1.000000000000000000e+01,1.650000000000000000e+01,0.000000000000000000e+00,0.000000000000000000e+00,-1.000000000000000000e+00
6.582914733886718750e+01,0.000000000000000000e+00,1.650000000000000000e+01,0.000000000000000000e+00,0.000000000000000000e+00,-1.000000000000000000e+00
6.608039855957031250e+01,-1.000000000000000000e+01,1.650000000000000000e+01,0.000000000000000000e+00,0.000000000000000000e+00,-1.000000000000000000e+00
6.683416748046875000e+01,0.000000000000000000e+00,1.650000000000000000e+01,0.000000000000000000e+00,0.000000000000000000e+00,-1.000000000000000000e+00
6.708542633056640625e+01,1.000000000000000000e+01,1.650000000000000000e+01,0.000000000000000000e+00,0.000000000000000000e+00,-1.000000000000000000e+00
6.783919525146484375e+01,0.000000000000000000e+00,1.650000000000000000e+01,0.000000000000000000e+00,0.000000000000000000e+00,-1.000000000000000000e+00
6.809045410156250000e+01,-1.000000000000000000e+01,1.650000000000000000e+01,0.000000000000000000e+00,0.000000000000000000e+00,-1.000000000000000000e+00
6.884422302246093750e+01,0.000000000000000000e+00,1.650000000000000000e+01,0.000000000000000000e+00,0.000000000000000000e+00,-1.000000000000000000e+00
6.909547424316406250e+01,1.000000000000000000e+01,1.650000000000000000e+01,0.000000000000000000e+00,0.000000000000000000e+00,-1.000000000000000000e+00
6.984924316406250000e+01,0.000000000000000000e+00,1.650000000000000000e+01,0.000000000000000000e+00,0.000000000000000000e+00,-1.000000000000000000e+00
7.010050201416015625e+01,-1.000000000000000000e+01,1.650000000000000000e+01,0.000000000000000000e+00,0.000000000000000000e+00,-1.000000000000000000e+00
7.085427093505859375e+01,0.000000000000000000e+00,1.650000000000000000e+01,0.000000000000000000e+00,0.000000000000000000e+00,-1.000000000000000000e+00
7.110552978515625000e+01,1.000000000000000000e+01,1.650000000000000000e+01,0.000000000000000000e+00,0.000000000000000000e+00,-1.000000000000000000e+00
7.185929870605468750e+01,0.000000000000000000e+00,1.650000000000000000e+01,0.000000000000000000e+00,0.000000000000000000e+00,-1.000000000000000000e+00
7.211054992675781250e+01,-1.000000000000000000e+01,1.650000000000000000e+01,0.000000000000000000e+00,0.000000000000000000e+00,-1.000000000000000000e+00
7.286431884765625000e+01,0.000000000000000000e+00,1.650000000000000000e+01,0.000000000000000000e+00,0.000000000000000000e+00,-1.000000000000000000e+00
7.311557769775390625e+01,1.000000000000000000e+01,1.650000000000000000e+01,0.000000000000000000e+00,0.000000000000000000e+00,-1.000000000000000000e+00
7.386934661865234375e+01,0.000000000000000000e+00,1.650000000000000000e+01,0.000000000000000000e+00,0.000000000000000000e+00,-1.000000000000000000e+00
7.412060546875000000e+01,-1.000000000000000000e+01,1.650000000000000000e+01,0.000000000000000000e+00,0.000000000000000000e+00,-1.000000000000000000e+00
7.487437438964843750e+01,0.000000000000000000e+00,1.650000000000000000e+01,0.000000000000000000e+00,0.000000000000000000e+00,-1.000000000000000000e+00
7.512562561035156250e+01,1.000000000000000000e+01,1.650000000000000000e+01,0.000000000000000000e+00,0.000000000000000000e+00,-1.000000000000000000e+00
7.587939453125000000e+01,0.000000000000000000e+00,1.650000000000000000e+01,0.000000000000000000e+00,0.000000000000000000e+00,-1.000000000000000000e+00
7.613065338134765625e+01,-1.000000000000000000e+01,1.650000000000000000e+01,0.000000000000000000e+00,0.000000000000000000e+00,-1.000000000000000000e+00
7.688442230224609375e+01,0.000000000000000000e+00,1.650000000000000000e+01,0.000000000000000000e+00,0.000000000000000000e+00,-1.000000000000000000e+00
7.713568115234375000e+01,1.000000000000000000e+01,1.650000000000000000e+01,0.000000000000000000e+00,0.000000000000000000e+00,-1.000000000000000000e+00
7.788945007324218750e+01,0.000000000000000000e+00,1.650000000000000000e+01,0.000000000000000000e+00,0.000000000000000000e+00,-1.000000000000000000e+00
7.814070129394531250e+01,-1.000000000000000000e+01,1.650000000000000000e+01,0.000000000000000000e+00,0.000000000000000000e+00,-1.000000000000000000e+00
7.889447021484375000e+01,0.000000000000000000e+00,1.650000000000000000e+01,0.000000000000000000e+00,0.000000000000000000e+00,-1.000000000000000000e+00
7.914572906494140625e+01,1.000000000000000000e+01,1.650000000000000000e+01,0.000000000000000000e+00,0.000000000000000000e+00,-1.000000000000000000e+00
7.989949798583984375e+01,0.000000000000000000e+00,1.650000000000000000e+01,0.000000000000000000e+00,0.000000000000000000e+00,-1.000000000000000000e+00
8.015075683593750000e+01,-1.000000000000000000e+01,1.650000000000000000e+01,0.000000000000000000e+00,0.000000000000000000e+00,-1.000000000000000000e+00
8.090452575683593750e+01,0.000000000000000000e+00,1.650000000000000000e+01,0.000000000000000000e+00,0.000000000000000000e+00,-1.000000000000000000e+00
8.115577697753906250e+01,1.000000000000000000e+01,1.650000000000000000e+01,0.000000000000000000e+00,0.000000000000000000e+00,-1.000000000000000000e+00
8.190954589843750000e+01,0.000000000000000000e+00,1.650000000000000000e+01,0.000000000000000000e+00,0.000000000000000000e+00,-1.000000000000000000e+00
8.216080474853515625e+01,-1.000000000000000000e+01,1.650000000000000000e+01,0.000000000000000000e+00,0.000000000000000000e+00,-1.000000000000000000e+00
8.291457366943359375e+01,0.000000000000000000e+00,1.650000000000000000e+01,0.000000000000000000e+00,0.000000000000000000e+00,-1.000000000000000000e+00
8.316583251953125000e+01,1.000000000000000000e+01,1.650000000000000000e+01,0.000000000000000000e+00,0.000000000000000000e+00,-1.000000000000000000e+00
8.391960144042968750e+01,0.000000000000000000e+00,1.650000000000000000e+01,0.000000000000000000e+00,0.000000000000000000e+00,-1.000000000000000000e+00
8.417085266113281250e+01,-1.000000000000000000e+01,1.650000000000000000e+01,0.000000000000000000e+00,0.000000000000000000e+00,-1.000000000000000000e+00
8.492462158203125000e+01,0.000000000000000000e+00,1.650000000000000000e+01,0.000000000000000000e+00,0.000000000000000000e+00,-1.000000000000000000e+00
8.517588043212890625e+01,1.000000000000000000e+01,1.650000000000000000e+01,0.000000000000000000e+00,0.000000000000000000e+00,-1.000000000000000000e+00
8.592964935302734375e+01,0.000000000000000000e+00,1.650000000000000000e+01,0.000000000000000000e+00,0.000000000000000000e+00,-1.000000000000000000e+00
8.618090820312500000e+01,-1.000000000000000000e+01,1.650000000000000000e+01,0.000000000000000000e+00,0.000000000000000000e+00,-1.000000000000000000e+00
8.693467712402343750e+01,0.000000000000000000e+00,1.650000000000000000e+01,0.000000000000000000e+00,0.000000000000000000e+00,-1.000000000000000000e+00
8.718592834472656250e+01,1.000000000000000000e+01,1.650000000000000000e+01,0.000000000000000000e+00,0.000000000000000000e+00,-1.000000000000000000e+00
8.793969726562500000e+01,0.000000000000000000e+00,1.650000000000000000e+01,0.000000000000000000e+00,0.000000000000000000e+00,-1.000000000000000000e+00
8.819095611572265625e+01,-1.000000000000000000e+01,1.650000000000000000e+01,0.000000000000000000e+00,0.000000000000000000e+00,-1.000000000000000000e+00
8.894472503662109375e+01,0.000000000000000000e+00,1.650000000000000000e+01,0.000000000000000000e+00,0.000000000000000000e+00,-1.000000000000000000e+00
8.919597625732421875e+01,1.000000000000000000e+01,1.650000000000000000e+01,0.000000000000000000e+00,0.000000000000000000e+00,-1.000000000000000000e+00
8.994974517822265625e+01,0.000000000000000000e+00,1.650000000000000000e+01,0.000000000000000000e+00,0.000000000000000000e+00,-1.000000000000000000e+00
9.020100402832031250e+01,-1.000000000000000000e+01,1.650000000000000000e+01,0.000000000000000000e+00,0.000000000000000000e+00,-1.000000000000000000e+00
9.095477294921875000e+01,0.000000000000000000e+00,1.650000000000000000e+01,0.000000000000000000e+00,0.000000000000000000e+00,-1.000000000000000000e+00
9.120603179931640625e+01,1.000000000000000000e+01,1.650000000000000000e+01,0.000000000000000000e+00,0.000000000000000000e+00,-1.000000000000000000e+00
9.195980072021484375e+01,0.000000000000000000e+00,1.650000000000000000e+01,0.000000000000000000e+00,0.000000000000000000e+00,-1.000000000000000000e+00
9.221105194091796875e+01,-1.000000000000000000e+01,1.650000000000000000e+01,0.000000000000000000e+00,0.000000000000000000e+00,-1.000000000000000000e+00
9.296482086181640625e+01,0.000000000000000000e+00,1.650000000000000000e+01,0.000000000000000000e+00,0.000000000000000000e+00,-1.000000000000000000e+00
9.321607971191406250e+01,1.000000000000000000e+01,1.650000000000000000e+01,0.000000000000000000e+00,0.000000000000000000e+00,-1.000000000000000000e+00
9.396984863281250000e+01,0.000000000000000000e+00,1.650000000000000000e+01,0.000000000000000000e+00,0.000000000000000000e+00,-1.000000000000000000e+00
9.422110748291015625e+01,-1.000000000000000000e+01,1.650000000000000000e+01,0.000000000000000000e+00,0.000000000000000000e+00,-1.000000000000000000e+00
9.497487640380859375e+01,0.000000000000000000e+00,1.650000000000000000e+01,0.000000000000000000e+00,0.000000000000000000e+00,-1.000000000000000000e+00
9.522612762451171875e+01,1.000000000000000000e+01,1.650000000000000000e+01,0.000000000000000000e+00,0.000000000000000000e+00,-1.000000000000000000e+00
9.597989654541015625e+01,0.000000000000000000e+00,1.650000000000000000e+01,0.000000000000000000e+00,0.000000000000000000e+00,-1.000000000000000000e+00
9.623115539550781250e+01,-1.000000000000000000e+01,1.650000000000000000e+01,0.000000000000000000e+00,0.000000000000000000e+00,-1.000000000000000000e+00
9.698492431640625000e+01,0.000000000000000000e+00,1.650000000000000000e+01,0.000000000000000000e+00,0.000000000000000000e+00,-1.000000000000000000e+00
9.723618316650390625e+01,1.000000000000000000e+01,1.650000000000000000e+01,0.000000000000000000e+00,0.000000000000000000e+00,-1.000000000000000000e+00
9.798995208740234375e+01,0.000000000000000000e+00,1.650000000000000000e+01,0.000000000000000000e+00,0.000000000000000000e+00,-1.000000000000000000e+00
9.824120330810546875e+01,-1.000000000000000000e+01,1.650000000000000000e+01,0.000000000000000000e+00,0.000000000000000000e+00,-1.000000000000000000e+00
9.899497222900390625e+01,0.000000000000000000e+00,1.650000000000000000e+01,0.000000000000000000e+00,0.000000000000000000e+00,-1.000000000000000000e+00
9.924623107910156250e+01,1.000000000000000000e+01,1.650000000000000000e+01,0.000000000000000000e+00,0.000000000000000000e+00,-1.000000000000000000e+00
1.000000000000000000e+02,0.000000000000000000e+00,1.650000000000000000e+01,0.000000000000000000e+00,0.000000000000000000e+00,-1.000000000000000000e+00
